"OPEN 6.3.3"
"Fri Jul 20 2018 09:58:36"
<open><version>"6.3.3"</version></open>
<open><configfile>"/User/Configs/UserPrefs/2x3 LED.xml"</configfile></open>
<open><light><source>"6400-02 or -02B LED Source"</source><par_in>1<sensor>"SI-4027"<cal>-1.00<actinity>1.00</actinity><transm>1.00</transm></cal></sensor><transm>1</transm></par_in><par_out>1<sensor>"Q51318"<cal>6.49</cal></sensor></par_out></light></open>
<open><comps><file>"/User/Configs/Comps/StdComps_6.3"<header>""</header><extras></extras></file><energybal>no<f_parIn>1</f_parIn><f_parOut>0</f_parOut><alphaK>0.16</alphaK></energybal><bc_total>2.840<stomatal_ratio>1</stomatal_ratio><bc_oneside>1.420<type>2</type><table>"/Sys/Lib/StdBLCTable"</table><area>6</area><slope>-0.219565</slope><offset>2.73739</offset><fan>5</fan></bc_oneside></bc_total></comps></open>
<open><prompts><onlog>off</onlog><items>"Default (none)"</items></prompts></open>
<open><constants><oxygen>21 %</oxygen><bb_vapor>1.5</bb_vapor><bb_oxy>0.9</bb_oxy></constants></open>
<open><stability><items>"Std Stability"<items[1]><id>-2</id><size>15</size><pcv><onoff>0</onoff><value>1</value></pcv><std><onoff>0</onoff><value>1</value></std><slp><onoff>1</onoff><value>1</value></slp></items[1]><items[2]><id>-5</id><size>15</size><pcv><onoff>0</onoff><value>1</value></pcv><std><onoff>0</onoff><value>1</value></std><slp><onoff>1</onoff><value>1</value></slp></items[2]><items[3]><id>-7</id><size>15</size><pcv><onoff>0</onoff><value>1</value></pcv><std><onoff>0</onoff><value>1</value></std><slp><onoff>1</onoff><value>1</value></slp></items[3]></items></stability></open>
<open><log><format>"StdLogFmt_6.3"<items>{ -35 -21 -36 -76 30 23 36 21 25 221 -33 111 -34 11 -9 -10 -8 -1 -2 -4 -5 -14 -15 -7 -12 -13 -11 -65 -66 -117 -119 -116 -118 -72 -18 -19 -77 -78 -79 -23  }<hdr>{  }</hdr></items></format><options><beep>on</beep><match>"never"<time>30</time><co2>100</co2><delta>10</delta></match><hdr>normal</hdr><rem>normal</rem><stab>no</stab><stats>no<mean>no</mean><file>no</file><period>15</period></stats><excel>yes</excel><controls>yes</controls><comm>no</comm></options><datafile>"/User/0000-DWL3798-200718"</datafile><button><action>"Normal Log"<code>" LogOneObsManual "</code></action></button><autoprog>"/User/Configs/AutoProgs/AutoLog2"<active>no</active></autoprog></log></open>
<open><a2d><avgtime>4.0 secs</avgtime><userchans><ch20>"Off"</ch20><ch21>"Off"</ch21><ch22>"Off"</ch22><ch23>"Off"</ch23></userchans></a2d></open>
<open><matching><type>0</type><disp>'a'</disp><settings>><CO2Limit>10.0</CO2Limit><H2OLimit>1.0</H2OLimit><MaxAutoTime>60</MaxAutoTime><AverageTime>10</AverageTime></settings></matching></open>
<li6400><factory><unit>"PSC-4123"</unit><serviced>"19.01.2017"</serviced><fuseaware>0</fuseaware><co2mixer>yes</co2mixer><co2><coeffs>{ 0 0.219912 1.60869e-05 2.42627e-08 -3.602e-12 2.3711e-16  }</coeffs><dvdt>-4.1</dvdt><xs>{ -0.00117 -1.14e-05  }</xs></co2><h2o><coeffs>{ 0 0.00612804 1.69186e-06 1.49192e-10  }</coeffs><dvdt>-2.5</dvdt><xs>{ -0.000351 -0.00239  }</xs></h2o><flow>{ 0 0.3738  }</flow><press>{ 87.734 0.00547  }</press></factory></li6400>
<li6400><user><flow_zero>-703.8</flow_zero><irga_zero><co2>-79.5 -79.5<at>32.3675</at></co2><h2o>37.6 -1.4<at>33.9874</at></h2o></irga_zero><irga_span><co2>{ 0.985904 0.986618  }</co2><h2o>{ 1.00683 0.993449  }</h2o></irga_span><irga_match><co2>{ -1.70314 0.324533  }</co2><h2o>{ -0.0708174 -0.188949  }</h2o></irga_match><co2_mixer><pump_mv>4500</pump_mv><ppm>{ 2330.31 1136.88 449.46 273.386 125.406 73.118 48.0557 40.3927  }</ppm><mv>{ 5000 3000 1500 1000 500 300 200 100  }</mv></co2_mixer><parin_offset>0</parin_offset><led_cal><unit>"SI-4027"</unit><mv>{ 10 25 50 100 1000 2000 3000 4000 5000  }</mv><qntm>{ 3.39689 11.1502 23.8626 52.4799 561.717 1093.55 1598.71 2081.76 2538.89  }</qntm></led_cal><lcf_cal><unit>"unknown"</unit><red><mv>{ 50 100 500 1000 1500 5000  }</mv><qntm>{ 50 100 500 1000 2000 5000  }</qntm></red><blue><mv>{ 100 200 500 1000 2000 5000  }</mv><qntm>{ 10 20 50 100 200 500  }</qntm></blue></lcf_cal></user></li6400>
"09:58:43 "
$STARTOFDATA$
"Obs"	"HHMMSS"	"FTime"	"EBal?"	"Photo"	"Cond"	"Ci"	"Trmmol"	"VpdL"	"CTleaf"	"Area"	"BLC_1"	"StmRat"	"BLCond"	"Tair"	"Tleaf"	"TBlk"	"CO2R"	"CO2S"	"H2OR"	"H2OS"	"RH_R"	"RH_S"	"Flow"	"PARi"	"PARo"	"Press"	"CsMch"	"HsMch"	"CsMchSD"	"HsMchSD"	"CrMchSD"	"HrMchSD"	"StableF"	"BLCslope"	"BLCoffst"	"f_parin"	"f_parout"	"alphaK"	"Status"
"09:58:57 CO2 Mixer: CO2R -> 400 uml"
"09:59:41 Coolers: Tblock -> 15.50 C"
"10:04:23 Flow: Fixed -> 500 umol/s"
"10:07:26 Flow: Fixed -> 500 umol/s"
"10:07:42 Coolers: Tblock -> 0.00 C"
"10:33:42 Coolers: Tblock -> 0.22 C"
"10:34:18 Flow: Fixed -> 500 umol/s"
1	"10:34:25"	2281.5	0	12.1	0.171	261	1.52	0.933	9.65	6	1.42	1	2.84	2.88	9.65	0.32	400.11	384.92	0.893	2.712	11.81	35.87	500.7	1701	1	99.84	1.94	-0.131	0.0336	0.00123	0.0194	0.00127	1.0	-0.22	2.74	1.00	0.00	0.16	111115
2	"10:34:26"	2282.5	0	12.1	0.171	261	1.52	0.934	9.66	6	1.42	1	2.84	2.88	9.66	0.32	400.15	384.95	0.891	2.713	11.78	35.88	500.7	1701	1	99.84	1.94	-0.131	0.0336	0.00123	0.0194	0.00127	1.0	-0.22	2.74	1.00	0.00	0.16	111115
3	"10:34:27"	2283.0	0	12.1	0.172	261	1.53	0.933	9.65	6	1.42	1	2.84	2.88	9.65	0.32	400.17	384.91	0.890	2.713	11.77	35.88	500.7	1701	1	99.84	1.94	-0.131	0.0336	0.00123	0.0194	0.00127	1.0	-0.22	2.74	1.00	0.00	0.16	111115
4	"10:34:28"	2283.5	0	12.1	0.172	262	1.53	0.932	9.64	6	1.42	1	2.84	2.89	9.64	0.32	400.16	384.95	0.889	2.714	11.76	35.89	500.7	1701	1	99.84	1.94	-0.131	0.0336	0.00123	0.0194	0.00127	1.0	-0.22	2.74	1.00	0.00	0.16	111115
5	"10:34:28"	2284.0	0	12.1	0.172	262	1.53	0.931	9.63	6	1.42	1	2.84	2.89	9.63	0.32	400.12	384.94	0.888	2.714	11.75	35.90	500.7	1701	1	99.84	1.94	-0.131	0.0336	0.00123	0.0194	0.00127	1.0	-0.22	2.74	1.00	0.00	0.16	111115
6	"10:34:29"	2285.0	0	12.1	0.173	262	1.53	0.931	9.63	6	1.42	1	2.84	2.89	9.63	0.32	400.13	384.93	0.887	2.715	11.74	35.90	500.8	1701	1	99.84	1.94	-0.131	0.0336	0.00123	0.0194	0.00127	1.0	-0.22	2.74	1.00	0.00	0.16	111115
7	"10:34:29"	2285.5	0	12.1	0.173	263	1.53	0.931	9.63	6	1.42	1	2.84	2.89	9.63	0.32	400.13	384.98	0.887	2.714	11.73	35.90	500.8	1701	1	99.84	1.94	-0.131	0.0336	0.00123	0.0194	0.00127	1.0	-0.22	2.74	1.00	0.00	0.16	111115
8	"10:34:30"	2286.0	0	12.1	0.173	262	1.53	0.93	9.62	6	1.42	1	2.84	2.89	9.62	0.32	400.15	384.92	0.887	2.715	11.74	35.90	500.8	1701	1	99.84	1.94	-0.131	0.0336	0.00123	0.0194	0.00127	1.0	-0.22	2.74	1.00	0.00	0.16	111115
9	"10:34:31"	2286.5	0	12.1	0.173	262	1.53	0.931	9.62	6	1.42	1	2.84	2.89	9.62	0.32	400.12	384.94	0.887	2.714	11.73	35.89	500.8	1701	1	99.84	1.94	-0.131	0.0336	0.00123	0.0194	0.00127	1.0	-0.22	2.74	1.00	0.00	0.16	111115
10	"10:34:31"	2287.5	0	12.1	0.173	262	1.53	0.932	9.64	6	1.42	1	2.84	2.89	9.64	0.33	400.13	384.94	0.886	2.715	11.72	35.90	500.8	1701	1	99.84	1.94	-0.131	0.0336	0.00123	0.0194	0.00127	1.0	-0.22	2.74	1.00	0.00	0.16	111115
11	"10:34:32"	2288.0	0	12.1	0.173	262	1.53	0.932	9.64	6	1.42	1	2.84	2.89	9.64	0.33	400.14	384.97	0.886	2.714	11.72	35.89	500.8	1701	1	99.84	1.94	-0.131	0.0336	0.00123	0.0194	0.00127	1.0	-0.22	2.74	1.00	0.00	0.16	111115
12	"10:34:32"	2288.5	0	12.1	0.172	262	1.53	0.933	9.65	6	1.42	1	2.84	2.89	9.65	0.33	400.18	384.98	0.886	2.714	11.72	35.89	500.8	1701	1	99.84	1.94	-0.131	0.0336	0.00123	0.0194	0.00127	1.0	-0.22	2.74	1.00	0.00	0.16	111115
13	"10:34:33"	2289.0	0	12.1	0.172	262	1.53	0.934	9.67	6	1.42	1	2.84	2.89	9.67	0.33	400.21	384.97	0.886	2.714	11.72	35.89	500.8	1701	1	99.84	1.94	-0.131	0.0336	0.00123	0.0194	0.00127	1.0	-0.22	2.74	1.00	0.00	0.16	111115
14	"10:34:34"	2290.0	0	12.2	0.172	261	1.53	0.935	9.68	6	1.42	1	2.84	2.89	9.68	0.33	400.29	385.01	0.885	2.715	11.71	35.89	500.8	1701	1	99.84	1.94	-0.131	0.0336	0.00123	0.0194	0.00127	1.0	-0.22	2.74	1.00	0.00	0.16	111115
15	"10:34:35"	2290.5	0	12.2	0.172	261	1.53	0.934	9.67	6	1.42	1	2.84	2.89	9.67	0.33	400.36	385.01	0.885	2.715	11.70	35.89	500.7	1701	1	99.84	1.94	-0.131	0.0336	0.00123	0.0194	0.00127	1.0	-0.22	2.74	1.00	0.00	0.16	111115
"10:40:07 Coolers: Tblock -> 5.00 C"
"10:42:12 Flow: Fixed -> 500 umol/s"
16	"10:42:25"	2761.0	0	12.7	0.173	256	1.77	1.07	11.60	6	1.42	1	2.84	6.46	11.60	5.08	400.24	384.25	0.880	2.992	9.06	30.82	500.7	1700	1	99.84	1.59	-0.138	0.0294	0.00284	0.0256	0.00247	1.0	-0.22	2.74	1.00	0.00	0.16	111115
17	"10:42:26"	2762.0	0	12.6	0.173	256	1.77	1.07	11.61	6	1.42	1	2.84	6.47	11.61	5.08	400.19	384.23	0.879	2.994	9.05	30.83	500.7	1700	1	99.84	1.59	-0.138	0.0294	0.00284	0.0256	0.00247	1.0	-0.22	2.74	1.00	0.00	0.16	111115
18	"10:42:27"	2763.0	0	12.5	0.173	257	1.77	1.07	11.61	6	1.42	1	2.84	6.47	11.61	5.08	400.06	384.28	0.879	2.995	9.05	30.83	500.7	1700	1	99.84	1.59	-0.138	0.0294	0.00284	0.0256	0.00247	1.0	-0.22	2.74	1.00	0.00	0.16	111115
19	"10:42:28"	2764.0	0	12.3	0.173	259	1.77	1.07	11.61	6	1.42	1	2.84	6.47	11.61	5.08	399.91	384.32	0.879	2.995	9.05	30.83	500.7	1700	1	99.84	1.59	-0.138	0.0294	0.00284	0.0256	0.00247	1.0	-0.22	2.74	1.00	0.00	0.16	111115
20	"10:42:29"	2765.0	0	12.2	0.173	260	1.77	1.07	11.63	6	1.42	1	2.84	6.48	11.63	5.08	399.68	384.27	0.879	2.996	9.05	30.83	500.7	1700	1	99.84	1.59	-0.138	0.0294	0.00284	0.0256	0.00247	1.0	-0.22	2.74	1.00	0.00	0.16	111115
21	"10:42:30"	2766.0	0	12.1	0.173	261	1.77	1.07	11.63	6	1.42	1	2.84	6.48	11.63	5.09	399.50	384.23	0.879	2.995	9.04	30.82	500.8	1700	1	99.84	1.59	-0.138	0.0294	0.00284	0.0256	0.00247	1.0	-0.22	2.74	1.00	0.00	0.16	111115
22	"10:42:31"	2767.0	0	12.1	0.173	261	1.77	1.07	11.62	6	1.42	1	2.84	6.48	11.62	5.09	399.42	384.08	0.879	2.995	9.04	30.82	500.7	1700	1	99.84	1.59	-0.138	0.0294	0.00284	0.0256	0.00247	1.0	-0.22	2.74	1.00	0.00	0.16	111115
23	"10:42:32"	2767.5	0	12.1	0.173	261	1.77	1.07	11.63	6	1.42	1	2.84	6.48	11.63	5.09	399.38	384.05	0.878	2.995	9.03	30.81	500.8	1700	1	99.84	1.59	-0.138	0.0294	0.00284	0.0256	0.00247	1.0	-0.22	2.74	1.00	0.00	0.16	111115
24	"10:42:33"	2768.5	0	12.2	0.174	260	1.78	1.07	11.63	6	1.42	1	2.84	6.48	11.63	5.09	399.40	383.93	0.877	2.998	9.02	30.83	500.8	1700	1	99.84	1.59	-0.138	0.0294	0.00284	0.0256	0.00247	0.7	-0.22	2.74	1.00	0.00	0.16	111115
25	"10:42:34"	2769.5	0	12.3	0.174	259	1.78	1.07	11.63	6	1.42	1	2.84	6.49	11.63	5.09	399.41	383.83	0.876	2.999	9.01	30.84	500.7	1700	1	99.84	1.59	-0.138	0.0294	0.00284	0.0256	0.00247	0.7	-0.22	2.74	1.00	0.00	0.16	111115
26	"10:42:35"	2770.5	0	12.4	0.174	258	1.78	1.07	11.63	6	1.42	1	2.84	6.49	11.63	5.09	399.43	383.72	0.877	3.001	9.02	30.85	500.8	1700	1	99.84	1.59	-0.138	0.0294	0.00284	0.0256	0.00247	0.7	-0.22	2.74	1.00	0.00	0.16	111115
27	"10:42:35"	2771.5	0	12.5	0.174	257	1.78	1.08	11.65	6	1.42	1	2.84	6.49	11.65	5.09	399.45	383.65	0.878	3.001	9.02	30.86	500.8	1700	1	99.84	1.59	-0.138	0.0294	0.00284	0.0256	0.00247	0.7	-0.22	2.74	1.00	0.00	0.16	111115
28	"10:42:36"	2772.5	0	12.5	0.174	257	1.78	1.08	11.65	6	1.42	1	2.84	6.49	11.65	5.08	399.43	383.61	0.878	3.002	9.02	30.85	500.7	1700	1	99.84	1.59	-0.138	0.0294	0.00284	0.0256	0.00247	0.7	-0.22	2.74	1.00	0.00	0.16	111115
29	"10:42:37"	2773.0	0	12.5	0.174	257	1.78	1.08	11.64	6	1.42	1	2.84	6.49	11.64	5.08	399.41	383.60	0.877	3.002	9.02	30.85	500.7	1700	1	99.84	1.59	-0.138	0.0294	0.00284	0.0256	0.00247	0.7	-0.22	2.74	1.00	0.00	0.16	111115
30	"10:42:38"	2774.0	0	12.5	0.174	257	1.78	1.08	11.65	6	1.42	1	2.84	6.50	11.65	5.08	399.38	383.64	0.877	3.003	9.01	30.86	500.7	1700	1	99.84	1.59	-0.138	0.0294	0.00284	0.0256	0.00247	0.7	-0.22	2.74	1.00	0.00	0.16	111115
"10:43:28 Coolers: Tblock -> 10.00 C"
"10:45:46 Flow: Fixed -> 500 umol/s"
31	"10:45:48"	2963.5	0	11.1	0.141	247	1.56	1.15	13.90	6	1.42	1	2.84	10.44	13.90	10.13	398.22	384.20	2.606	4.469	20.50	35.16	500.8	1698	1	99.84	1.31	-0.158	0.0465	0.00455	0.0222	0.0037	0.7	-0.22	2.74	1.00	0.00	0.16	111115
32	"10:45:48"	2963.5	0	11.1	0.141	247	1.56	1.15	13.90	6	1.42	1	2.84	10.44	13.90	10.13	398.22	384.20	2.606	4.469	20.50	35.16	500.8	1698	1	99.84	1.31	-0.158	0.0465	0.00455	0.0222	0.0037	0.7	-0.22	2.74	1.00	0.00	0.16	111115
33	"10:45:49"	2964.0	0	11.5	0.148	248	1.63	1.15	13.90	6	1.42	1	2.84	10.44	13.90	10.13	398.81	384.22	2.516	4.466	19.79	35.12	500.8	1698	1	99.84	1.31	-0.158	0.0465	0.00455	0.0222	0.0037	0.7	-0.22	2.74	1.00	0.00	0.16	111115
34	"10:45:49"	2964.0	0	11.5	0.148	248	1.63	1.15	13.90	6	1.42	1	2.84	10.44	13.90	10.13	398.81	384.22	2.516	4.466	19.79	35.12	500.8	1698	1	99.84	1.31	-0.158	0.0465	0.00455	0.0222	0.0037	0.7	-0.22	2.74	1.00	0.00	0.16	111115
35	"10:45:49"	2964.5	0	11.9	0.152	248	1.68	1.15	13.90	6	1.42	1	2.84	10.44	13.90	10.12	399.23	384.21	2.460	4.465	19.35	35.12	500.8	1698	1	99.84	1.31	-0.158	0.0465	0.00455	0.0222	0.0037	0.7	-0.22	2.74	1.00	0.00	0.16	111115
36	"10:45:50"	2965.0	0	12.1	0.155	248	1.71	1.15	13.91	6	1.42	1	2.84	10.44	13.91	10.12	399.50	384.17	2.422	4.465	19.04	35.11	500.8	1698	1	99.84	1.31	-0.158	0.0465	0.00455	0.0222	0.0037	0.7	-0.22	2.74	1.00	0.00	0.16	111115
37	"10:45:50"	2965.5	0	12.3	0.158	248	1.74	1.15	13.91	6	1.42	1	2.84	10.44	13.91	10.12	399.66	384.16	2.395	4.465	18.83	35.11	500.7	1698	1	99.84	1.31	-0.158	0.0465	0.00455	0.0222	0.0037	0.7	-0.22	2.74	1.00	0.00	0.16	111115
38	"10:45:51"	2966.0	0	12.4	0.159	248	1.75	1.15	13.92	6	1.42	1	2.84	10.45	13.92	10.12	399.79	384.13	2.374	4.465	18.66	35.10	500.7	1698	1	99.84	1.31	-0.158	0.0465	0.00455	0.0222	0.0037	1.0	-0.22	2.74	1.00	0.00	0.16	111115
39	"10:45:51"	2966.5	0	13	0.168	249	1.85	1.15	13.92	6	1.42	1	2.84	10.45	13.92	10.12	400.54	384.14	2.261	4.464	17.78	35.10	500.7	1699	1	99.84	1.31	-0.158	0.0465	0.00455	0.0222	0.0037	1.0	-0.22	2.74	1.00	0.00	0.16	111115
40	"10:45:52"	2967.0	0	13.1	0.17	249	1.87	1.15	13.93	6	1.42	1	2.84	10.45	13.93	10.12	400.66	384.12	2.238	4.464	17.59	35.09	500.7	1699	1	99.84	1.31	-0.158	0.0465	0.00455	0.0222	0.0037	1.0	-0.22	2.74	1.00	0.00	0.16	111115
41	"10:45:53"	2967.5	0	13.1	0.17	248	1.87	1.15	13.94	6	1.42	1	2.84	10.45	13.94	10.12	400.68	384.08	2.231	4.464	17.54	35.08	500.7	1699	1	99.84	1.31	-0.158	0.0465	0.00455	0.0222	0.0037	1.0	-0.22	2.74	1.00	0.00	0.16	111115
42	"10:45:53"	2968.0	0	13.1	0.17	249	1.88	1.15	13.94	6	1.42	1	2.84	10.45	13.94	10.12	400.68	384.09	2.228	4.465	17.51	35.09	500.7	1699	1	99.84	1.31	-0.158	0.0465	0.00455	0.0222	0.0037	1.0	-0.22	2.74	1.00	0.00	0.16	111115
43	"10:45:54"	2968.5	0	13.1	0.171	249	1.88	1.15	13.94	6	1.42	1	2.84	10.45	13.94	10.12	400.66	384.08	2.227	4.466	17.50	35.10	500.7	1699	1	99.84	1.31	-0.158	0.0465	0.00455	0.0222	0.0037	1.0	-0.22	2.74	1.00	0.00	0.16	111115
44	"10:45:54"	2969.0	0	13.1	0.171	250	1.88	1.15	13.94	6	1.42	1	2.84	10.46	13.94	10.12	400.62	384.11	2.225	4.467	17.48	35.10	500.7	1700	1	99.84	1.31	-0.158	0.0465	0.00455	0.0222	0.0037	1.0	-0.22	2.74	1.00	0.00	0.16	111115
45	"10:45:55"	2971.0	0	13.1	0.172	250	1.89	1.15	13.92	6	1.42	1	2.84	10.47	13.92	10.11	400.70	384.16	2.222	4.470	17.45	35.10	500.8	1699	2	99.84	1.31	-0.158	0.0465	0.00455	0.0222	0.0037	1.0	-0.22	2.74	1.00	0.00	0.16	111115
"10:46:24 Coolers: Tblock -> 15.00 C"
"10:49:26 Flow: Fixed -> 500 umol/s"
46	"10:49:34"	3189.5	0	13.4	0.171	244	2.13	1.31	16.53	6	1.42	1	2.84	14.65	16.53	15.12	400.03	383.01	3.285	5.824	19.61	34.76	500.7	1699	1	99.84	1.21	-0.178	0.048	0.00481	0.0342	0.00594	1.0	-0.22	2.74	1.00	0.00	0.16	111115
47	"10:49:34"	3190.5	0	13.4	0.171	245	2.13	1.31	16.55	6	1.42	1	2.84	14.65	16.55	15.12	400.02	383.04	3.284	5.826	19.59	34.76	500.8	1699	1	99.84	1.21	-0.178	0.048	0.00481	0.0342	0.00594	1.0	-0.22	2.74	1.00	0.00	0.16	111115
48	"10:49:35"	3191.5	0	13.4	0.171	245	2.14	1.31	16.56	6	1.42	1	2.84	14.66	16.56	15.12	400.02	383.02	3.283	5.828	19.58	34.76	500.8	1699	1	99.84	1.21	-0.178	0.048	0.00481	0.0342	0.00594	1.0	-0.22	2.74	1.00	0.00	0.16	111115
49	"10:49:37"	3192.5	0	13.5	0.171	244	2.14	1.31	16.56	6	1.42	1	2.84	14.66	16.56	15.12	400.06	382.96	3.283	5.829	19.58	34.76	500.8	1699	1	99.84	1.21	-0.178	0.048	0.00481	0.0342	0.00594	1.0	-0.22	2.74	1.00	0.00	0.16	111115
50	"10:49:37"	3193.5	0	13.4	0.171	244	2.14	1.31	16.55	6	1.42	1	2.84	14.66	16.55	15.12	400.02	382.96	3.283	5.831	19.58	34.77	500.8	1699	1	99.84	1.21	-0.178	0.048	0.00481	0.0342	0.00594	1.0	-0.22	2.74	1.00	0.00	0.16	111115
51	"10:49:38"	3194.5	0	13.5	0.172	244	2.14	1.3	16.53	6	1.42	1	2.84	14.66	16.53	15.12	400.05	382.92	3.283	5.833	19.57	34.77	500.7	1699	1	99.84	1.21	-0.178	0.048	0.00481	0.0342	0.00594	1.0	-0.22	2.74	1.00	0.00	0.16	111115
52	"10:49:40"	3195.5	0	13.5	0.172	244	2.14	1.3	16.53	6	1.42	1	2.84	14.67	16.53	15.12	400.08	382.94	3.282	5.833	19.56	34.77	500.7	1699	1	99.84	1.21	-0.178	0.048	0.00481	0.0342	0.00594	1.0	-0.22	2.74	1.00	0.00	0.16	111115
53	"10:49:41"	3197.0	0	13.5	0.171	244	2.14	1.31	16.55	6	1.42	1	2.84	14.67	16.55	15.12	400.11	382.93	3.281	5.835	19.55	34.77	500.7	1699	1	99.84	1.21	-0.178	0.048	0.00481	0.0342	0.00594	1.0	-0.22	2.74	1.00	0.00	0.16	111115
54	"10:49:42"	3198.0	0	13.6	0.172	243	2.15	1.31	16.55	6	1.42	1	2.84	14.68	16.55	15.12	400.18	382.92	3.279	5.836	19.54	34.77	500.7	1699	1	99.84	1.21	-0.178	0.048	0.00481	0.0342	0.00594	1.0	-0.22	2.74	1.00	0.00	0.16	111115
55	"10:49:43"	3199.0	0	13.6	0.171	243	2.15	1.31	16.57	6	1.42	1	2.84	14.68	16.57	15.12	400.24	383.00	3.280	5.837	19.53	34.77	500.8	1699	1	99.84	1.21	-0.178	0.048	0.00481	0.0342	0.00594	1.0	-0.22	2.74	1.00	0.00	0.16	111115
56	"10:49:46"	3202.0	0	13.5	0.172	244	2.15	1.31	16.58	6	1.42	1	2.84	14.69	16.58	15.12	400.30	383.09	3.279	5.844	19.52	34.79	500.7	1699	1	99.84	1.21	-0.178	0.048	0.00481	0.0342	0.00594	1.0	-0.22	2.74	1.00	0.00	0.16	111115
57	"10:49:47"	3203.0	0	13.6	0.172	243	2.15	1.31	16.59	6	1.42	1	2.84	14.69	16.59	15.12	400.33	383.06	3.278	5.845	19.51	34.79	500.7	1699	1	99.84	1.21	-0.178	0.048	0.00481	0.0342	0.00594	1.0	-0.22	2.74	1.00	0.00	0.16	111115
58	"10:49:48"	3204.0	0	13.5	0.172	244	2.15	1.31	16.60	6	1.42	1	2.84	14.69	16.60	15.12	400.31	383.13	3.278	5.845	19.51	34.78	500.7	1699	1	99.84	1.21	-0.178	0.048	0.00481	0.0342	0.00594	1.0	-0.22	2.74	1.00	0.00	0.16	111115
59	"10:49:49"	3205.0	0	13.5	0.172	244	2.15	1.31	16.61	6	1.42	1	2.84	14.70	16.61	15.13	400.37	383.18	3.279	5.846	19.51	34.78	500.7	1699	1	99.85	1.21	-0.178	0.048	0.00481	0.0342	0.00594	1.0	-0.22	2.74	1.00	0.00	0.16	111115
60	"10:49:50"	3206.0	0	13.5	0.171	243	2.15	1.32	16.63	6	1.42	1	2.84	14.70	16.63	15.13	400.43	383.21	3.280	5.846	19.51	34.77	500.8	1699	1	99.84	1.21	-0.178	0.048	0.00481	0.0342	0.00594	0.7	-0.22	2.74	1.00	0.00	0.16	111115
"10:50:37 Coolers: Tblock -> 20.00 C"
"10:54:23 Flow: Fixed -> 500 umol/s"
61	"10:54:30"	3485.0	0	13.5	0.165	238	2.41	1.51	19.50	6	1.42	1	2.84	19.07	19.50	20.10	400.06	382.77	4.749	7.613	21.41	34.33	500.7	1699	1	99.84	1.07	-0.205	0.0153	0.00248	0.0232	0.0037	1.0	-0.22	2.74	1.00	0.00	0.16	111115
62	"10:54:31"	3486.5	0	13.4	0.166	239	2.41	1.51	19.50	6	1.42	1	2.84	19.07	19.50	20.10	399.96	382.79	4.744	7.615	21.39	34.33	500.7	1699	1	99.84	1.07	-0.205	0.0153	0.00248	0.0232	0.0037	1.0	-0.22	2.74	1.00	0.00	0.16	111115
63	"10:54:32"	3487.5	0	13.4	0.166	239	2.42	1.51	19.50	6	1.42	1	2.84	19.07	19.50	20.10	399.95	382.77	4.742	7.615	21.37	34.32	500.7	1699	1	99.84	1.07	-0.205	0.0153	0.00248	0.0232	0.0037	1.0	-0.22	2.74	1.00	0.00	0.16	111115
64	"10:54:34"	3489.0	0	13.5	0.166	238	2.42	1.52	19.52	6	1.42	1	2.84	19.08	19.52	20.11	400.01	382.74	4.742	7.617	21.37	34.32	500.8	1699	1	99.84	1.07	-0.205	0.0153	0.00248	0.0232	0.0037	1.0	-0.22	2.74	1.00	0.00	0.16	111115
65	"10:54:35"	3490.0	0	13.5	0.166	238	2.42	1.52	19.53	6	1.42	1	2.84	19.08	19.53	20.11	400.06	382.75	4.742	7.618	21.36	34.32	500.8	1699	1	99.84	1.07	-0.205	0.0153	0.00248	0.0232	0.0037	1.0	-0.22	2.74	1.00	0.00	0.16	111115
66	"10:54:36"	3491.0	0	13.6	0.166	237	2.42	1.52	19.54	6	1.42	1	2.84	19.08	19.54	20.11	400.14	382.75	4.742	7.619	21.36	34.32	500.8	1699	1	99.84	1.07	-0.205	0.0153	0.00248	0.0232	0.0037	1.0	-0.22	2.74	1.00	0.00	0.16	111115
67	"10:54:37"	3492.0	0	13.5	0.166	238	2.42	1.52	19.54	6	1.42	1	2.84	19.08	19.54	20.11	400.08	382.76	4.741	7.620	21.36	34.32	500.8	1699	1	99.84	1.07	-0.205	0.0153	0.00248	0.0232	0.0037	1.0	-0.22	2.74	1.00	0.00	0.16	111115
68	"10:54:37"	3492.5	0	13.5	0.166	238	2.42	1.52	19.54	6	1.42	1	2.84	19.08	19.54	20.11	400.05	382.75	4.741	7.621	21.35	34.32	500.8	1699	1	99.84	1.07	-0.205	0.0153	0.00248	0.0232	0.0037	1.0	-0.22	2.74	1.00	0.00	0.16	111115
69	"10:54:38"	3493.5	0	13.5	0.165	238	2.42	1.52	19.56	6	1.42	1	2.84	19.09	19.56	20.11	399.96	382.72	4.741	7.620	21.35	34.31	500.8	1699	1	99.84	1.07	-0.205	0.0153	0.00248	0.0232	0.0037	1.0	-0.22	2.74	1.00	0.00	0.16	111115
70	"10:54:40"	3495.0	0	13.3	0.166	241	2.43	1.52	19.57	6	1.42	1	2.84	19.09	19.57	20.11	399.68	382.68	4.740	7.624	21.34	34.32	500.8	1699	1	99.84	1.07	-0.205	0.0153	0.00248	0.0232	0.0037	1.0	-0.22	2.74	1.00	0.00	0.16	111115
71	"10:54:41"	3496.0	0	13.2	0.166	242	2.43	1.52	19.57	6	1.42	1	2.84	19.10	19.57	20.11	399.53	382.65	4.740	7.626	21.33	34.32	500.8	1699	1	99.84	1.07	-0.205	0.0153	0.00248	0.0232	0.0037	1.0	-0.22	2.74	1.00	0.00	0.16	111115
72	"10:54:42"	3497.0	0	13.1	0.166	242	2.43	1.52	19.56	6	1.42	1	2.84	19.10	19.56	20.12	399.42	382.60	4.740	7.626	21.33	34.32	500.7	1699	1	99.84	1.07	-0.205	0.0153	0.00248	0.0232	0.0037	1.0	-0.22	2.74	1.00	0.00	0.16	111115
73	"10:54:43"	3498.5	0	13.1	0.166	242	2.43	1.53	19.58	6	1.42	1	2.84	19.11	19.58	20.13	399.31	382.45	4.739	7.627	21.31	34.31	500.7	1699	1	99.84	1.07	-0.205	0.0153	0.00248	0.0232	0.0037	1.0	-0.22	2.74	1.00	0.00	0.16	111115
74	"10:54:44"	3499.5	0	13.2	0.166	241	2.43	1.53	19.59	6	1.42	1	2.84	19.11	19.59	20.14	399.30	382.38	4.739	7.628	21.31	34.30	500.7	1699	1	99.84	1.07	-0.205	0.0153	0.00248	0.0232	0.0037	0.7	-0.22	2.74	1.00	0.00	0.16	111115
75	"10:54:45"	3500.5	0	13.1	0.165	241	2.43	1.53	19.61	6	1.42	1	2.84	19.12	19.61	20.14	399.23	382.37	4.739	7.628	21.30	34.29	500.8	1699	1	99.84	1.07	-0.205	0.0153	0.00248	0.0232	0.0037	0.7	-0.22	2.74	1.00	0.00	0.16	111115
"10:56:37 Coolers: Tblock -> 25.00 C"
"11:00:41 Flow: Fixed -> 500 umol/s"
76	"11:00:45"	3861.0	0	12.4	0.138	225	2.36	1.75	22.55	6	1.42	1	2.84	23.50	22.55	25.13	399.37	383.44	7.138	9.931	24.52	34.11	500.8	1699	1	99.84	0.896	-0.24	0.0271	0.00489	0.0408	0.00429	1.0	-0.22	2.74	1.00	0.00	0.16	111115
77	"11:00:45"	3861.0	0	12.4	0.138	225	2.36	1.75	22.55	6	1.42	1	2.84	23.50	22.55	25.13	399.37	383.44	7.138	9.931	24.52	34.11	500.8	1699	1	99.84	0.896	-0.24	0.0271	0.00489	0.0408	0.00429	1.0	-0.22	2.74	1.00	0.00	0.16	111115
78	"11:00:46"	3861.5	0	12.8	0.144	226	2.46	1.75	22.56	6	1.42	1	2.84	23.50	22.56	25.13	399.98	383.47	7.015	9.931	24.09	34.11	500.8	1699	1	99.84	0.896	-0.24	0.0271	0.00489	0.0408	0.00429	1.0	-0.22	2.74	1.00	0.00	0.16	111115
79	"11:00:46"	3862.0	0	12.9	0.145	226	2.47	1.76	22.57	6	1.42	1	2.84	23.51	22.57	25.13	400.09	383.44	6.996	9.932	24.02	34.10	500.7	1699	1	99.84	0.896	-0.24	0.0271	0.00489	0.0408	0.00429	1.0	-0.22	2.74	1.00	0.00	0.16	111115
80	"11:00:47"	3862.5	0	12.9	0.145	226	2.48	1.76	22.57	6	1.42	1	2.84	23.51	22.57	25.14	400.10	383.46	6.991	9.933	24.01	34.11	500.7	1699	1	99.84	0.896	-0.24	0.0271	0.00489	0.0408	0.00429	1.0	-0.22	2.74	1.00	0.00	0.16	111115
81	"11:00:47"	3863.5	0	13	0.146	226	2.48	1.76	22.57	6	1.42	1	2.84	23.51	22.57	25.14	400.13	383.45	6.988	9.934	23.99	34.10	500.7	1699	1	99.84	0.896	-0.24	0.0271	0.00489	0.0408	0.00429	1.0	-0.22	2.74	1.00	0.00	0.16	111115
82	"11:00:48"	3864.0	0	12.9	0.146	227	2.49	1.76	22.58	6	1.42	1	2.84	23.51	22.58	25.13	400.10	383.49	6.986	9.935	23.98	34.10	500.7	1699	1	99.84	0.896	-0.24	0.0271	0.00489	0.0408	0.00429	1.0	-0.22	2.74	1.00	0.00	0.16	111115
83	"11:00:49"	3865.0	0	12.9	0.146	227	2.49	1.76	22.59	6	1.42	1	2.84	23.52	22.59	25.13	400.11	383.48	6.984	9.939	23.97	34.11	500.7	1699	1	99.84	0.896	-0.24	0.0271	0.00489	0.0408	0.00429	1.0	-0.22	2.74	1.00	0.00	0.16	111115
84	"11:00:50"	3865.5	0	12.9	0.146	227	2.49	1.76	22.59	6	1.42	1	2.84	23.52	22.59	25.13	400.12	383.52	6.984	9.939	23.97	34.11	500.7	1699	1	99.84	0.896	-0.24	0.0271	0.00489	0.0408	0.00429	1.0	-0.22	2.74	1.00	0.00	0.16	111115
85	"11:00:51"	3866.5	0	12.9	0.146	227	2.49	1.76	22.60	6	1.42	1	2.84	23.52	22.60	25.13	400.14	383.52	6.984	9.940	23.97	34.11	500.7	1699	1	99.84	0.896	-0.24	0.0271	0.00489	0.0408	0.00429	1.0	-0.22	2.74	1.00	0.00	0.16	111115
86	"11:00:51"	3867.5	0	12.9	0.146	227	2.49	1.76	22.62	6	1.42	1	2.84	23.52	22.62	25.12	400.15	383.54	6.984	9.942	23.96	34.11	500.8	1699	1	99.84	0.896	-0.24	0.0271	0.00489	0.0408	0.00429	1.0	-0.22	2.74	1.00	0.00	0.16	111115
87	"11:00:52"	3868.0	0	13	0.146	226	2.49	1.76	22.62	6	1.42	1	2.84	23.52	22.62	25.12	400.18	383.49	6.984	9.943	23.96	34.11	500.8	1699	1	99.84	0.896	-0.24	0.0271	0.00489	0.0408	0.00429	1.0	-0.22	2.74	1.00	0.00	0.16	111115
88	"11:00:53"	3869.0	0	12.9	0.145	226	2.49	1.76	22.63	6	1.42	1	2.84	23.52	22.63	25.12	400.17	383.55	6.986	9.941	23.96	34.10	500.8	1699	1	99.84	0.896	-0.24	0.0271	0.00489	0.0408	0.00429	1.0	-0.22	2.74	1.00	0.00	0.16	111115
89	"11:00:53"	3869.5	0	12.9	0.145	226	2.49	1.77	22.63	6	1.42	1	2.84	23.53	22.63	25.11	400.18	383.54	6.985	9.943	23.96	34.10	500.8	1699	1	99.84	0.896	-0.24	0.0271	0.00489	0.0408	0.00429	1.0	-0.22	2.74	1.00	0.00	0.16	111115
90	"11:00:55"	3870.5	0	12.9	0.146	227	2.49	1.76	22.63	6	1.42	1	2.84	23.53	22.63	25.11	400.20	383.57	6.986	9.944	23.96	34.10	500.8	1699	1	99.84	0.896	-0.24	0.0271	0.00489	0.0408	0.00429	1.0	-0.22	2.74	1.00	0.00	0.16	111115
"11:08:28 Coolers: Tblock -> 30.00 C"
"11:11:39 Flow: Fixed -> 500 umol/s"
91	"11:11:46"	4521.5	0	11.1	0.109	205	2.54	2.36	26.85	6	1.42	1	2.84	28.36	26.85	30.12	400.07	385.58	8.885	11.890	22.89	30.64	500.7	1699	1	99.84	0.813	-0.265	0.0478	0.00404	0.0375	0.00487	1.0	-0.22	2.74	1.00	0.00	0.16	111115
92	"11:11:46"	4521.5	0	11.1	0.109	205	2.54	2.36	26.85	6	1.42	1	2.84	28.36	26.85	30.12	400.07	385.58	8.885	11.890	22.89	30.64	500.7	1699	1	99.84	0.813	-0.265	0.0478	0.00404	0.0375	0.00487	1.0	-0.22	2.74	1.00	0.00	0.16	111115
93	"11:11:47"	4522.0	0	11.1	0.109	206	2.54	2.36	26.85	6	1.42	1	2.84	28.36	26.85	30.12	400.06	385.58	8.883	11.891	22.89	30.64	500.7	1700	1	99.83	0.813	-0.265	0.0478	0.00404	0.0375	0.00487	1.0	-0.22	2.74	1.00	0.00	0.16	111115
94	"11:11:47"	4522.5	0	11.1	0.109	206	2.54	2.36	26.85	6	1.42	1	2.84	28.36	26.85	30.12	400.07	385.57	8.883	11.890	22.88	30.63	500.7	1700	1	99.83	0.813	-0.265	0.0478	0.00404	0.0375	0.00487	1.0	-0.22	2.74	1.00	0.00	0.16	111115
95	"11:11:48"	4523.0	0	11.1	0.109	206	2.54	2.36	26.85	6	1.42	1	2.84	28.36	26.85	30.12	400.08	385.59	8.882	11.890	22.88	30.63	500.7	1700	1	99.84	0.813	-0.265	0.0478	0.00404	0.0375	0.00487	1.0	-0.22	2.74	1.00	0.00	0.16	111115
96	"11:11:48"	4523.5	0	11.1	0.109	205	2.54	2.36	26.86	6	1.42	1	2.84	28.36	26.86	30.12	400.12	385.61	8.882	11.890	22.88	30.63	500.7	1700	1	99.84	0.813	-0.265	0.0478	0.00404	0.0375	0.00487	1.0	-0.22	2.74	1.00	0.00	0.16	111115
97	"11:11:49"	4524.0	0	11.1	0.109	205	2.54	2.36	26.86	6	1.42	1	2.84	28.36	26.86	30.12	400.11	385.60	8.883	11.891	22.88	30.63	500.7	1699	1	99.84	0.813	-0.265	0.0478	0.00404	0.0375	0.00487	1.0	-0.22	2.74	1.00	0.00	0.16	111115
98	"11:11:49"	4524.5	0	11.1	0.109	205	2.54	2.36	26.86	6	1.42	1	2.84	28.37	26.86	30.12	400.09	385.60	8.884	11.891	22.88	30.62	500.7	1699	1	99.84	0.813	-0.265	0.0478	0.00404	0.0375	0.00487	1.0	-0.22	2.74	1.00	0.00	0.16	111115
99	"11:11:50"	4525.0	0	11.1	0.109	206	2.54	2.36	26.87	6	1.42	1	2.84	28.37	26.87	30.12	400.06	385.61	8.883	11.893	22.87	30.63	500.7	1699	1	99.84	0.813	-0.265	0.0478	0.00404	0.0375	0.00487	1.0	-0.22	2.74	1.00	0.00	0.16	111115
100	"11:11:50"	4525.5	0	11	0.109	207	2.54	2.36	26.87	6	1.42	1	2.84	28.37	26.87	30.12	400.01	385.65	8.882	11.893	22.87	30.62	500.7	1699	1	99.84	0.813	-0.265	0.0478	0.00404	0.0375	0.00487	1.0	-0.22	2.74	1.00	0.00	0.16	111115
101	"11:11:51"	4526.0	0	11.1	0.109	206	2.54	2.37	26.88	6	1.42	1	2.84	28.37	26.88	30.11	400.07	385.65	8.883	11.893	22.87	30.62	500.7	1699	1	99.84	0.813	-0.265	0.0478	0.00404	0.0375	0.00487	1.0	-0.22	2.74	1.00	0.00	0.16	111115
102	"11:11:51"	4526.5	0	11	0.109	207	2.54	2.37	26.88	6	1.42	1	2.84	28.37	26.88	30.11	400.05	385.66	8.883	11.893	22.87	30.62	500.7	1699	1	99.84	0.813	-0.265	0.0478	0.00404	0.0375	0.00487	1.0	-0.22	2.74	1.00	0.00	0.16	111115
103	"11:11:52"	4528.0	0	11.1	0.109	206	2.55	2.37	26.89	6	1.42	1	2.84	28.38	26.89	30.11	400.09	385.64	8.882	11.896	22.86	30.62	500.7	1699	1	99.83	0.813	-0.265	0.0478	0.00404	0.0375	0.00487	1.0	-0.22	2.74	1.00	0.00	0.16	111115
104	"11:11:53"	4528.0	0	11.1	0.109	206	2.55	2.37	26.89	6	1.42	1	2.84	28.38	26.89	30.11	400.09	385.64	8.882	11.896	22.86	30.62	500.7	1699	1	99.83	0.813	-0.265	0.0478	0.00404	0.0375	0.00487	1.0	-0.22	2.74	1.00	0.00	0.16	111115
105	"11:11:53"	4528.5	0	11.1	0.109	206	2.55	2.37	26.89	6	1.42	1	2.84	28.38	26.89	30.11	400.10	385.66	8.881	11.896	22.86	30.61	500.7	1699	1	99.84	0.813	-0.265	0.0478	0.00404	0.0375	0.00487	1.0	-0.22	2.74	1.00	0.00	0.16	111115
"11:13:04 Coolers: Tblock -> 35.00 C"
"11:18:15 Flow: Fixed -> 500 umol/s"
106	"11:18:26"	4921.5	0	8.77	0.076	187	2.03	2.65	29.99	6	1.42	1	2.84	32.76	29.99	35.12	400.13	388.68	13.687	16.076	27.42	32.21	500.7	1699	1	99.83	0.815	-0.314	0.0262	0.0022	0.0138	0.0018	1.0	-0.22	2.74	1.00	0.00	0.16	111115
107	"11:18:26"	4922.5	0	8.74	0.076	188	2.03	2.65	29.99	6	1.42	1	2.84	32.76	29.99	35.12	400.11	388.70	13.686	16.077	27.42	32.21	500.7	1699	1	99.83	0.815	-0.314	0.0262	0.0022	0.0138	0.0018	1.0	-0.22	2.74	1.00	0.00	0.16	111115
108	"11:18:27"	4923.0	0	8.75	0.076	188	2.03	2.65	29.99	6	1.42	1	2.84	32.76	29.99	35.12	400.11	388.68	13.687	16.078	27.42	32.21	500.7	1699	1	99.83	0.815	-0.314	0.0262	0.0022	0.0138	0.0018	1.0	-0.22	2.74	1.00	0.00	0.16	111115
109	"11:18:28"	4923.5	0	8.75	0.076	188	2.03	2.65	30.00	6	1.42	1	2.84	32.76	30.00	35.12	400.11	388.68	13.687	16.077	27.42	32.20	500.7	1699	1	99.83	0.815	-0.314	0.0262	0.0022	0.0138	0.0018	1.0	-0.22	2.74	1.00	0.00	0.16	111115
110	"11:18:28"	4924.0	0	8.75	0.076	188	2.03	2.66	30.00	6	1.42	1	2.84	32.76	30.00	35.13	400.07	388.64	13.687	16.077	27.42	32.20	500.6	1699	1	99.83	0.815	-0.314	0.0262	0.0022	0.0138	0.0018	1.0	-0.22	2.74	1.00	0.00	0.16	111115
111	"11:18:29"	4925.0	0	8.67	0.076	189	2.03	2.66	30.00	6	1.42	1	2.84	32.76	30.00	35.13	399.99	388.66	13.686	16.077	27.41	32.20	500.6	1699	1	99.83	0.815	-0.314	0.0262	0.0022	0.0138	0.0018	1.0	-0.22	2.74	1.00	0.00	0.16	111115
112	"11:18:29"	4925.5	0	8.59	0.0759	191	2.03	2.66	30.00	6	1.42	1	2.84	32.76	30.00	35.13	399.89	388.64	13.685	16.076	27.41	32.20	500.6	1699	1	99.83	0.815	-0.314	0.0262	0.0022	0.0138	0.0018	1.0	-0.22	2.74	1.00	0.00	0.16	111115
113	"11:18:30"	4926.0	0	8.55	0.0759	192	2.03	2.66	30.01	6	1.42	1	2.84	32.76	30.01	35.13	399.83	388.64	13.687	16.077	27.41	32.19	500.6	1699	1	99.83	0.815	-0.314	0.0262	0.0022	0.0138	0.0018	1.0	-0.22	2.74	1.00	0.00	0.16	111115
114	"11:18:30"	4926.5	0	8.52	0.0759	192	2.03	2.66	30.01	6	1.42	1	2.84	32.76	30.01	35.13	399.78	388.62	13.687	16.077	27.41	32.20	500.6	1699	1	99.83	0.815	-0.314	0.0262	0.0022	0.0138	0.0018	1.0	-0.22	2.74	1.00	0.00	0.16	111115
115	"11:18:31"	4927.0	0	8.43	0.0759	194	2.03	2.66	30.01	6	1.42	1	2.84	32.77	30.01	35.14	399.69	388.64	13.687	16.078	27.40	32.19	500.6	1699	1	99.83	0.815	-0.314	0.0262	0.0022	0.0138	0.0018	1.0	-0.22	2.74	1.00	0.00	0.16	111115
116	"11:18:32"	4927.5	0	8.37	0.0758	195	2.03	2.66	30.01	6	1.42	1	2.84	32.77	30.01	35.14	399.58	388.60	13.688	16.077	27.40	32.19	500.6	1699	1	99.83	0.815	-0.314	0.0262	0.0022	0.0138	0.0018	1.0	-0.22	2.74	1.00	0.00	0.16	111115
117	"11:18:32"	4928.5	0	8.26	0.0757	197	2.02	2.66	30.02	6	1.42	1	2.84	32.77	30.02	35.14	399.44	388.59	13.691	16.078	27.41	32.19	500.6	1699	1	99.83	0.815	-0.314	0.0262	0.0022	0.0138	0.0018	1.0	-0.22	2.74	1.00	0.00	0.16	111115
118	"11:18:33"	4929.0	0	8.25	0.0757	197	2.02	2.66	30.02	6	1.42	1	2.84	32.77	30.02	35.14	399.38	388.54	13.692	16.078	27.41	32.18	500.7	1699	1	99.83	0.815	-0.314	0.0262	0.0022	0.0138	0.0018	1.0	-0.22	2.74	1.00	0.00	0.16	111115
119	"11:18:33"	4929.5	0	8.27	0.0756	197	2.02	2.66	30.02	6	1.42	1	2.84	32.77	30.02	35.14	399.38	388.53	13.695	16.078	27.41	32.18	500.7	1699	1	99.83	0.815	-0.314	0.0262	0.0022	0.0138	0.0018	1.0	-0.22	2.74	1.00	0.00	0.16	111115
120	"11:18:34"	4930.0	0	8.32	0.0755	195	2.02	2.66	30.03	6	1.42	1	2.84	32.77	30.03	35.14	399.38	388.47	13.695	16.078	27.41	32.18	500.7	1699	1	99.83	0.815	-0.314	0.0262	0.0022	0.0138	0.0018	1.0	-0.22	2.74	1.00	0.00	0.16	111115
121	"11:18:35"	4930.5	0	8.29	0.0754	196	2.02	2.66	30.03	6	1.42	1	2.84	32.77	30.03	35.14	399.32	388.45	13.696	16.077	27.41	32.17	500.7	1699	1	99.83	0.815	-0.314	0.0262	0.0022	0.0138	0.0018	1.0	-0.22	2.74	1.00	0.00	0.16	111115
"11:20:00 Coolers: Tblock -> 40.00 C"
"11:22:37 Flow: Fixed -> 500 umol/s"
122	"11:22:45"	5180.5	0	7.37	0.0676	197	2.14	3.13	31.99	6	1.42	1	2.84	36.81	31.99	40.12	400.08	390.24	13.891	16.415	22.23	26.27	500.6	1699	1	99.84	0.618	-0.325	0.0268	0.00186	0.0328	0.00114	1.0	-0.22	2.74	1.00	0.00	0.16	111115
123	"11:22:45"	5181.5	0	7.34	0.0676	198	2.14	3.13	31.99	6	1.42	1	2.84	36.81	31.99	40.12	400.05	390.26	13.890	16.414	22.23	26.26	500.6	1699	1	99.84	0.618	-0.325	0.0268	0.00186	0.0328	0.00114	1.0	-0.22	2.74	1.00	0.00	0.16	111115
124	"11:22:46"	5182.0	0	7.31	0.0676	199	2.14	3.13	31.99	6	1.42	1	2.84	36.81	31.99	40.12	400.04	390.27	13.890	16.416	22.22	26.26	500.6	1699	1	99.84	0.618	-0.325	0.0268	0.00186	0.0328	0.00114	1.0	-0.22	2.74	1.00	0.00	0.16	111115
125	"11:22:47"	5182.5	0	7.34	0.0676	198	2.14	3.13	31.99	6	1.42	1	2.84	36.81	31.99	40.12	400.05	390.25	13.890	16.415	22.22	26.26	500.6	1699	1	99.84	0.618	-0.325	0.0268	0.00186	0.0328	0.00114	1.0	-0.22	2.74	1.00	0.00	0.16	111115
126	"11:22:47"	5183.0	0	7.37	0.0676	197	2.14	3.13	31.99	6	1.42	1	2.84	36.81	31.99	40.12	400.06	390.23	13.890	16.414	22.22	26.26	500.6	1700	1	99.84	0.618	-0.325	0.0268	0.00186	0.0328	0.00114	1.0	-0.22	2.74	1.00	0.00	0.16	111115
127	"11:22:48"	5184.0	0	7.39	0.0675	196	2.14	3.14	32.00	6	1.42	1	2.84	36.82	32.00	40.12	400.07	390.22	13.890	16.414	22.21	26.25	500.6	1700	1	99.84	0.618	-0.325	0.0268	0.00186	0.0328	0.00114	1.0	-0.22	2.74	1.00	0.00	0.16	111115
128	"11:22:48"	5184.5	0	7.38	0.0675	197	2.14	3.14	32.00	6	1.42	1	2.84	36.82	32.00	40.13	400.07	390.22	13.891	16.414	22.21	26.25	500.6	1700	1	99.84	0.618	-0.325	0.0268	0.00186	0.0328	0.00114	1.0	-0.22	2.74	1.00	0.00	0.16	111115
129	"11:22:49"	5185.0	0	7.41	0.0675	196	2.14	3.14	32.00	6	1.42	1	2.84	36.82	32.00	40.13	400.09	390.20	13.891	16.415	22.21	26.24	500.6	1700	1	99.84	0.618	-0.325	0.0268	0.00186	0.0328	0.00114	1.0	-0.22	2.74	1.00	0.00	0.16	111115
130	"11:22:50"	5186.0	0	7.45	0.0675	195	2.14	3.14	32.01	6	1.42	1	2.84	36.83	32.01	40.13	400.16	390.23	13.891	16.414	22.20	26.24	500.6	1700	1	99.84	0.618	-0.325	0.0268	0.00186	0.0328	0.00114	1.0	-0.22	2.74	1.00	0.00	0.16	111115
131	"11:22:50"	5186.5	0	7.45	0.0675	195	2.14	3.14	32.01	6	1.42	1	2.84	36.83	32.01	40.13	400.19	390.25	13.892	16.415	22.20	26.23	500.6	1700	1	99.84	0.618	-0.325	0.0268	0.00186	0.0328	0.00114	1.0	-0.22	2.74	1.00	0.00	0.16	111115
132	"11:22:51"	5187.0	0	7.46	0.0675	195	2.14	3.14	32.02	6	1.42	1	2.84	36.84	32.02	40.13	400.19	390.25	13.891	16.415	22.20	26.23	500.7	1700	1	99.84	0.618	-0.325	0.0268	0.00186	0.0328	0.00114	1.0	-0.22	2.74	1.00	0.00	0.16	111115
133	"11:22:52"	5187.0	0	7.46	0.0675	195	2.14	3.14	32.02	6	1.42	1	2.84	36.84	32.02	40.13	400.19	390.25	13.891	16.415	22.20	26.23	500.7	1700	1	99.84	0.618	-0.325	0.0268	0.00186	0.0328	0.00114	1.0	-0.22	2.74	1.00	0.00	0.16	111115
134	"11:22:53"	5188.5	0	7.51	0.0674	193	2.14	3.14	32.03	6	1.42	1	2.84	36.84	32.03	40.13	400.24	390.25	13.889	16.413	22.18	26.22	500.6	1700	1	99.84	0.618	-0.325	0.0268	0.00186	0.0328	0.00114	1.0	-0.22	2.74	1.00	0.00	0.16	111115
135	"11:22:53"	5189.5	0	7.5	0.0673	193	2.14	3.15	32.03	6	1.42	1	2.84	36.85	32.03	40.13	400.26	390.27	13.889	16.413	22.18	26.21	500.6	1700	1	99.84	0.618	-0.325	0.0268	0.00186	0.0328	0.00114	1.0	-0.22	2.74	1.00	0.00	0.16	111115
136	"11:22:54"	5190.0	0	7.52	0.0673	193	2.14	3.15	32.04	6	1.42	1	2.84	36.85	32.04	40.13	400.28	390.27	13.890	16.415	22.18	26.21	500.6	1700	1	99.84	0.618	-0.325	0.0268	0.00186	0.0328	0.00114	1.0	-0.22	2.74	1.00	0.00	0.16	111115
"11:23:27 Coolers: Tblock -> 45.00 C"
"11:29:09 Flow: Fixed -> 500 umol/s"
137	"11:29:12"	5568.0	0	5.64	0.0559	208	2.23	3.92	34.82	6	1.42	1	2.84	41.34	34.82	45.17	399.48	391.67	14.097	16.729	17.68	20.98	500.6	1699	1	99.84	0.482	-0.329	0.0185	0.00596	0.0319	0.00509	1.0	-0.22	2.74	1.00	0.00	0.16	111115
138	"11:29:13"	5568.5	0	5.7	0.0564	208	2.25	3.92	34.82	6	1.42	1	2.84	41.34	34.82	45.17	399.55	391.67	14.074	16.730	17.65	20.98	500.6	1699	1	99.84	0.482	-0.329	0.0185	0.00596	0.0319	0.00509	1.0	-0.22	2.74	1.00	0.00	0.16	111115
139	"11:29:14"	5569.0	0	5.71	0.0568	209	2.27	3.92	34.82	6	1.42	1	2.84	41.34	34.82	45.17	399.60	391.68	14.055	16.731	17.63	20.98	500.6	1699	1	99.84	0.482	-0.329	0.0185	0.00596	0.0319	0.00509	1.0	-0.22	2.74	1.00	0.00	0.16	111115
140	"11:29:14"	5569.5	0	5.99	0.0592	208	2.37	3.92	34.82	6	1.42	1	2.84	41.34	34.82	45.17	399.96	391.68	13.944	16.732	17.48	20.98	500.6	1699	1	99.84	0.482	-0.329	0.0185	0.00596	0.0319	0.00509	1.0	-0.22	2.74	1.00	0.00	0.16	111115
141	"11:29:15"	5570.0	0	6	0.0595	208	2.38	3.92	34.82	6	1.42	1	2.84	41.34	34.82	45.17	399.99	391.68	13.933	16.734	17.47	20.98	500.6	1699	1	99.84	0.482	-0.329	0.0185	0.00596	0.0319	0.00509	1.0	-0.22	2.74	1.00	0.00	0.16	111115
142	"11:29:15"	5571.0	0	5.97	0.0596	209	2.38	3.93	34.84	6	1.42	1	2.84	41.35	34.84	45.18	399.97	391.70	13.929	16.736	17.46	20.98	500.6	1699	1	99.84	0.482	-0.329	0.0185	0.00596	0.0319	0.00509	1.0	-0.22	2.74	1.00	0.00	0.16	111115
143	"11:29:16"	5571.5	0	6.01	0.0596	208	2.38	3.93	34.84	6	1.42	1	2.84	41.35	34.84	45.17	400.00	391.67	13.929	16.736	17.46	20.98	500.6	1699	1	99.84	0.482	-0.329	0.0185	0.00596	0.0319	0.00509	1.0	-0.22	2.74	1.00	0.00	0.16	111115
144	"11:29:16"	5572.0	0	5.99	0.0596	208	2.38	3.93	34.84	6	1.42	1	2.84	41.35	34.84	45.17	399.98	391.68	13.929	16.736	17.46	20.97	500.6	1699	1	99.84	0.482	-0.329	0.0185	0.00596	0.0319	0.00509	1.0	-0.22	2.74	1.00	0.00	0.16	111115
145	"11:29:17"	5572.5	0	5.99	0.0596	208	2.38	3.93	34.84	6	1.42	1	2.84	41.36	34.84	45.17	399.98	391.68	13.927	16.736	17.45	20.97	500.6	1699	1	99.84	0.482	-0.329	0.0185	0.00596	0.0319	0.00509	1.0	-0.22	2.74	1.00	0.00	0.16	111115
146	"11:29:18"	5573.0	0	6.01	0.0596	208	2.38	3.93	34.84	6	1.42	1	2.84	41.36	34.84	45.18	400.00	391.67	13.928	16.736	17.45	20.97	500.6	1699	1	99.84	0.482	-0.329	0.0185	0.00596	0.0319	0.00509	1.0	-0.22	2.74	1.00	0.00	0.16	111115
147	"11:29:18"	5573.5	0	5.96	0.0595	209	2.38	3.93	34.85	6	1.42	1	2.84	41.36	34.85	45.18	399.97	391.71	13.929	16.736	17.45	20.96	500.6	1699	1	99.84	0.482	-0.329	0.0185	0.00596	0.0319	0.00509	1.0	-0.22	2.74	1.00	0.00	0.16	111115
148	"11:29:19"	5574.5	0	6	0.0595	208	2.38	3.93	34.86	6	1.42	1	2.84	41.37	34.86	45.18	400.03	391.72	13.929	16.738	17.44	20.96	500.6	1699	1	99.84	0.482	-0.329	0.0185	0.00596	0.0319	0.00509	1.0	-0.22	2.74	1.00	0.00	0.16	111115
149	"11:29:19"	5575.0	0	6.01	0.0595	208	2.38	3.93	34.86	6	1.42	1	2.84	41.37	34.86	45.18	400.04	391.72	13.928	16.738	17.44	20.96	500.6	1699	1	99.84	0.482	-0.329	0.0185	0.00596	0.0319	0.00509	1.0	-0.22	2.74	1.00	0.00	0.16	111115
150	"11:29:20"	5575.5	0	6.01	0.0595	208	2.39	3.94	34.87	6	1.42	1	2.84	41.37	34.87	45.18	400.06	391.74	13.928	16.739	17.43	20.95	500.6	1699	1	99.84	0.482	-0.329	0.0185	0.00596	0.0319	0.00509	1.0	-0.22	2.74	1.00	0.00	0.16	111115
151	"11:29:20"	5576.0	0	6	0.0595	208	2.39	3.94	34.88	6	1.42	1	2.84	41.38	34.88	45.18	400.06	391.75	13.928	16.741	17.43	20.95	500.6	1699	1	99.84	0.482	-0.329	0.0185	0.00596	0.0319	0.00509	1.0	-0.22	2.74	1.00	0.00	0.16	111115
"11:30:00 Coolers: Tblock -> 50.00 C"
"11:33:23 Flow: Fixed -> 500 umol/s"
152	"11:33:26"	5821.5	0	4.29	0.0572	247	2.68	4.58	37.01	6	1.42	1	2.84	45.53	37.01	49.82	399.74	393.34	14.169	17.327	14.28	17.46	500.5	1699	1	99.84	0.508	-0.346	0.0314	0.00376	0.0873	0.00518	1.0	-0.22	2.74	1.00	0.00	0.16	111115
153	"11:33:26"	5822.0	0	4.23	0.058	250	2.71	4.58	37.01	6	1.42	1	2.84	45.54	37.01	49.82	399.74	393.39	14.129	17.327	14.24	17.46	500.5	1699	1	99.84	0.508	-0.346	0.0314	0.00376	0.0873	0.00518	1.0	-0.22	2.74	1.00	0.00	0.16	111115
154	"11:33:27"	5822.5	0	4.31	0.0585	249	2.74	4.58	37.01	6	1.42	1	2.84	45.54	37.01	49.82	399.83	393.38	14.101	17.328	14.21	17.46	500.5	1699	1	99.84	0.508	-0.346	0.0314	0.00376	0.0873	0.00518	1.0	-0.22	2.74	1.00	0.00	0.16	111115
155	"11:33:28"	5823.5	0	4.44	0.0613	251	2.87	4.58	37.01	6	1.42	1	2.84	45.54	37.01	49.82	400.10	393.42	13.948	17.328	14.05	17.46	500.5	1699	1	99.84	0.508	-0.346	0.0314	0.00376	0.0873	0.00518	1.0	-0.22	2.74	1.00	0.00	0.16	111115
156	"11:33:28"	5824.0	0	4.48	0.0615	250	2.88	4.58	37.01	6	1.42	1	2.84	45.54	37.01	49.82	400.16	393.43	13.936	17.327	14.04	17.46	500.5	1699	1	99.84	0.508	-0.346	0.0314	0.00376	0.0873	0.00518	1.0	-0.22	2.74	1.00	0.00	0.16	111115
157	"11:33:29"	5824.5	0	4.51	0.0616	250	2.88	4.58	37.01	6	1.42	1	2.84	45.54	37.01	49.82	400.20	393.43	13.934	17.327	14.04	17.45	500.5	1699	1	99.84	0.508	-0.346	0.0314	0.00376	0.0873	0.00518	1.0	-0.22	2.74	1.00	0.00	0.16	111115
158	"11:33:30"	5825.5	0	4.48	0.0616	250	2.88	4.58	37.02	6	1.42	1	2.84	45.54	37.02	49.81	400.19	393.46	13.932	17.328	14.03	17.45	500.5	1699	1	99.84	0.508	-0.346	0.0314	0.00376	0.0873	0.00518	1.0	-0.22	2.74	1.00	0.00	0.16	111115
159	"11:33:30"	5826.0	0	4.57	0.0616	248	2.88	4.58	37.02	6	1.42	1	2.84	45.54	37.02	49.81	400.26	393.41	13.932	17.330	14.03	17.46	500.6	1699	1	99.84	0.508	-0.346	0.0314	0.00376	0.0873	0.00518	1.0	-0.22	2.74	1.00	0.00	0.16	111115
160	"11:33:31"	5826.5	0	4.55	0.0617	249	2.89	4.58	37.03	6	1.42	1	2.84	45.54	37.03	49.81	400.25	393.43	13.931	17.331	14.03	17.46	500.6	1699	1	99.84	0.508	-0.346	0.0314	0.00376	0.0873	0.00518	1.0	-0.22	2.74	1.00	0.00	0.16	111115
161	"11:33:32"	5827.5	0	4.52	0.0616	249	2.89	4.59	37.04	6	1.42	1	2.84	45.54	37.04	49.81	400.22	393.43	13.931	17.332	14.03	17.46	500.6	1699	1	99.84	0.508	-0.346	0.0314	0.00376	0.0873	0.00518	1.0	-0.22	2.74	1.00	0.00	0.16	111115
162	"11:33:32"	5828.0	0	4.51	0.0617	250	2.89	4.59	37.04	6	1.42	1	2.84	45.54	37.04	49.81	400.23	393.46	13.930	17.334	14.03	17.46	500.6	1699	1	99.84	0.508	-0.346	0.0314	0.00376	0.0873	0.00518	1.0	-0.22	2.74	1.00	0.00	0.16	111115
163	"11:33:33"	5828.5	0	4.46	0.0617	251	2.89	4.59	37.04	6	1.42	1	2.84	45.55	37.04	49.81	400.18	393.47	13.931	17.334	14.03	17.46	500.6	1699	1	99.84	0.508	-0.346	0.0314	0.00376	0.0873	0.00518	1.0	-0.22	2.74	1.00	0.00	0.16	111115
164	"11:33:34"	5829.5	0	4.44	0.0617	252	2.89	4.59	37.03	6	1.42	1	2.84	45.55	37.03	49.81	400.15	393.46	13.929	17.335	14.03	17.46	500.5	1699	1	99.84	0.508	-0.346	0.0314	0.00376	0.0873	0.00518	1.0	-0.22	2.74	1.00	0.00	0.16	111115
165	"11:33:34"	5829.5	0	4.44	0.0617	252	2.89	4.59	37.03	6	1.42	1	2.84	45.55	37.03	49.81	400.15	393.46	13.929	17.335	14.03	17.46	500.5	1699	1	99.84	0.508	-0.346	0.0314	0.00376	0.0873	0.00518	1.0	-0.22	2.74	1.00	0.00	0.16	111115
166	"11:33:35"	5830.5	0	4.4	0.0616	252	2.89	4.59	37.04	6	1.42	1	2.84	45.55	37.04	49.80	400.17	393.53	13.931	17.332	14.03	17.45	500.5	1700	1	99.84	0.508	-0.346	0.0314	0.00376	0.0873	0.00518	1.0	-0.22	2.74	1.00	0.00	0.16	111115
