"OPEN 6.3.3"
"Fri Jul 20 2018 14:07:06"
<open><version>"6.3.3"</version></open>
<open><configfile>"/User/Configs/UserPrefs/2x3 LED.xml"</configfile></open>
<open><light><source>"6400-02 or -02B LED Source"</source><par_in>1<sensor>"SI-4027"<cal>-1.00<actinity>1.00</actinity><transm>1.00</transm></cal></sensor><transm>1</transm></par_in><par_out>1<sensor>"Q51318"<cal>6.49</cal></sensor></par_out></light></open>
<open><comps><file>"/User/Configs/Comps/StdComps_6.3"<header>""</header><extras></extras></file><energybal>no<f_parIn>1</f_parIn><f_parOut>0</f_parOut><alphaK>0.16</alphaK></energybal><bc_total>2.840<stomatal_ratio>1</stomatal_ratio><bc_oneside>1.420<type>2</type><table>"/Sys/Lib/StdBLCTable"</table><area>6</area><slope>-0.219565</slope><offset>2.73739</offset><fan>5</fan></bc_oneside></bc_total></comps></open>
<open><prompts><onlog>off</onlog><items>"Default (none)"</items></prompts></open>
<open><constants><oxygen>21 %</oxygen><bb_vapor>1.5</bb_vapor><bb_oxy>0.9</bb_oxy></constants></open>
<open><stability><items>"Std Stability"<items[1]><id>-2</id><size>15</size><pcv><onoff>0</onoff><value>1</value></pcv><std><onoff>0</onoff><value>1</value></std><slp><onoff>1</onoff><value>1</value></slp></items[1]><items[2]><id>-5</id><size>15</size><pcv><onoff>0</onoff><value>1</value></pcv><std><onoff>0</onoff><value>1</value></std><slp><onoff>1</onoff><value>1</value></slp></items[2]><items[3]><id>-7</id><size>15</size><pcv><onoff>0</onoff><value>1</value></pcv><std><onoff>0</onoff><value>1</value></std><slp><onoff>1</onoff><value>1</value></slp></items[3]></items></stability></open>
<open><log><format>"StdLogFmt_6.3"<items>{ -35 -21 -36 -76 30 23 36 21 25 221 -33 111 -34 11 -9 -10 -8 -1 -2 -4 -5 -14 -15 -7 -12 -13 -11 -65 -66 -117 -119 -116 -118 -72 -18 -19 -77 -78 -79 -23  }<hdr>{  }</hdr></items></format><options><beep>on</beep><match>"never"<time>30</time><co2>100</co2><delta>10</delta></match><hdr>normal</hdr><rem>normal</rem><stab>no</stab><stats>no<mean>no</mean><file>no</file><period>15</period></stats><excel>yes</excel><controls>yes</controls><comm>no</comm></options><datafile>"/User/0000-DWR1716-201718"</datafile><button><action>"Normal Log"<code>" LogOneObsManual "</code></action></button><autoprog>"/User/Configs/AutoProgs/AutoLog2"<active>no</active></autoprog></log></open>
<open><a2d><avgtime>4.0 secs</avgtime><userchans><ch20>"Off"</ch20><ch21>"Off"</ch21><ch22>"Off"</ch22><ch23>"Off"</ch23></userchans></a2d></open>
<open><matching><type>0</type><disp>'a'</disp><settings>><CO2Limit>10.0</CO2Limit><H2OLimit>1.0</H2OLimit><MaxAutoTime>60</MaxAutoTime><AverageTime>10</AverageTime></settings></matching></open>
<li6400><factory><unit>"PSC-4123"</unit><serviced>"19.01.2017"</serviced><fuseaware>0</fuseaware><co2mixer>yes</co2mixer><co2><coeffs>{ 0 0.219912 1.60869e-05 2.42627e-08 -3.602e-12 2.3711e-16  }</coeffs><dvdt>-4.1</dvdt><xs>{ -0.00117 -1.14e-05  }</xs></co2><h2o><coeffs>{ 0 0.00612804 1.69186e-06 1.49192e-10  }</coeffs><dvdt>-2.5</dvdt><xs>{ -0.000351 -0.00239  }</xs></h2o><flow>{ 0 0.3738  }</flow><press>{ 87.734 0.00547  }</press></factory></li6400>
<li6400><user><flow_zero>-703.8</flow_zero><irga_zero><co2>-79.5 -79.5<at>32.3675</at></co2><h2o>37.6 -1.4<at>33.9874</at></h2o></irga_zero><irga_span><co2>{ 0.985904 0.986618  }</co2><h2o>{ 1.00683 0.993449  }</h2o></irga_span><irga_match><co2>{ -1.70314 0.117733  }</co2><h2o>{ -0.0708174 -0.4381  }</h2o></irga_match><co2_mixer><pump_mv>4500</pump_mv><ppm>{ 2330.31 1136.88 449.46 273.386 125.406 73.118 48.0557 40.3927  }</ppm><mv>{ 5000 3000 1500 1000 500 300 200 100  }</mv></co2_mixer><parin_offset>0</parin_offset><led_cal><unit>"SI-4027"</unit><mv>{ 10 25 50 100 1000 2000 3000 4000 5000  }</mv><qntm>{ 3.39689 11.1502 23.8626 52.4799 561.717 1093.55 1598.71 2081.76 2538.89  }</qntm></led_cal><lcf_cal><unit>"unknown"</unit><red><mv>{ 50 100 500 1000 1500 5000  }</mv><qntm>{ 50 100 500 1000 2000 5000  }</qntm></red><blue><mv>{ 100 200 500 1000 2000 5000  }</mv><qntm>{ 10 20 50 100 200 500  }</qntm></blue></lcf_cal></user></li6400>
"14:07:09 "
$STARTOFDATA$
"Obs"	"HHMMSS"	"FTime"	"EBal?"	"Photo"	"Cond"	"Ci"	"Trmmol"	"VpdL"	"CTleaf"	"Area"	"BLC_1"	"StmRat"	"BLCond"	"Tair"	"Tleaf"	"TBlk"	"CO2R"	"CO2S"	"H2OR"	"H2OS"	"RH_R"	"RH_S"	"Flow"	"PARi"	"PARo"	"Press"	"CsMch"	"HsMch"	"CsMchSD"	"HsMchSD"	"CrMchSD"	"HrMchSD"	"StableF"	"BLCslope"	"BLCoffst"	"f_parin"	"f_parout"	"alphaK"	"Status"
"14:09:55 Coolers: Tblock -> 14.00 C"
"14:34:25 Flow: Fixed -> 200 umol/s"
"14:34:37 Coolers: Tblock -> 0.00 C"
"14:54:27 Flow: Fixed -> 200 umol/s"
1	"14:54:31"	3293.5	0	2.59	0.0423	287	0.362	0.862	8.90	6	1.42	1	2.84	2.51	8.90	0.06	399.71	391.54	1.748	2.827	23.77	38.44	200.6	1700	1	99.89	1.88	-0.13	0.0599	0.000936	0.0557	0.00265	0.7	-0.22	2.74	1.00	0.00	0.16	111115
2	"14:54:31"	3294.0	0	2.59	0.0426	288	0.364	0.861	8.89	6	1.42	1	2.84	2.51	8.89	0.06	399.71	391.54	1.741	2.827	23.67	38.44	200.6	1700	1	99.89	1.88	-0.13	0.0599	0.000936	0.0557	0.00265	0.7	-0.22	2.74	1.00	0.00	0.16	111115
3	"14:54:31"	3294.0	0	2.59	0.0426	288	0.364	0.861	8.89	6	1.42	1	2.84	2.51	8.89	0.06	399.71	391.54	1.741	2.827	23.67	38.44	200.6	1700	1	99.89	1.88	-0.13	0.0599	0.000936	0.0557	0.00265	0.7	-0.22	2.74	1.00	0.00	0.16	111115
4	"14:54:32"	3294.5	0	2.6	0.0428	288	0.366	0.861	8.88	6	1.42	1	2.84	2.51	8.88	0.06	399.74	391.54	1.735	2.827	23.58	38.44	200.6	1700	1	99.89	1.88	-0.13	0.0599	0.000936	0.0557	0.00265	0.7	-0.22	2.74	1.00	0.00	0.16	111115
5	"14:54:32"	3295.0	0	2.67	0.0442	289	0.377	0.86	8.88	6	1.42	1	2.84	2.50	8.88	0.06	399.95	391.51	1.702	2.827	23.14	38.44	200.6	1700	1	99.89	1.88	-0.13	0.0599	0.000936	0.0557	0.00265	0.7	-0.22	2.74	1.00	0.00	0.16	111115
6	"14:54:33"	3295.5	0	2.66	0.0443	290	0.379	0.861	8.88	6	1.42	1	2.84	2.50	8.88	0.06	399.93	391.53	1.697	2.827	23.08	38.43	200.6	1700	1	99.89	1.88	-0.13	0.0599	0.000936	0.0557	0.00265	0.7	-0.22	2.74	1.00	0.00	0.16	111115
7	"14:54:33"	3296.0	0	2.64	0.0443	290	0.379	0.861	8.89	6	1.42	1	2.84	2.51	8.89	0.06	399.90	391.56	1.696	2.826	23.05	38.42	200.7	1700	1	99.89	1.88	-0.13	0.0599	0.000936	0.0557	0.00265	0.7	-0.22	2.74	1.00	0.00	0.16	111115
8	"14:54:34"	3296.5	0	2.64	0.0443	290	0.379	0.862	8.89	6	1.42	1	2.84	2.51	8.89	0.06	399.89	391.56	1.694	2.825	23.03	38.41	200.6	1700	1	99.89	1.88	-0.13	0.0599	0.000936	0.0557	0.00265	0.7	-0.22	2.74	1.00	0.00	0.16	111115
9	"14:54:35"	3297.0	0	2.63	0.0443	291	0.38	0.862	8.90	6	1.42	1	2.84	2.51	8.90	0.06	399.87	391.57	1.693	2.825	23.02	38.41	200.7	1700	1	99.89	1.88	-0.13	0.0599	0.000936	0.0557	0.00265	0.7	-0.22	2.74	1.00	0.00	0.16	111115
10	"14:54:35"	3297.5	0	2.63	0.0443	290	0.379	0.863	8.90	6	1.42	1	2.84	2.51	8.90	0.06	399.92	391.60	1.693	2.824	23.02	38.39	200.7	1700	1	99.89	1.88	-0.13	0.0599	0.000936	0.0557	0.00265	0.7	-0.22	2.74	1.00	0.00	0.16	111115
11	"14:54:36"	3298.0	0	2.65	0.0442	290	0.379	0.864	8.91	6	1.42	1	2.84	2.51	8.91	0.07	399.99	391.62	1.693	2.823	23.01	38.38	200.7	1700	1	99.89	1.88	-0.13	0.0599	0.000936	0.0557	0.00265	0.7	-0.22	2.74	1.00	0.00	0.16	111115
12	"14:54:37"	3299.0	0	2.65	0.0441	290	0.379	0.865	8.93	6	1.42	1	2.84	2.51	8.93	0.07	400.03	391.67	1.693	2.822	23.01	38.36	200.7	1700	1	99.89	1.88	-0.13	0.0599	0.000936	0.0557	0.00265	0.7	-0.22	2.74	1.00	0.00	0.16	111115
13	"14:54:37"	3299.5	0	2.66	0.0441	289	0.379	0.865	8.93	6	1.42	1	2.84	2.51	8.93	0.07	400.06	391.67	1.692	2.821	23.00	38.35	200.7	1700	1	99.89	1.88	-0.13	0.0599	0.000936	0.0557	0.00265	0.7	-0.22	2.74	1.00	0.00	0.16	111115
14	"14:54:38"	3300.0	0	2.68	0.0441	288	0.379	0.865	8.93	6	1.42	1	2.84	2.51	8.93	0.07	400.11	391.64	1.691	2.822	22.99	38.36	200.7	1700	1	99.89	1.88	-0.13	0.0599	0.000936	0.0557	0.00265	0.7	-0.22	2.74	1.00	0.00	0.16	111115
15	"14:54:38"	3300.5	0	2.68	0.0441	288	0.379	0.865	8.93	6	1.42	1	2.84	2.51	8.93	0.07	400.12	391.65	1.691	2.822	22.99	38.35	200.7	1700	1	99.89	1.88	-0.13	0.0599	0.000936	0.0557	0.00265	0.7	-0.22	2.74	1.00	0.00	0.16	111115
16	"14:54:39"	3301.0	0	2.7	0.0441	288	0.379	0.865	8.94	6	1.42	1	2.84	2.51	8.94	0.07	400.18	391.65	1.691	2.822	22.99	38.35	200.7	1700	1	99.89	1.88	-0.13	0.0599	0.000936	0.0557	0.00265	0.7	-0.22	2.74	1.00	0.00	0.16	111115
17	"14:54:40"	3302.0	0	2.69	0.0442	288	0.379	0.865	8.93	6	1.42	1	2.84	2.51	8.93	0.07	400.13	391.64	1.690	2.821	22.97	38.35	200.7	1700	1	99.89	1.88	-0.13	0.0599	0.000936	0.0557	0.00265	0.7	-0.22	2.74	1.00	0.00	0.16	111115
"14:55:54 Coolers: Tblock -> 5.00 C"
"15:01:24 Flow: Fixed -> 200 umol/s"
18	"15:01:30"	3713.0	0	3.01	0.0491	285	0.502	1.03	11.27	6	1.42	1	2.84	6.39	11.27	5.07	399.79	390.20	1.618	3.115	16.75	32.26	200.7	1699	1	99.89	1.39	-0.133	0.0319	0.00856	0.0621	0.00846	0.7	-0.22	2.74	1.00	0.00	0.16	111115
19	"15:01:31"	3713.5	0	3.02	0.0491	285	0.502	1.03	11.27	6	1.42	1	2.84	6.39	11.27	5.07	399.78	390.16	1.616	3.114	16.74	32.25	200.7	1699	1	99.9	1.39	-0.133	0.0319	0.00856	0.0621	0.00846	0.7	-0.22	2.74	1.00	0.00	0.16	111115
20	"15:01:31"	3713.5	0	3.02	0.0491	285	0.502	1.03	11.27	6	1.42	1	2.84	6.39	11.27	5.07	399.78	390.16	1.616	3.114	16.74	32.25	200.7	1699	1	99.9	1.39	-0.133	0.0319	0.00856	0.0621	0.00846	0.7	-0.22	2.74	1.00	0.00	0.16	111115
21	"15:01:31"	3714.0	0	3	0.0492	285	0.502	1.03	11.27	6	1.42	1	2.84	6.39	11.27	5.07	399.76	390.20	1.615	3.113	16.72	32.23	200.7	1699	1	99.9	1.39	-0.133	0.0319	0.00856	0.0621	0.00846	0.7	-0.22	2.74	1.00	0.00	0.16	111115
22	"15:01:32"	3714.5	0	3.02	0.0492	285	0.503	1.03	11.27	6	1.42	1	2.84	6.39	11.27	5.07	399.80	390.19	1.614	3.112	16.71	32.22	200.7	1699	1	99.9	1.39	-0.133	0.0319	0.00856	0.0621	0.00846	0.7	-0.22	2.74	1.00	0.00	0.16	111115
23	"15:01:32"	3714.5	0	3.02	0.0492	285	0.503	1.03	11.27	6	1.42	1	2.84	6.39	11.27	5.07	399.80	390.19	1.614	3.112	16.71	32.22	200.7	1699	1	99.9	1.39	-0.133	0.0319	0.00856	0.0621	0.00846	0.7	-0.22	2.74	1.00	0.00	0.16	111115
24	"15:01:33"	3715.0	0	3.03	0.0491	284	0.502	1.03	11.27	6	1.42	1	2.84	6.39	11.27	5.07	399.82	390.19	1.614	3.111	16.71	32.21	200.7	1699	1	99.89	1.39	-0.133	0.0319	0.00856	0.0621	0.00846	0.7	-0.22	2.74	1.00	0.00	0.16	111115
25	"15:01:33"	3715.5	0	3.03	0.0491	284	0.502	1.03	11.28	6	1.42	1	2.84	6.39	11.28	5.07	399.81	390.16	1.613	3.110	16.70	32.20	200.7	1699	1	99.89	1.39	-0.133	0.0319	0.00856	0.0621	0.00846	0.7	-0.22	2.74	1.00	0.00	0.16	111115
26	"15:01:34"	3716.0	0	3.03	0.0491	284	0.502	1.03	11.27	6	1.42	1	2.84	6.39	11.27	5.07	399.83	390.18	1.612	3.108	16.69	32.18	200.7	1699	1	99.89	1.39	-0.133	0.0319	0.00856	0.0621	0.00846	0.7	-0.22	2.74	1.00	0.00	0.16	111115
27	"15:01:34"	3716.5	0	3.04	0.0491	284	0.502	1.03	11.26	6	1.42	1	2.84	6.40	11.26	5.07	399.85	390.16	1.611	3.107	16.68	32.17	200.7	1699	1	99.89	1.39	-0.133	0.0319	0.00856	0.0621	0.00846	0.7	-0.22	2.74	1.00	0.00	0.16	111115
28	"15:01:35"	3717.0	0	3.04	0.0491	284	0.502	1.03	11.25	6	1.42	1	2.84	6.40	11.25	5.07	399.86	390.17	1.610	3.106	16.67	32.16	200.7	1699	1	99.89	1.39	-0.133	0.0319	0.00856	0.0621	0.00846	0.7	-0.22	2.74	1.00	0.00	0.16	111115
29	"15:01:35"	3717.5	0	3.04	0.0491	284	0.502	1.03	11.24	6	1.42	1	2.84	6.40	11.24	5.07	399.88	390.21	1.610	3.105	16.67	32.14	200.7	1699	1	99.89	1.39	-0.133	0.0319	0.00856	0.0621	0.00846	0.7	-0.22	2.74	1.00	0.00	0.16	111115
30	"15:01:36"	3718.0	0	3.05	0.049	284	0.501	1.03	11.24	6	1.42	1	2.84	6.40	11.24	5.07	399.90	390.20	1.610	3.102	16.67	32.12	200.7	1699	1	99.89	1.39	-0.133	0.0319	0.00856	0.0621	0.00846	0.7	-0.22	2.74	1.00	0.00	0.16	111115
31	"15:01:36"	3718.5	0	3.06	0.049	283	0.5	1.03	11.24	6	1.42	1	2.84	6.40	11.24	5.07	399.93	390.20	1.610	3.100	16.66	32.09	200.7	1699	1	99.89	1.39	-0.133	0.0319	0.00856	0.0621	0.00846	0.7	-0.22	2.74	1.00	0.00	0.16	111115
32	"15:01:37"	3719.0	0	3.06	0.049	283	0.5	1.03	11.23	6	1.42	1	2.84	6.40	11.23	5.07	399.92	390.19	1.609	3.098	16.66	32.08	200.7	1699	1	99.89	1.39	-0.133	0.0319	0.00856	0.0621	0.00846	0.7	-0.22	2.74	1.00	0.00	0.16	111115
"15:02:42 Coolers: Tblock -> 10.00 C"
"15:14:43 Flow: Fixed -> 200 umol/s"
33	"15:14:49"	4512.0	0	3.47	0.0418	249	0.495	1.19	14.11	6	1.42	1	2.84	10.65	14.11	10.13	400.37	389.42	2.799	4.273	21.72	33.15	200.6	1700	1	99.89	0.987	-0.156	0.08	0.00172	0.0186	0.00175	1.0	-0.22	2.74	1.00	0.00	0.16	111115
34	"15:14:49"	4512.0	0	3.47	0.0418	249	0.495	1.19	14.11	6	1.42	1	2.84	10.65	14.11	10.13	400.37	389.42	2.799	4.273	21.72	33.15	200.6	1700	1	99.89	0.987	-0.156	0.08	0.00172	0.0186	0.00175	1.0	-0.22	2.74	1.00	0.00	0.16	111115
35	"15:14:50"	4512.5	0	3.45	0.0418	250	0.495	1.19	14.11	6	1.42	1	2.84	10.65	14.11	10.14	400.33	389.45	2.798	4.273	21.71	33.15	200.6	1700	1	99.89	0.987	-0.156	0.08	0.00172	0.0186	0.00175	1.0	-0.22	2.74	1.00	0.00	0.16	111115
36	"15:14:50"	4513.0	0	3.45	0.0419	250	0.496	1.19	14.10	6	1.42	1	2.84	10.65	14.10	10.14	400.34	389.45	2.797	4.273	21.70	33.15	200.7	1700	1	99.89	0.987	-0.156	0.08	0.00172	0.0186	0.00175	1.0	-0.22	2.74	1.00	0.00	0.16	111115
37	"15:14:51"	4513.5	0	3.46	0.0419	250	0.496	1.19	14.10	6	1.42	1	2.84	10.65	14.10	10.14	400.39	389.46	2.796	4.274	21.70	33.16	200.7	1700	1	99.89	0.987	-0.156	0.08	0.00172	0.0186	0.00175	1.0	-0.22	2.74	1.00	0.00	0.16	111115
38	"15:14:52"	4514.0	0	3.46	0.042	250	0.497	1.19	14.09	6	1.42	1	2.84	10.65	14.09	10.14	400.41	389.48	2.796	4.274	21.69	33.16	200.7	1700	1	99.89	0.987	-0.156	0.08	0.00172	0.0186	0.00175	1.0	-0.22	2.74	1.00	0.00	0.16	111115
39	"15:14:52"	4514.5	0	3.46	0.0421	250	0.497	1.19	14.08	6	1.42	1	2.84	10.65	14.08	10.14	400.42	389.51	2.795	4.274	21.68	33.16	200.7	1700	1	99.89	0.987	-0.156	0.08	0.00172	0.0186	0.00175	1.0	-0.22	2.74	1.00	0.00	0.16	111115
40	"15:14:53"	4515.0	0	3.47	0.0421	250	0.497	1.19	14.07	6	1.42	1	2.84	10.66	14.07	10.14	400.45	389.49	2.794	4.274	21.68	33.16	200.7	1700	1	99.89	0.987	-0.156	0.08	0.00172	0.0186	0.00175	1.0	-0.22	2.74	1.00	0.00	0.16	111115
41	"15:14:53"	4515.5	0	3.45	0.0421	251	0.497	1.18	14.07	6	1.42	1	2.84	10.66	14.07	10.13	400.43	389.53	2.794	4.275	21.67	33.16	200.7	1700	1	99.89	0.987	-0.156	0.08	0.00172	0.0186	0.00175	1.0	-0.22	2.74	1.00	0.00	0.16	111115
42	"15:14:54"	4516.0	0	3.46	0.0421	250	0.497	1.18	14.07	6	1.42	1	2.84	10.66	14.07	10.13	400.46	389.53	2.794	4.274	21.67	33.16	200.7	1700	1	99.89	0.987	-0.156	0.08	0.00172	0.0186	0.00175	1.0	-0.22	2.74	1.00	0.00	0.16	111115
43	"15:14:54"	4516.5	0	3.47	0.0421	250	0.497	1.18	14.06	6	1.42	1	2.84	10.66	14.06	10.13	400.48	389.54	2.793	4.274	21.67	33.15	200.6	1700	1	99.88	0.987	-0.156	0.08	0.00172	0.0186	0.00175	1.0	-0.22	2.74	1.00	0.00	0.16	111115
44	"15:14:55"	4517.0	0	3.48	0.0422	250	0.497	1.18	14.06	6	1.42	1	2.84	10.66	14.06	10.13	400.53	389.56	2.793	4.274	21.67	33.15	200.7	1700	1	99.89	0.987	-0.156	0.08	0.00172	0.0186	0.00175	1.0	-0.22	2.74	1.00	0.00	0.16	111115
45	"15:14:55"	4517.5	0	3.48	0.0422	250	0.497	1.18	14.05	6	1.42	1	2.84	10.66	14.05	10.12	400.54	389.54	2.794	4.273	21.67	33.14	200.6	1700	1	99.89	0.987	-0.156	0.08	0.00172	0.0186	0.00175	1.0	-0.22	2.74	1.00	0.00	0.16	111115
46	"15:14:56"	4518.0	0	3.49	0.0423	250	0.497	1.18	14.01	6	1.42	1	2.84	10.66	14.01	10.12	400.55	389.53	2.794	4.274	21.67	33.14	200.6	1700	1	99.89	0.987	-0.156	0.08	0.00172	0.0186	0.00175	1.0	-0.22	2.74	1.00	0.00	0.16	111115
47	"15:14:56"	4518.5	0	3.5	0.0425	250	0.497	1.17	13.97	6	1.42	1	2.84	10.66	13.97	10.12	400.57	389.52	2.793	4.273	21.66	33.14	200.6	1700	1	99.89	0.987	-0.156	0.08	0.00172	0.0186	0.00175	1.0	-0.22	2.74	1.00	0.00	0.16	111115
"15:17:10 Coolers: Tblock -> 15.00 C"
"15:22:33 Flow: Fixed -> 200 umol/s"
48	"15:22:39"	4982.0	0	3.67	0.041	237	0.55	1.34	16.67	6	1.42	1	2.84	14.86	16.67	15.12	399.95	388.33	3.999	5.634	23.55	33.18	200.6	1699	1	99.88	0.779	-0.18	0.0417	0.00539	0.0351	0.00685	1.0	-0.22	2.74	1.00	0.00	0.16	111115
49	"15:22:39"	4982.0	0	3.67	0.041	237	0.55	1.34	16.67	6	1.42	1	2.84	14.86	16.67	15.12	399.95	388.33	3.999	5.634	23.55	33.18	200.6	1699	1	99.88	0.779	-0.18	0.0417	0.00539	0.0351	0.00685	1.0	-0.22	2.74	1.00	0.00	0.16	111115
50	"15:22:40"	4982.5	0	3.68	0.0411	236	0.55	1.34	16.67	6	1.42	1	2.84	14.86	16.67	15.12	399.97	388.33	3.998	5.635	23.54	33.18	200.6	1699	1	99.88	0.779	-0.18	0.0417	0.00539	0.0351	0.00685	1.0	-0.22	2.74	1.00	0.00	0.16	111115
51	"15:22:40"	4983.0	0	3.7	0.0411	236	0.55	1.34	16.66	6	1.42	1	2.84	14.86	16.66	15.12	400.01	388.30	3.999	5.634	23.54	33.17	200.6	1699	2	99.88	0.779	-0.18	0.0417	0.00539	0.0351	0.00685	1.0	-0.22	2.74	1.00	0.00	0.16	111115
52	"15:22:41"	4983.5	0	3.69	0.0411	236	0.55	1.34	16.66	6	1.42	1	2.84	14.86	16.66	15.12	400.00	388.32	3.998	5.634	23.54	33.17	200.6	1699	2	99.88	0.779	-0.18	0.0417	0.00539	0.0351	0.00685	1.0	-0.22	2.74	1.00	0.00	0.16	111115
53	"15:22:42"	4984.0	0	3.68	0.0411	236	0.551	1.34	16.66	6	1.42	1	2.84	14.86	16.66	15.12	399.98	388.32	3.997	5.635	23.53	33.17	200.6	1699	1	99.88	0.779	-0.18	0.0417	0.00539	0.0351	0.00685	1.0	-0.22	2.74	1.00	0.00	0.16	111115
54	"15:22:42"	4984.5	0	3.7	0.0412	236	0.551	1.34	16.66	6	1.42	1	2.84	14.87	16.66	15.12	400.01	388.31	3.997	5.635	23.53	33.18	200.6	1699	1	99.88	0.779	-0.18	0.0417	0.00539	0.0351	0.00685	1.0	-0.22	2.74	1.00	0.00	0.16	111115
55	"15:22:43"	4985.0	0	3.71	0.0412	236	0.551	1.34	16.65	6	1.42	1	2.84	14.87	16.65	15.12	400.04	388.31	3.997	5.636	23.53	33.18	200.7	1699	1	99.88	0.779	-0.18	0.0417	0.00539	0.0351	0.00685	1.0	-0.22	2.74	1.00	0.00	0.16	111115
56	"15:22:44"	4985.5	0	3.72	0.0412	235	0.552	1.34	16.66	6	1.42	1	2.84	14.87	16.66	15.12	400.05	388.30	3.996	5.636	23.53	33.18	200.7	1699	1	99.88	0.779	-0.18	0.0417	0.00539	0.0351	0.00685	1.0	-0.22	2.74	1.00	0.00	0.16	111115
57	"15:22:44"	4986.0	0	3.72	0.0412	235	0.552	1.34	16.65	6	1.42	1	2.84	14.87	16.65	15.12	400.09	388.32	3.996	5.636	23.52	33.18	200.6	1699	1	99.88	0.779	-0.18	0.0417	0.00539	0.0351	0.00685	1.0	-0.22	2.74	1.00	0.00	0.16	111115
58	"15:22:45"	4987.0	0	3.73	0.0412	235	0.552	1.34	16.66	6	1.42	1	2.84	14.87	16.66	15.12	400.11	388.32	3.995	5.637	23.52	33.18	200.6	1699	1	99.88	0.779	-0.18	0.0417	0.00539	0.0351	0.00685	1.0	-0.22	2.74	1.00	0.00	0.16	111115
59	"15:22:45"	4987.5	0	3.72	0.0412	235	0.552	1.34	16.66	6	1.42	1	2.84	14.87	16.66	15.12	400.10	388.32	3.995	5.636	23.52	33.18	200.6	1699	1	99.88	0.779	-0.18	0.0417	0.00539	0.0351	0.00685	1.0	-0.22	2.74	1.00	0.00	0.16	111115
60	"15:22:46"	4988.0	0	3.73	0.0412	235	0.552	1.34	16.67	6	1.42	1	2.84	14.87	16.67	15.12	400.10	388.32	3.994	5.637	23.51	33.18	200.6	1699	1	99.88	0.779	-0.18	0.0417	0.00539	0.0351	0.00685	1.0	-0.22	2.74	1.00	0.00	0.16	111115
61	"15:22:46"	4988.5	0	3.73	0.0412	235	0.553	1.34	16.67	6	1.42	1	2.84	14.87	16.67	15.12	400.11	388.32	3.994	5.637	23.51	33.18	200.6	1699	1	99.88	0.779	-0.18	0.0417	0.00539	0.0351	0.00685	1.0	-0.22	2.74	1.00	0.00	0.16	111115
62	"15:22:47"	4989.0	0	3.73	0.0412	235	0.553	1.34	16.67	6	1.42	1	2.84	14.87	16.67	15.12	400.13	388.33	3.994	5.637	23.51	33.18	200.6	1699	1	99.88	0.779	-0.18	0.0417	0.00539	0.0351	0.00685	1.0	-0.22	2.74	1.00	0.00	0.16	111115
"15:23:40 Coolers: Tblock -> 20.00 C"
"15:30:46 Flow: Fixed -> 200 umol/s"
63	"15:30:50"	5473.5	0	3.88	0.0425	232	0.64	1.5	19.25	6	1.42	1	2.84	19.20	19.25	20.12	399.67	387.33	5.482	7.383	24.52	33.03	200.6	1699	1	99.88	0.462	-0.207	0.0752	0.00452	0.0319	0.00559	0.7	-0.22	2.74	1.00	0.00	0.16	111115
64	"15:30:50"	5473.5	0	3.88	0.0425	232	0.64	1.5	19.25	6	1.42	1	2.84	19.20	19.25	20.12	399.67	387.33	5.482	7.383	24.52	33.03	200.6	1699	1	99.88	0.462	-0.207	0.0752	0.00452	0.0319	0.00559	0.7	-0.22	2.74	1.00	0.00	0.16	111115
65	"15:30:51"	5474.0	0	3.95	0.0435	232	0.655	1.5	19.25	6	1.42	1	2.84	19.20	19.25	20.12	399.89	387.31	5.440	7.383	24.34	33.03	200.6	1699	1	99.88	0.462	-0.207	0.0752	0.00452	0.0319	0.00559	0.7	-0.22	2.74	1.00	0.00	0.16	111115
66	"15:30:51"	5474.5	0	3.94	0.0436	233	0.656	1.5	19.25	6	1.42	1	2.84	19.20	19.25	20.11	399.90	387.34	5.436	7.384	24.32	33.03	200.6	1699	1	99.88	0.462	-0.207	0.0752	0.00452	0.0319	0.00559	0.7	-0.22	2.74	1.00	0.00	0.16	111115
67	"15:30:52"	5475.0	0	3.94	0.0437	234	0.656	1.5	19.24	6	1.42	1	2.84	19.20	19.24	20.11	399.87	387.34	5.436	7.384	24.32	33.03	200.6	1699	1	99.88	0.462	-0.207	0.0752	0.00452	0.0319	0.00559	0.7	-0.22	2.74	1.00	0.00	0.16	111115
68	"15:30:52"	5475.5	0	3.95	0.0437	233	0.656	1.5	19.24	6	1.42	1	2.84	19.20	19.24	20.11	399.89	387.33	5.435	7.383	24.32	33.03	200.6	1699	1	99.88	0.462	-0.207	0.0752	0.00452	0.0319	0.00559	0.7	-0.22	2.74	1.00	0.00	0.16	111115
69	"15:30:53"	5476.0	0	3.95	0.0437	233	0.656	1.5	19.24	6	1.42	1	2.84	19.20	19.24	20.11	399.90	387.34	5.434	7.383	24.31	33.03	200.7	1699	1	99.88	0.462	-0.207	0.0752	0.00452	0.0319	0.00559	0.7	-0.22	2.74	1.00	0.00	0.16	111115
70	"15:30:54"	5476.5	0	3.96	0.0437	233	0.656	1.5	19.23	6	1.42	1	2.84	19.20	19.23	20.11	399.93	387.32	5.434	7.382	24.31	33.03	200.7	1699	1	99.88	0.462	-0.207	0.0752	0.00452	0.0319	0.00559	0.7	-0.22	2.74	1.00	0.00	0.16	111115
71	"15:30:54"	5477.0	0	3.95	0.0437	233	0.656	1.5	19.22	6	1.42	1	2.84	19.20	19.22	20.12	399.94	387.36	5.434	7.381	24.31	33.02	200.6	1699	1	99.88	0.462	-0.207	0.0752	0.00452	0.0319	0.00559	0.7	-0.22	2.74	1.00	0.00	0.16	111115
72	"15:30:55"	5478.0	0	3.96	0.0437	233	0.656	1.5	19.22	6	1.42	1	2.84	19.20	19.22	20.12	399.97	387.38	5.433	7.381	24.31	33.02	200.7	1699	1	99.88	0.462	-0.207	0.0752	0.00452	0.0319	0.00559	0.7	-0.22	2.74	1.00	0.00	0.16	111115
73	"15:30:55"	5478.5	0	3.97	0.0436	232	0.656	1.5	19.25	6	1.42	1	2.84	19.20	19.25	20.12	400.00	387.37	5.433	7.380	24.31	33.02	200.7	1699	1	99.88	0.462	-0.207	0.0752	0.00452	0.0319	0.00559	0.7	-0.22	2.74	1.00	0.00	0.16	111115
74	"15:30:56"	5479.0	0	3.98	0.0435	232	0.656	1.51	19.27	6	1.42	1	2.84	19.20	19.27	20.12	400.01	387.36	5.432	7.380	24.30	33.02	200.7	1699	1	99.88	0.462	-0.207	0.0752	0.00452	0.0319	0.00559	0.7	-0.22	2.74	1.00	0.00	0.16	111115
75	"15:30:56"	5479.5	0	3.99	0.0434	231	0.656	1.51	19.30	6	1.42	1	2.84	19.20	19.30	20.13	400.06	387.37	5.432	7.380	24.30	33.02	200.7	1699	1	99.88	0.462	-0.207	0.0752	0.00452	0.0319	0.00559	0.7	-0.22	2.74	1.00	0.00	0.16	111115
76	"15:30:57"	5480.0	0	4.02	0.0433	229	0.656	1.51	19.32	6	1.42	1	2.84	19.20	19.32	20.13	400.10	387.33	5.432	7.380	24.30	33.01	200.6	1699	1	99.88	0.462	-0.207	0.0752	0.00452	0.0319	0.00559	1.0	-0.22	2.74	1.00	0.00	0.16	111115
77	"15:30:57"	5480.5	0	4.02	0.0432	229	0.655	1.51	19.33	6	1.42	1	2.84	19.20	19.33	20.13	400.10	387.32	5.433	7.378	24.30	33.01	200.7	1699	1	99.88	0.462	-0.207	0.0752	0.00452	0.0319	0.00559	1.0	-0.22	2.74	1.00	0.00	0.16	111115
"15:31:49 Coolers: Tblock -> 25.00 C"
"15:38:31 Flow: Fixed -> 200 umol/s"
78	"15:38:46"	5948.5	0	4.04	0.0409	219	0.697	1.7	22.05	6	1.42	1	2.84	23.47	22.05	25.13	400.00	387.12	7.615	9.680	26.21	33.32	200.6	1699	1	99.88	0.0358	-0.247	0.0456	0.00444	0.0578	0.0058	1.0	-0.22	2.74	1.00	0.00	0.16	111115
79	"15:38:46"	5948.5	0	4.04	0.0409	219	0.697	1.7	22.05	6	1.42	1	2.84	23.47	22.05	25.13	400.00	387.12	7.615	9.680	26.21	33.32	200.6	1699	1	99.88	0.0358	-0.247	0.0456	0.00444	0.0578	0.0058	1.0	-0.22	2.74	1.00	0.00	0.16	111115
80	"15:38:47"	5949.0	0	4.01	0.0409	220	0.697	1.69	22.05	6	1.42	1	2.84	23.47	22.05	25.13	399.94	387.15	7.615	9.679	26.21	33.32	200.6	1699	1	99.88	0.0358	-0.247	0.0456	0.00444	0.0578	0.0058	1.0	-0.22	2.74	1.00	0.00	0.16	111115
81	"15:38:47"	5949.5	0	3.98	0.0409	221	0.697	1.69	22.05	6	1.42	1	2.84	23.47	22.05	25.13	399.87	387.16	7.615	9.680	26.21	33.32	200.6	1699	1	99.88	0.0358	-0.247	0.0456	0.00444	0.0578	0.0058	0.7	-0.22	2.74	1.00	0.00	0.16	111115
82	"15:38:48"	5950.0	0	3.96	0.0409	222	0.697	1.7	22.05	6	1.42	1	2.84	23.47	22.05	25.13	399.80	387.15	7.615	9.680	26.21	33.32	200.6	1699	1	99.88	0.0358	-0.247	0.0456	0.00444	0.0578	0.0058	1.0	-0.22	2.74	1.00	0.00	0.16	111115
83	"15:38:48"	5950.5	0	3.95	0.0409	222	0.698	1.7	22.05	6	1.42	1	2.84	23.47	22.05	25.13	399.74	387.11	7.615	9.680	26.21	33.32	200.6	1699	1	99.88	0.0358	-0.247	0.0456	0.00444	0.0578	0.0058	1.0	-0.22	2.74	1.00	0.00	0.16	111115
84	"15:38:49"	5951.0	0	3.95	0.0409	222	0.698	1.7	22.05	6	1.42	1	2.84	23.47	22.05	25.13	399.71	387.08	7.614	9.681	26.21	33.32	200.6	1699	1	99.88	0.0358	-0.247	0.0456	0.00444	0.0578	0.0058	1.0	-0.22	2.74	1.00	0.00	0.16	111115
85	"15:38:49"	5951.5	0	3.95	0.041	222	0.698	1.69	22.05	6	1.42	1	2.84	23.47	22.05	25.13	399.71	387.09	7.615	9.681	26.21	33.32	200.7	1699	1	99.88	0.0358	-0.247	0.0456	0.00444	0.0578	0.0058	1.0	-0.22	2.74	1.00	0.00	0.16	111115
86	"15:38:50"	5952.0	0	3.94	0.041	223	0.698	1.69	22.04	6	1.42	1	2.84	23.47	22.04	25.13	399.70	387.12	7.614	9.681	26.21	33.32	200.7	1699	1	99.88	0.0358	-0.247	0.0456	0.00444	0.0578	0.0058	1.0	-0.22	2.74	1.00	0.00	0.16	111115
87	"15:38:50"	5952.5	0	3.92	0.041	224	0.699	1.69	22.05	6	1.42	1	2.84	23.48	22.05	25.13	399.66	387.15	7.612	9.682	26.20	33.32	200.7	1699	1	99.88	0.0358	-0.247	0.0456	0.00444	0.0578	0.0058	1.0	-0.22	2.74	1.00	0.00	0.16	111115
88	"15:38:51"	5953.0	0	3.88	0.0411	226	0.699	1.69	22.04	6	1.42	1	2.84	23.48	22.04	25.13	399.59	387.17	7.612	9.682	26.20	33.32	200.7	1699	1	99.88	0.0358	-0.247	0.0456	0.00444	0.0578	0.0058	1.0	-0.22	2.74	1.00	0.00	0.16	111115
89	"15:38:52"	5953.5	0	3.92	0.0411	224	0.699	1.69	22.04	6	1.42	1	2.84	23.48	22.04	25.13	399.62	387.10	7.611	9.682	26.19	33.32	200.7	1699	1	99.88	0.0358	-0.247	0.0456	0.00444	0.0578	0.0058	1.0	-0.22	2.74	1.00	0.00	0.16	111115
90	"15:38:52"	5954.5	0	3.9	0.0411	225	0.699	1.69	22.03	6	1.42	1	2.84	23.48	22.03	25.12	399.61	387.12	7.611	9.681	26.19	33.32	200.6	1699	1	99.88	0.0358	-0.247	0.0456	0.00444	0.0578	0.0058	1.0	-0.22	2.74	1.00	0.00	0.16	111115
91	"15:38:53"	5955.0	0	3.89	0.0412	226	0.699	1.69	22.02	6	1.42	1	2.84	23.48	22.02	25.12	399.58	387.15	7.610	9.681	26.19	33.31	200.6	1699	1	99.88	0.0358	-0.247	0.0456	0.00444	0.0578	0.0058	1.0	-0.22	2.74	1.00	0.00	0.16	111115
92	"15:38:53"	5955.5	0	3.88	0.0412	226	0.699	1.69	22.02	6	1.42	1	2.84	23.48	22.02	25.12	399.54	387.13	7.610	9.682	26.19	33.32	200.6	1699	1	99.88	0.0358	-0.247	0.0456	0.00444	0.0578	0.0058	1.0	-0.22	2.74	1.00	0.00	0.16	111115
93	"15:38:54"	5956.0	0	3.88	0.0411	226	0.699	1.69	22.03	6	1.42	1	2.84	23.48	22.03	25.12	399.51	387.08	7.611	9.682	26.19	33.32	200.6	1699	1	99.88	0.0358	-0.247	0.0456	0.00444	0.0578	0.0058	1.0	-0.22	2.74	1.00	0.00	0.16	111115
"15:39:24 Coolers: Tblock -> 30.00 C"
"15:49:44 Flow: Fixed -> 200 umol/s"
94	"15:49:55"	6618.0	0	4.26	0.0413	209	0.859	2.06	25.86	6	1.42	1	2.84	28.22	25.86	30.10	400.12	386.37	10.360	12.895	26.93	33.51	200.6	1699	1	99.87	-0.128	-0.304	0.0725	0.0124	0.0637	0.0142	1.0	-0.22	2.74	1.00	0.00	0.16	111115
95	"15:49:56"	6618.0	0	4.26	0.0413	209	0.859	2.06	25.86	6	1.42	1	2.84	28.22	25.86	30.10	400.12	386.37	10.360	12.895	26.93	33.51	200.6	1699	1	99.87	-0.128	-0.304	0.0725	0.0124	0.0637	0.0142	1.0	-0.22	2.74	1.00	0.00	0.16	111115
96	"15:49:56"	6618.5	0	4.26	0.0413	209	0.859	2.06	25.86	6	1.42	1	2.84	28.22	25.86	30.10	400.12	386.38	10.360	12.896	26.92	33.51	200.6	1699	1	99.87	-0.128	-0.304	0.0725	0.0124	0.0637	0.0142	1.0	-0.22	2.74	1.00	0.00	0.16	111115
97	"15:49:57"	6619.0	0	4.25	0.0413	210	0.86	2.06	25.87	6	1.42	1	2.84	28.22	25.87	30.10	400.07	386.37	10.360	12.898	26.92	33.52	200.6	1699	1	99.87	-0.128	-0.304	0.0725	0.0124	0.0637	0.0142	1.0	-0.22	2.74	1.00	0.00	0.16	111115
98	"15:49:57"	6619.5	0	4.25	0.0413	210	0.86	2.06	25.87	6	1.42	1	2.84	28.22	25.87	30.10	400.08	386.38	10.360	12.899	26.92	33.52	200.6	1699	1	99.87	-0.128	-0.304	0.0725	0.0124	0.0637	0.0142	1.0	-0.22	2.74	1.00	0.00	0.16	111115
99	"15:49:58"	6620.0	0	4.23	0.0413	210	0.86	2.06	25.88	6	1.42	1	2.84	28.22	25.88	30.10	400.02	386.38	10.360	12.900	26.92	33.52	200.6	1699	1	99.87	-0.128	-0.304	0.0725	0.0124	0.0637	0.0142	1.0	-0.22	2.74	1.00	0.00	0.16	111115
100	"15:49:58"	6620.0	0	4.23	0.0413	210	0.86	2.06	25.88	6	1.42	1	2.84	28.22	25.88	30.10	400.02	386.38	10.360	12.900	26.92	33.52	200.6	1699	1	99.87	-0.128	-0.304	0.0725	0.0124	0.0637	0.0142	1.0	-0.22	2.74	1.00	0.00	0.16	111115
101	"15:49:58"	6620.5	0	4.23	0.0413	211	0.861	2.06	25.88	6	1.42	1	2.84	28.22	25.88	30.11	400.00	386.36	10.359	12.902	26.92	33.52	200.6	1699	1	99.87	-0.128	-0.304	0.0725	0.0124	0.0637	0.0142	1.0	-0.22	2.74	1.00	0.00	0.16	111115
102	"15:49:59"	6621.0	0	4.17	0.0413	213	0.86	2.06	25.89	6	1.42	1	2.84	28.22	25.89	30.11	399.89	386.42	10.361	12.902	26.92	33.52	200.5	1699	1	99.87	-0.128	-0.304	0.0725	0.0124	0.0637	0.0142	1.0	-0.22	2.74	1.00	0.00	0.16	111115
103	"15:49:59"	6621.5	0	4.13	0.0413	214	0.86	2.06	25.89	6	1.42	1	2.84	28.22	25.89	30.11	399.79	386.43	10.361	12.903	26.92	33.52	200.5	1699	1	99.87	-0.128	-0.304	0.0725	0.0124	0.0637	0.0142	1.0	-0.22	2.74	1.00	0.00	0.16	111115
104	"15:50:00"	6622.0	0	4.1	0.0413	215	0.861	2.06	25.89	6	1.42	1	2.84	28.22	25.89	30.11	399.70	386.43	10.361	12.903	26.92	33.52	200.5	1699	1	99.87	-0.128	-0.304	0.0725	0.0124	0.0637	0.0142	1.0	-0.22	2.74	1.00	0.00	0.16	111115
105	"15:50:00"	6622.5	0	4.08	0.0413	216	0.86	2.06	25.89	6	1.42	1	2.84	28.22	25.89	30.11	399.63	386.43	10.362	12.903	26.92	33.52	200.5	1699	1	99.87	-0.128	-0.304	0.0725	0.0124	0.0637	0.0142	1.0	-0.22	2.74	1.00	0.00	0.16	111115
106	"15:50:01"	6623.0	0	4.06	0.0413	217	0.861	2.06	25.89	6	1.42	1	2.84	28.22	25.89	30.11	399.58	386.44	10.362	12.904	26.92	33.52	200.5	1699	1	99.87	-0.128	-0.304	0.0725	0.0124	0.0637	0.0142	1.0	-0.22	2.74	1.00	0.00	0.16	111115
107	"15:50:01"	6623.5	0	4.05	0.0414	217	0.861	2.06	25.88	6	1.42	1	2.84	28.23	25.88	30.11	399.55	386.43	10.362	12.907	26.91	33.52	200.5	1699	1	99.87	-0.128	-0.304	0.0725	0.0124	0.0637	0.0142	1.0	-0.22	2.74	1.00	0.00	0.16	111115
108	"15:50:02"	6624.0	0	4.04	0.0414	218	0.862	2.06	25.89	6	1.42	1	2.84	28.23	25.89	30.11	399.54	386.45	10.364	12.909	26.92	33.53	200.5	1699	1	99.87	-0.128	-0.304	0.0725	0.0124	0.0637	0.0142	1.0	-0.22	2.74	1.00	0.00	0.16	111115
109	"15:50:30"	6652.5	0	4.34	0.0424	210	0.909	2.12	26.27	6	1.42	1	2.84	28.28	26.27	30.11	400.09	386.07	10.374	13.058	26.86	33.81	200.6	1700	1	99.87	-0.128	-0.304	0.0725	0.0124	0.0637	0.0142	1.0	-0.22	2.74	1.00	0.00	0.16	111115
110	"15:50:30"	6652.5	0	4.34	0.0424	210	0.909	2.12	26.27	6	1.42	1	2.84	28.28	26.27	30.11	400.09	386.07	10.374	13.058	26.86	33.81	200.6	1700	1	99.87	-0.128	-0.304	0.0725	0.0124	0.0637	0.0142	1.0	-0.22	2.74	1.00	0.00	0.16	111115
111	"15:50:31"	6653.0	0	4.34	0.0424	210	0.91	2.12	26.27	6	1.42	1	2.84	28.28	26.27	30.11	400.10	386.07	10.374	13.061	26.86	33.82	200.6	1700	1	99.87	-0.128	-0.304	0.0725	0.0124	0.0637	0.0142	1.0	-0.22	2.74	1.00	0.00	0.16	111115
112	"15:50:31"	6653.5	0	4.33	0.0424	210	0.911	2.13	26.28	6	1.42	1	2.84	28.28	26.28	30.11	400.10	386.08	10.375	13.063	26.86	33.82	200.6	1700	1	99.87	-0.128	-0.304	0.0725	0.0124	0.0637	0.0142	1.0	-0.22	2.74	1.00	0.00	0.16	111115
113	"15:50:32"	6654.0	0	4.33	0.0424	210	0.911	2.13	26.28	6	1.42	1	2.84	28.28	26.28	30.11	400.09	386.09	10.375	13.063	26.86	33.83	200.6	1700	1	99.87	-0.128	-0.304	0.0725	0.0124	0.0637	0.0142	1.0	-0.22	2.74	1.00	0.00	0.16	111115
114	"15:50:32"	6654.5	0	4.33	0.0424	210	0.911	2.12	26.28	6	1.42	1	2.84	28.28	26.28	30.11	400.09	386.07	10.375	13.063	26.86	33.82	200.6	1700	1	99.87	-0.128	-0.304	0.0725	0.0124	0.0637	0.0142	1.0	-0.22	2.74	1.00	0.00	0.16	111115
115	"15:50:33"	6655.0	0	4.35	0.0425	210	0.912	2.12	26.27	6	1.42	1	2.84	28.28	26.27	30.11	400.10	386.04	10.376	13.067	26.86	33.83	200.6	1700	1	99.87	-0.128	-0.304	0.0725	0.0124	0.0637	0.0142	1.0	-0.22	2.74	1.00	0.00	0.16	111115
116	"15:50:34"	6655.5	0	4.36	0.0425	209	0.912	2.12	26.27	6	1.42	1	2.84	28.28	26.27	30.11	400.13	386.03	10.375	13.068	26.86	33.83	200.6	1700	1	99.87	-0.128	-0.304	0.0725	0.0124	0.0637	0.0142	1.0	-0.22	2.74	1.00	0.00	0.16	111115
117	"15:50:34"	6656.0	0	4.36	0.0425	210	0.913	2.12	26.27	6	1.42	1	2.84	28.28	26.27	30.11	400.15	386.06	10.376	13.070	26.86	33.84	200.7	1700	1	99.87	-0.128	-0.304	0.0725	0.0124	0.0637	0.0142	1.0	-0.22	2.74	1.00	0.00	0.16	111115
118	"15:50:35"	6657.0	0	4.34	0.0426	211	0.914	2.12	26.28	6	1.42	1	2.84	28.28	26.28	30.12	400.14	386.10	10.376	13.074	26.86	33.84	200.6	1700	1	99.87	-0.128	-0.304	0.0725	0.0124	0.0637	0.0142	1.0	-0.22	2.74	1.00	0.00	0.16	111115
119	"15:50:35"	6657.5	0	4.35	0.0426	210	0.914	2.12	26.28	6	1.42	1	2.84	28.29	26.28	30.12	400.14	386.09	10.376	13.075	26.86	33.84	200.6	1700	1	99.87	-0.128	-0.304	0.0725	0.0124	0.0637	0.0142	1.0	-0.22	2.74	1.00	0.00	0.16	111115
120	"15:50:36"	6658.0	0	4.36	0.0426	210	0.915	2.12	26.28	6	1.42	1	2.84	28.29	26.28	30.12	400.17	386.06	10.376	13.077	26.85	33.84	200.6	1700	1	99.87	-0.128	-0.304	0.0725	0.0124	0.0637	0.0142	1.0	-0.22	2.74	1.00	0.00	0.16	111115
121	"15:50:37"	6658.5	0	4.35	0.0427	210	0.916	2.12	26.28	6	1.42	1	2.84	28.29	26.28	30.12	400.17	386.09	10.376	13.079	26.85	33.85	200.6	1700	1	99.87	-0.128	-0.304	0.0725	0.0124	0.0637	0.0142	1.0	-0.22	2.74	1.00	0.00	0.16	111115
122	"15:50:37"	6659.0	0	4.36	0.0427	210	0.916	2.12	26.28	6	1.42	1	2.84	28.29	26.28	30.12	400.20	386.09	10.377	13.080	26.86	33.85	200.6	1700	1	99.87	-0.128	-0.304	0.0725	0.0124	0.0637	0.0142	1.0	-0.22	2.74	1.00	0.00	0.16	111115
123	"15:50:38"	6660.0	0	4.37	0.0426	210	0.915	2.12	26.28	6	1.42	1	2.84	28.29	26.28	30.12	400.25	386.12	10.380	13.082	26.86	33.85	200.6	1700	1	99.87	-0.128	-0.304	0.0725	0.0124	0.0637	0.0142	1.0	-0.22	2.74	1.00	0.00	0.16	111115
124	"15:50:39"	6660.5	0	4.38	0.0427	209	0.916	2.12	26.29	6	1.42	1	2.84	28.29	26.29	30.12	400.27	386.10	10.380	13.084	26.86	33.85	200.6	1700	1	99.87	-0.128	-0.304	0.0725	0.0124	0.0637	0.0142	1.0	-0.22	2.74	1.00	0.00	0.16	111115
125	"15:52:28"	6771.0	0	4.34	0.0443	216	0.967	2.16	26.56	6	1.42	1	2.84	28.43	26.56	30.18	400.05	385.95	10.432	13.285	26.77	34.09	200.6	1700	1	99.87	-0.128	-0.304	0.0725	0.0124	0.0637	0.0142	1.0	-0.22	2.74	1.00	0.00	0.16	111115
126	"15:52:28"	6771.0	0	4.34	0.0443	216	0.967	2.16	26.56	6	1.42	1	2.84	28.43	26.56	30.18	400.05	385.95	10.432	13.285	26.77	34.09	200.6	1700	1	99.87	-0.128	-0.304	0.0725	0.0124	0.0637	0.0142	1.0	-0.22	2.74	1.00	0.00	0.16	111115
127	"15:52:29"	6771.5	0	4.35	0.0443	216	0.967	2.16	26.56	6	1.42	1	2.84	28.43	26.56	30.18	400.06	385.94	10.431	13.285	26.77	34.09	200.6	1700	1	99.87	-0.128	-0.304	0.0725	0.0124	0.0637	0.0142	1.0	-0.22	2.74	1.00	0.00	0.16	111115
128	"15:52:30"	6772.0	0	4.36	0.0443	216	0.967	2.16	26.56	6	1.42	1	2.84	28.43	26.56	30.18	400.07	385.93	10.431	13.286	26.77	34.09	200.6	1700	1	99.87	-0.128	-0.304	0.0725	0.0124	0.0637	0.0142	1.0	-0.22	2.74	1.00	0.00	0.16	111115
129	"15:52:30"	6772.5	0	4.36	0.0443	216	0.967	2.16	26.55	6	1.42	1	2.84	28.44	26.55	30.18	400.06	385.91	10.431	13.286	26.76	34.09	200.6	1700	1	99.87	-0.128	-0.304	0.0725	0.0124	0.0637	0.0142	1.0	-0.22	2.74	1.00	0.00	0.16	111115
130	"15:52:31"	6773.0	0	4.33	0.0443	217	0.967	2.16	26.55	6	1.42	1	2.84	28.44	26.55	30.18	400.04	385.96	10.431	13.286	26.76	34.09	200.6	1700	1	99.87	-0.128	-0.304	0.0725	0.0124	0.0637	0.0142	1.0	-0.22	2.74	1.00	0.00	0.16	111115
131	"15:52:31"	6773.5	0	4.33	0.0443	217	0.967	2.16	26.55	6	1.42	1	2.84	28.44	26.55	30.18	400.03	385.95	10.431	13.286	26.76	34.09	200.6	1700	1	99.87	-0.128	-0.304	0.0725	0.0124	0.0637	0.0142	1.0	-0.22	2.74	1.00	0.00	0.16	111115
132	"15:52:32"	6774.0	0	4.34	0.0443	217	0.967	2.16	26.55	6	1.42	1	2.84	28.44	26.55	30.18	400.05	385.95	10.431	13.286	26.76	34.09	200.6	1700	1	99.87	-0.128	-0.304	0.0725	0.0124	0.0637	0.0142	1.0	-0.22	2.74	1.00	0.00	0.16	111115
133	"15:52:33"	6774.5	0	4.33	0.0444	217	0.968	2.16	26.55	6	1.42	1	2.84	28.44	26.55	30.18	400.04	385.97	10.431	13.287	26.76	34.09	200.6	1700	1	99.87	-0.128	-0.304	0.0725	0.0124	0.0637	0.0142	1.0	-0.22	2.74	1.00	0.00	0.16	111115
134	"15:52:34"	6775.5	0	4.32	0.0444	217	0.968	2.16	26.55	6	1.42	1	2.84	28.44	26.55	30.17	400.04	385.99	10.432	13.288	26.76	34.09	200.6	1700	1	99.87	-0.128	-0.304	0.0725	0.0124	0.0637	0.0142	1.0	-0.22	2.74	1.00	0.00	0.16	111115
135	"15:52:34"	6776.0	0	4.34	0.0444	217	0.968	2.16	26.55	6	1.42	1	2.84	28.44	26.55	30.17	400.07	385.98	10.433	13.288	26.76	34.09	200.6	1700	1	99.87	-0.128	-0.304	0.0725	0.0124	0.0637	0.0142	1.0	-0.22	2.74	1.00	0.00	0.16	111115
136	"15:52:35"	6777.0	0	4.37	0.0443	215	0.968	2.16	26.56	6	1.42	1	2.84	28.44	26.56	30.17	400.12	385.93	10.432	13.290	26.76	34.09	200.6	1700	1	99.87	-0.128	-0.304	0.0725	0.0124	0.0637	0.0142	1.0	-0.22	2.74	1.00	0.00	0.16	111115
137	"15:52:35"	6777.5	0	4.36	0.0443	216	0.968	2.16	26.57	6	1.42	1	2.84	28.44	26.57	30.17	400.14	385.97	10.432	13.290	26.76	34.09	200.6	1700	2	99.87	-0.128	-0.304	0.0725	0.0124	0.0637	0.0142	1.0	-0.22	2.74	1.00	0.00	0.16	111115
138	"15:52:36"	6778.0	0	4.37	0.0443	215	0.968	2.16	26.57	6	1.42	1	2.84	28.44	26.57	30.17	400.15	385.96	10.433	13.291	26.76	34.09	200.6	1700	2	99.87	-0.128	-0.304	0.0725	0.0124	0.0637	0.0142	1.0	-0.22	2.74	1.00	0.00	0.16	111115
139	"15:52:36"	6778.5	0	4.37	0.0443	215	0.968	2.16	26.57	6	1.42	1	2.84	28.44	26.57	30.17	400.15	385.96	10.433	13.291	26.76	34.09	200.6	1700	1	99.87	-0.128	-0.304	0.0725	0.0124	0.0637	0.0142	1.0	-0.22	2.74	1.00	0.00	0.16	111115
140	"15:52:37"	6779.0	0	4.37	0.0443	215	0.968	2.16	26.57	6	1.42	1	2.84	28.44	26.57	30.17	400.15	385.95	10.434	13.291	26.76	34.09	200.6	1700	1	99.87	-0.128	-0.304	0.0725	0.0124	0.0637	0.0142	1.0	-0.22	2.74	1.00	0.00	0.16	111115
"15:53:14 Coolers: Tblock -> 35.00 C"
"15:56:50 Flow: Fixed -> 200 umol/s"
141	"15:56:55"	7038.0	0	4.18	0.0436	218	1.13	2.55	29.04	6	1.42	1	2.84	32.52	29.04	35.13	400.04	386.24	11.495	14.816	23.35	30.10	200.6	1699	1	99.87	-0.616	-0.334	0.093	0.00567	0.0637	0.00547	1.0	-0.22	2.74	1.00	0.00	0.16	111115
142	"15:56:55"	7038.0	0	4.18	0.0436	218	1.13	2.55	29.04	6	1.42	1	2.84	32.52	29.04	35.13	400.04	386.24	11.495	14.816	23.35	30.10	200.6	1699	1	99.87	-0.616	-0.334	0.093	0.00567	0.0637	0.00547	1.0	-0.22	2.74	1.00	0.00	0.16	111115
143	"15:56:56"	7038.5	0	4.17	0.0436	219	1.13	2.55	29.04	6	1.42	1	2.84	32.52	29.04	35.13	400.05	386.27	11.492	14.817	23.34	30.10	200.6	1699	1	99.87	-0.616	-0.334	0.093	0.00567	0.0637	0.00547	1.0	-0.22	2.74	1.00	0.00	0.16	111115
144	"15:56:57"	7039.0	0	4.14	0.0436	220	1.13	2.55	29.04	6	1.42	1	2.84	32.52	29.04	35.14	400.01	386.31	11.491	14.816	23.34	30.09	200.5	1699	1	99.87	-0.616	-0.334	0.093	0.00567	0.0637	0.00547	1.0	-0.22	2.74	1.00	0.00	0.16	111115
145	"15:56:57"	7039.5	0	4.17	0.0436	219	1.13	2.55	29.04	6	1.42	1	2.84	32.52	29.04	35.14	400.04	386.28	11.492	14.817	23.34	30.09	200.6	1699	1	99.87	-0.616	-0.334	0.093	0.00567	0.0637	0.00547	1.0	-0.22	2.74	1.00	0.00	0.16	111115
146	"15:56:58"	7040.0	0	4.14	0.0436	219	1.13	2.55	29.04	6	1.42	1	2.84	32.52	29.04	35.14	400.01	386.31	11.492	14.816	23.34	30.09	200.5	1699	1	99.87	-0.616	-0.334	0.093	0.00567	0.0637	0.00547	1.0	-0.22	2.74	1.00	0.00	0.16	111115
147	"15:56:58"	7040.5	0	4.13	0.0436	220	1.13	2.55	29.05	6	1.42	1	2.84	32.52	29.05	35.13	399.99	386.33	11.491	14.815	23.34	30.09	200.6	1699	1	99.87	-0.616	-0.334	0.093	0.00567	0.0637	0.00547	1.0	-0.22	2.74	1.00	0.00	0.16	111115
148	"15:56:59"	7041.0	0	4.14	0.0436	219	1.13	2.55	29.05	6	1.42	1	2.84	32.52	29.05	35.13	400.04	386.35	11.491	14.817	23.33	30.09	200.6	1699	1	99.87	-0.616	-0.334	0.093	0.00567	0.0637	0.00547	1.0	-0.22	2.74	1.00	0.00	0.16	111115
149	"15:56:59"	7041.5	0	4.14	0.0435	219	1.13	2.56	29.06	6	1.42	1	2.84	32.53	29.06	35.13	400.06	386.36	11.491	14.817	23.33	30.08	200.6	1699	1	99.87	-0.616	-0.334	0.093	0.00567	0.0637	0.00547	1.0	-0.22	2.74	1.00	0.00	0.16	111115
150	"15:57:00"	7042.0	0	4.14	0.0435	219	1.13	2.56	29.06	6	1.42	1	2.84	32.53	29.06	35.13	400.08	386.37	11.490	14.817	23.33	30.08	200.6	1699	1	99.87	-0.616	-0.334	0.093	0.00567	0.0637	0.00547	1.0	-0.22	2.74	1.00	0.00	0.16	111115
151	"15:57:00"	7042.5	0	4.17	0.0435	218	1.13	2.56	29.07	6	1.42	1	2.84	32.53	29.07	35.13	400.11	386.33	11.490	14.817	23.33	30.08	200.6	1699	1	99.87	-0.616	-0.334	0.093	0.00567	0.0637	0.00547	1.0	-0.22	2.74	1.00	0.00	0.16	111115
152	"15:57:01"	7043.0	0	4.21	0.0435	217	1.13	2.56	29.07	6	1.42	1	2.84	32.53	29.07	35.13	400.18	386.30	11.491	14.819	23.33	30.08	200.6	1699	1	99.87	-0.616	-0.334	0.093	0.00567	0.0637	0.00547	1.0	-0.22	2.74	1.00	0.00	0.16	111115
153	"15:57:02"	7043.5	0	4.21	0.0435	217	1.13	2.56	29.07	6	1.42	1	2.84	32.53	29.07	35.13	400.20	386.31	11.491	14.818	23.33	30.08	200.6	1699	1	99.87	-0.616	-0.334	0.093	0.00567	0.0637	0.00547	1.0	-0.22	2.74	1.00	0.00	0.16	111115
154	"15:57:02"	7044.5	0	4.19	0.0435	217	1.13	2.56	29.08	6	1.42	1	2.84	32.53	29.08	35.13	400.17	386.33	11.492	14.817	23.32	30.07	200.6	1699	1	99.87	-0.616	-0.334	0.093	0.00567	0.0637	0.00547	1.0	-0.22	2.74	1.00	0.00	0.16	111115
155	"15:57:03"	7045.0	0	4.18	0.0435	218	1.13	2.56	29.08	6	1.42	1	2.84	32.53	29.08	35.13	400.13	386.32	11.493	14.817	23.33	30.07	200.6	1699	1	99.87	-0.616	-0.334	0.093	0.00567	0.0637	0.00547	1.0	-0.22	2.74	1.00	0.00	0.16	111115
156	"15:57:03"	7045.5	0	4.17	0.0435	218	1.13	2.56	29.07	6	1.42	1	2.84	32.53	29.07	35.13	400.10	386.32	11.493	14.817	23.33	30.07	200.6	1699	1	99.87	-0.616	-0.334	0.093	0.00567	0.0637	0.00547	1.0	-0.22	2.74	1.00	0.00	0.16	111115
157	"15:57:04"	7046.0	0	4.19	0.0434	217	1.13	2.56	29.07	6	1.42	1	2.84	32.53	29.07	35.13	400.11	386.28	11.494	14.816	23.33	30.07	200.6	1699	1	99.87	-0.616	-0.334	0.093	0.00567	0.0637	0.00547	1.0	-0.22	2.74	1.00	0.00	0.16	111115
158	"15:57:05"	7046.5	0	4.19	0.0435	217	1.13	2.56	29.07	6	1.42	1	2.84	32.53	29.07	35.12	400.10	386.27	11.494	14.816	23.33	30.07	200.6	1699	1	99.87	-0.616	-0.334	0.093	0.00567	0.0637	0.00547	1.0	-0.22	2.74	1.00	0.00	0.16	111115
"15:59:20 Coolers: Tblock -> 40.00 C"
"16:02:32 Flow: Fixed -> 200 umol/s"
159	"16:02:39"	7382.5	0	3.41	0.0348	214	1.13	3.2	31.72	6	1.42	1	2.84	36.69	31.72	40.12	399.79	388.28	11.681	15.025	18.81	24.20	200.5	1701	1	99.87	-0.271	-0.331	0.0558	0.00118	0.0573	0.000781	1.0	-0.22	2.74	1.00	0.00	0.16	111115
160	"16:02:39"	7382.5	0	3.41	0.0348	214	1.13	3.2	31.72	6	1.42	1	2.84	36.69	31.72	40.12	399.79	388.28	11.681	15.025	18.81	24.20	200.5	1701	1	99.87	-0.271	-0.331	0.0558	0.00118	0.0573	0.000781	1.0	-0.22	2.74	1.00	0.00	0.16	111115
161	"16:02:39"	7382.5	0	3.41	0.0348	214	1.13	3.2	31.72	6	1.42	1	2.84	36.69	31.72	40.12	399.79	388.28	11.681	15.025	18.81	24.20	200.5	1701	1	99.87	-0.271	-0.331	0.0558	0.00118	0.0573	0.000781	1.0	-0.22	2.74	1.00	0.00	0.16	111115
162	"16:02:40"	7383.0	0	3.4	0.0347	214	1.13	3.2	31.72	6	1.42	1	2.84	36.69	31.72	40.12	399.76	388.26	11.681	15.024	18.81	24.20	200.5	1701	1	99.87	-0.271	-0.331	0.0558	0.00118	0.0573	0.000781	1.0	-0.22	2.74	1.00	0.00	0.16	111115
163	"16:02:41"	7383.5	0	3.38	0.0347	215	1.13	3.2	31.73	6	1.42	1	2.84	36.69	31.73	40.12	399.72	388.29	11.682	15.023	18.81	24.20	200.5	1701	1	99.87	-0.271	-0.331	0.0558	0.00118	0.0573	0.000781	1.0	-0.22	2.74	1.00	0.00	0.16	111115
164	"16:02:41"	7384.0	0	3.36	0.0347	216	1.13	3.2	31.73	6	1.42	1	2.84	36.70	31.73	40.12	399.69	388.32	11.682	15.022	18.81	24.19	200.6	1701	1	99.87	-0.271	-0.331	0.0558	0.00118	0.0573	0.000781	1.0	-0.22	2.74	1.00	0.00	0.16	111115
165	"16:02:42"	7384.5	0	3.34	0.0347	217	1.13	3.2	31.73	6	1.42	1	2.84	36.70	31.73	40.12	399.69	388.38	11.683	15.023	18.82	24.20	200.6	1701	1	99.87	-0.271	-0.331	0.0558	0.00118	0.0573	0.000781	1.0	-0.22	2.74	1.00	0.00	0.16	111115
166	"16:02:42"	7385.0	0	3.37	0.0347	215	1.13	3.2	31.73	6	1.42	1	2.84	36.70	31.73	40.12	399.72	388.34	11.683	15.024	18.82	24.20	200.6	1701	1	99.87	-0.271	-0.331	0.0558	0.00118	0.0573	0.000781	1.0	-0.22	2.74	1.00	0.00	0.16	111115
167	"16:02:43"	7385.5	0	3.37	0.0347	215	1.13	3.2	31.73	6	1.42	1	2.84	36.70	31.73	40.12	399.72	388.32	11.684	15.023	18.81	24.19	200.6	1701	1	99.87	-0.271	-0.331	0.0558	0.00118	0.0573	0.000781	1.0	-0.22	2.74	1.00	0.00	0.16	111115
168	"16:02:43"	7386.0	0	3.39	0.0347	214	1.13	3.2	31.73	6	1.42	1	2.84	36.70	31.73	40.12	399.78	388.33	11.684	15.022	18.81	24.19	200.6	1701	1	99.87	-0.271	-0.331	0.0558	0.00118	0.0573	0.000781	1.0	-0.22	2.74	1.00	0.00	0.16	111115
169	"16:02:44"	7386.5	0	3.39	0.0346	214	1.13	3.2	31.73	6	1.42	1	2.84	36.70	31.73	40.12	399.80	388.35	11.686	15.022	18.82	24.19	200.6	1701	1	99.87	-0.271	-0.331	0.0558	0.00118	0.0573	0.000781	1.0	-0.22	2.74	1.00	0.00	0.16	111115
170	"16:02:44"	7387.0	0	3.4	0.0346	214	1.13	3.2	31.74	6	1.42	1	2.84	36.70	31.74	40.13	399.83	388.36	11.687	15.022	18.82	24.19	200.6	1701	1	99.87	-0.271	-0.331	0.0558	0.00118	0.0573	0.000781	1.0	-0.22	2.74	1.00	0.00	0.16	111115
171	"16:02:45"	7387.5	0	3.42	0.0346	213	1.13	3.2	31.73	6	1.42	1	2.84	36.70	31.73	40.13	399.87	388.32	11.686	15.021	18.81	24.18	200.6	1701	1	99.87	-0.271	-0.331	0.0558	0.00118	0.0573	0.000781	1.0	-0.22	2.74	1.00	0.00	0.16	111115
172	"16:02:45"	7388.0	0	3.45	0.0346	211	1.13	3.2	31.73	6	1.42	1	2.84	36.70	31.73	40.13	399.92	388.30	11.687	15.021	18.81	24.18	200.6	1701	1	99.87	-0.271	-0.331	0.0558	0.00118	0.0573	0.000781	1.0	-0.22	2.74	1.00	0.00	0.16	111115
173	"16:02:46"	7388.5	0	3.47	0.0346	210	1.13	3.2	31.73	6	1.42	1	2.84	36.71	31.73	40.13	399.96	388.25	11.688	15.020	18.81	24.18	200.6	1701	1	99.87	-0.271	-0.331	0.0558	0.00118	0.0573	0.000781	1.0	-0.22	2.74	1.00	0.00	0.16	111115
174	"16:02:46"	7389.0	0	3.48	0.0346	210	1.13	3.2	31.72	6	1.42	1	2.84	36.71	31.72	40.13	399.98	388.26	11.687	15.019	18.81	24.17	200.6	1701	1	99.87	-0.271	-0.331	0.0558	0.00118	0.0573	0.000781	1.0	-0.22	2.74	1.00	0.00	0.16	111115
"16:03:36 Coolers: Tblock -> 45.00 C"
"16:11:39 Flow: Fixed -> 200 umol/s"
175	"16:11:42"	7925.5	0	2.89	0.0283	208	1.02	3.53	32.86	6	1.42	1	2.84	40.93	32.86	45.18	399.85	390.00	11.814	14.836	15.15	19.02	200.5	1700	1	99.87	-0.629	-0.328	0.0751	0.00864	0.0704	0.00846	1.0	-0.22	2.74	1.00	0.00	0.16	111115
176	"16:11:43"	7926.0	0	2.9	0.0284	208	1.03	3.53	32.86	6	1.42	1	2.84	40.93	32.86	45.18	399.89	390.01	11.804	14.836	15.14	19.02	200.5	1700	1	99.87	-0.629	-0.328	0.0751	0.00864	0.0704	0.00846	1.0	-0.22	2.74	1.00	0.00	0.16	111115
177	"16:11:43"	7926.0	0	2.9	0.0284	208	1.03	3.53	32.86	6	1.42	1	2.84	40.93	32.86	45.18	399.89	390.01	11.804	14.836	15.14	19.02	200.5	1700	1	99.87	-0.629	-0.328	0.0751	0.00864	0.0704	0.00846	1.0	-0.22	2.74	1.00	0.00	0.16	111115
178	"16:11:44"	7926.5	0	2.91	0.0285	208	1.03	3.53	32.87	6	1.42	1	2.84	40.93	32.87	45.18	399.92	390.00	11.796	14.837	15.12	19.02	200.5	1700	1	99.87	-0.629	-0.328	0.0751	0.00864	0.0704	0.00846	1.0	-0.22	2.74	1.00	0.00	0.16	111115
179	"16:11:44"	7927.0	0	2.96	0.0289	207	1.05	3.54	32.89	6	1.42	1	2.84	40.93	32.89	45.18	400.05	389.97	11.745	14.836	15.06	19.02	200.5	1700	1	99.86	-0.629	-0.328	0.0751	0.00864	0.0704	0.00846	1.0	-0.22	2.74	1.00	0.00	0.16	111115
180	"16:11:45"	7927.5	0	2.99	0.0289	205	1.05	3.54	32.90	6	1.42	1	2.84	40.93	32.90	45.18	400.11	389.93	11.743	14.836	15.05	19.02	200.5	1700	1	99.86	-0.629	-0.328	0.0751	0.00864	0.0704	0.00846	1.0	-0.22	2.74	1.00	0.00	0.16	111115
181	"16:11:46"	7928.0	0	3.01	0.0289	204	1.05	3.54	32.89	6	1.42	1	2.84	40.93	32.89	45.18	400.15	389.91	11.742	14.836	15.05	19.01	200.5	1700	1	99.86	-0.629	-0.328	0.0751	0.00864	0.0704	0.00846	1.0	-0.22	2.74	1.00	0.00	0.16	111115
182	"16:11:46"	7928.5	0	2.99	0.0289	206	1.05	3.54	32.90	6	1.42	1	2.84	40.94	32.90	45.18	400.14	389.96	11.742	14.836	15.05	19.01	200.5	1700	1	99.86	-0.629	-0.328	0.0751	0.00864	0.0704	0.00846	1.0	-0.22	2.74	1.00	0.00	0.16	111115
183	"16:11:47"	7929.0	0	2.98	0.0289	206	1.05	3.54	32.90	6	1.42	1	2.84	40.94	32.90	45.18	400.13	389.98	11.743	14.836	15.05	19.01	200.5	1700	1	99.86	-0.629	-0.328	0.0751	0.00864	0.0704	0.00846	1.0	-0.22	2.74	1.00	0.00	0.16	111115
184	"16:11:47"	7930.0	0	2.98	0.0289	206	1.05	3.55	32.92	6	1.42	1	2.84	40.94	32.92	45.17	400.15	390.00	11.743	14.837	15.04	19.01	200.6	1700	1	99.87	-0.629	-0.328	0.0751	0.00864	0.0704	0.00846	1.0	-0.22	2.74	1.00	0.00	0.16	111115
185	"16:11:48"	7930.5	0	2.97	0.0289	206	1.05	3.55	32.93	6	1.42	1	2.84	40.95	32.93	45.17	400.12	390.00	11.741	14.837	15.04	19.00	200.5	1700	1	99.87	-0.629	-0.328	0.0751	0.00864	0.0704	0.00846	1.0	-0.22	2.74	1.00	0.00	0.16	111115
186	"16:11:48"	7931.0	0	2.98	0.0289	206	1.05	3.55	32.93	6	1.42	1	2.84	40.95	32.93	45.17	400.15	390.02	11.741	14.839	15.04	19.00	200.5	1700	1	99.87	-0.629	-0.328	0.0751	0.00864	0.0704	0.00846	1.0	-0.22	2.74	1.00	0.00	0.16	111115
187	"16:11:49"	7931.5	0	2.97	0.0289	206	1.05	3.55	32.93	6	1.42	1	2.84	40.95	32.93	45.16	400.15	390.03	11.741	14.840	15.03	19.00	200.5	1700	1	99.87	-0.629	-0.328	0.0751	0.00864	0.0704	0.00846	1.0	-0.22	2.74	1.00	0.00	0.16	111115
188	"16:11:49"	7932.0	0	2.92	0.0289	210	1.05	3.55	32.93	6	1.42	1	2.84	40.95	32.93	45.16	400.07	390.12	11.741	14.839	15.03	19.00	200.5	1700	1	99.87	-0.629	-0.328	0.0751	0.00864	0.0704	0.00846	1.0	-0.22	2.74	1.00	0.00	0.16	111115
189	"16:11:50"	7932.5	0	2.92	0.0289	209	1.05	3.55	32.94	6	1.42	1	2.84	40.95	32.94	45.16	400.07	390.11	11.741	14.840	15.03	19.00	200.5	1700	1	99.87	-0.629	-0.328	0.0751	0.00864	0.0704	0.00846	1.0	-0.22	2.74	1.00	0.00	0.16	111115
190	"16:11:50"	7933.0	0	2.94	0.0289	208	1.05	3.55	32.94	6	1.42	1	2.84	40.96	32.94	45.16	400.10	390.09	11.741	14.839	15.03	19.00	200.5	1700	1	99.87	-0.629	-0.328	0.0751	0.00864	0.0704	0.00846	1.0	-0.22	2.74	1.00	0.00	0.16	111115
"16:12:18 Coolers: Tblock -> 50.00 C"
"16:14:30 Flow: Fixed -> 200 umol/s"
191	"16:14:31"	8094.5	0	2.48	0.0291	230	1.31	4.37	35.95	6	1.42	1	2.84	44.98	35.95	49.90	399.39	390.46	12.063	15.909	12.51	16.50	200.6	1700	1	99.87	-0.878	-0.394	0.0456	0.0199	0.0404	0.0192	1.0	-0.22	2.74	1.00	0.00	0.16	111115
192	"16:14:32"	8095.0	0	2.54	0.0297	230	1.34	4.37	35.96	6	1.42	1	2.84	44.98	35.96	49.90	399.66	390.51	11.974	15.911	12.42	16.50	200.6	1700	1	99.87	-0.878	-0.394	0.0456	0.0199	0.0404	0.0192	1.0	-0.22	2.74	1.00	0.00	0.16	111115
193	"16:14:32"	8095.0	0	2.54	0.0297	230	1.34	4.37	35.96	6	1.42	1	2.84	44.98	35.96	49.90	399.66	390.51	11.974	15.911	12.42	16.50	200.6	1700	1	99.87	-0.878	-0.394	0.0456	0.0199	0.0404	0.0192	1.0	-0.22	2.74	1.00	0.00	0.16	111115
194	"16:14:33"	8095.5	0	2.54	0.03	231	1.35	4.37	35.97	6	1.42	1	2.84	44.99	35.97	49.89	399.72	390.54	11.931	15.911	12.37	16.50	200.6	1700	1	99.87	-0.878	-0.394	0.0456	0.0199	0.0404	0.0192	1.0	-0.22	2.74	1.00	0.00	0.16	111115
195	"16:14:33"	8096.0	0	2.53	0.0303	233	1.36	4.37	35.97	6	1.42	1	2.84	44.99	35.97	49.89	399.69	390.53	11.903	15.911	12.34	16.50	200.6	1700	1	99.87	-0.878	-0.394	0.0456	0.0199	0.0404	0.0192	1.0	-0.22	2.74	1.00	0.00	0.16	111115
196	"16:14:34"	8096.5	0	2.52	0.0304	234	1.37	4.37	35.97	6	1.42	1	2.84	44.99	35.97	49.89	399.68	390.55	11.885	15.914	12.32	16.50	200.6	1700	1	99.87	-0.878	-0.394	0.0456	0.0199	0.0404	0.0192	1.0	-0.22	2.74	1.00	0.00	0.16	111115
197	"16:14:34"	8097.0	0	2.53	0.0305	234	1.37	4.37	35.98	6	1.42	1	2.84	44.99	35.98	49.89	399.70	390.52	11.871	15.913	12.31	16.50	200.6	1700	1	99.87	-0.878	-0.394	0.0456	0.0199	0.0404	0.0192	1.0	-0.22	2.74	1.00	0.00	0.16	111115
198	"16:14:35"	8097.5	0	2.55	0.0306	233	1.38	4.37	35.98	6	1.42	1	2.84	44.99	35.98	49.89	399.72	390.49	11.861	15.914	12.30	16.50	200.6	1700	1	99.87	-0.878	-0.394	0.0456	0.0199	0.0404	0.0192	1.0	-0.22	2.74	1.00	0.00	0.16	111115
199	"16:14:36"	8098.0	0	2.56	0.0311	235	1.4	4.37	35.98	6	1.42	1	2.84	44.99	35.98	49.88	399.82	390.52	11.795	15.914	12.23	16.49	200.5	1700	1	99.87	-0.878	-0.394	0.0456	0.0199	0.0404	0.0192	1.0	-0.22	2.74	1.00	0.00	0.16	111115
200	"16:14:36"	8098.5	0	2.58	0.0311	234	1.4	4.37	35.99	6	1.42	1	2.84	45.00	35.99	49.88	399.87	390.53	11.792	15.917	12.22	16.50	200.5	1700	1	99.87	-0.878	-0.394	0.0456	0.0199	0.0404	0.0192	1.0	-0.22	2.74	1.00	0.00	0.16	111115
201	"16:14:37"	8099.0	0	2.58	0.0311	234	1.4	4.38	35.99	6	1.42	1	2.84	45.00	35.99	49.88	399.85	390.49	11.791	15.918	12.22	16.49	200.5	1700	1	99.87	-0.878	-0.394	0.0456	0.0199	0.0404	0.0192	1.0	-0.22	2.74	1.00	0.00	0.16	111115
202	"16:14:37"	8099.5	0	2.59	0.0311	233	1.4	4.38	36.00	6	1.42	1	2.84	45.00	36.00	49.88	399.87	390.47	11.790	15.920	12.22	16.50	200.5	1700	1	99.87	-0.878	-0.394	0.0456	0.0199	0.0404	0.0192	1.0	-0.22	2.74	1.00	0.00	0.16	111115
203	"16:14:38"	8100.0	0	2.58	0.0311	234	1.4	4.38	36.00	6	1.42	1	2.84	45.00	36.00	49.87	399.86	390.52	11.790	15.922	12.21	16.50	200.5	1700	1	99.87	-0.878	-0.394	0.0456	0.0199	0.0404	0.0192	1.0	-0.22	2.74	1.00	0.00	0.16	111115
204	"16:14:38"	8100.5	0	2.59	0.0311	233	1.4	4.38	36.01	6	1.42	1	2.84	45.01	36.01	49.87	399.89	390.51	11.791	15.923	12.21	16.49	200.5	1700	1	99.87	-0.878	-0.394	0.0456	0.0199	0.0404	0.0192	1.0	-0.22	2.74	1.00	0.00	0.16	111115
205	"16:14:39"	8101.0	0	2.58	0.0311	234	1.4	4.39	36.02	6	1.42	1	2.84	45.01	36.02	49.87	399.91	390.56	11.791	15.926	12.21	16.49	200.5	1700	1	99.87	-0.878	-0.394	0.0456	0.0199	0.0404	0.0192	1.0	-0.22	2.74	1.00	0.00	0.16	111115
