"OPEN 6.3.3"
"Sat Jul 21 2018 14:06:45"
<open><version>"6.3.3"</version></open>
<open><configfile>"/User/Configs/UserPrefs/2x3 LED.xml"</configfile></open>
<open><light><source>"6400-02 or -02B LED Source"</source><par_in>1<sensor>"SI-4027"<cal>-1.00<actinity>1.00</actinity><transm>1.00</transm></cal></sensor><transm>1</transm></par_in><par_out>1<sensor>"Q51318"<cal>6.49</cal></sensor></par_out></light></open>
<open><comps><file>"/User/Configs/Comps/StdComps_6.3"<header>""</header><extras></extras></file><energybal>no<f_parIn>1</f_parIn><f_parOut>0</f_parOut><alphaK>0.16</alphaK></energybal><bc_total>2.840<stomatal_ratio>1</stomatal_ratio><bc_oneside>1.420<type>2</type><table>"/Sys/Lib/StdBLCTable"</table><area>6</area><slope>-0.219565</slope><offset>2.73739</offset><fan>5</fan></bc_oneside></bc_total></comps></open>
<open><prompts><onlog>off</onlog><items>"Default (none)"</items></prompts></open>
<open><constants><oxygen>21 %</oxygen><bb_vapor>1.5</bb_vapor><bb_oxy>0.9</bb_oxy></constants></open>
<open><stability><items>"Std Stability"<items[1]><id>-2</id><size>15</size><pcv><onoff>0</onoff><value>1</value></pcv><std><onoff>0</onoff><value>1</value></std><slp><onoff>1</onoff><value>1</value></slp></items[1]><items[2]><id>-5</id><size>15</size><pcv><onoff>0</onoff><value>1</value></pcv><std><onoff>0</onoff><value>1</value></std><slp><onoff>1</onoff><value>1</value></slp></items[2]><items[3]><id>-7</id><size>15</size><pcv><onoff>0</onoff><value>1</value></pcv><std><onoff>0</onoff><value>1</value></std><slp><onoff>1</onoff><value>1</value></slp></items[3]></items></stability></open>
<open><log><format>"StdLogFmt_6.3"<items>{ -35 -21 -36 -76 30 23 36 21 25 221 -33 111 -34 11 -9 -10 -8 -1 -2 -4 -5 -14 -15 -7 -12 -13 -11 -65 -66 -117 -119 -116 -118 -72 -18 -19 -77 -78 -79 -23  }<hdr>{  }</hdr></items></format><options><beep>on</beep><match>"never"<time>30</time><co2>100</co2><delta>10</delta></match><hdr>normal</hdr><rem>normal</rem><stab>no</stab><stats>no<mean>no</mean><file>no</file><period>15</period></stats><excel>yes</excel><controls>yes</controls><comm>no</comm></options><datafile>"/User/0000-AAL5645-210718"</datafile><button><action>"Normal Log"<code>" LogOneObsManual "</code></action></button><autoprog>"/User/Configs/AutoProgs/AutoLog2"<active>no</active></autoprog></log></open>
<open><a2d><avgtime>4.0 secs</avgtime><userchans><ch20>"Off"</ch20><ch21>"Off"</ch21><ch22>"Off"</ch22><ch23>"Off"</ch23></userchans></a2d></open>
<open><matching><type>0</type><disp>'a'</disp><settings>><CO2Limit>10.0</CO2Limit><H2OLimit>1.0</H2OLimit><MaxAutoTime>60</MaxAutoTime><AverageTime>10</AverageTime></settings></matching></open>
<li6400><factory><unit>"PSC-4123"</unit><serviced>"19.01.2017"</serviced><fuseaware>0</fuseaware><co2mixer>yes</co2mixer><co2><coeffs>{ 0 0.219912 1.60869e-05 2.42627e-08 -3.602e-12 2.3711e-16  }</coeffs><dvdt>-4.1</dvdt><xs>{ -0.00117 -1.14e-05  }</xs></co2><h2o><coeffs>{ 0 0.00612804 1.69186e-06 1.49192e-10  }</coeffs><dvdt>-2.5</dvdt><xs>{ -0.000351 -0.00239  }</xs></h2o><flow>{ 0 0.3738  }</flow><press>{ 87.734 0.00547  }</press></factory></li6400>
<li6400><user><flow_zero>-547.7</flow_zero><irga_zero><co2>-79.5 -79.5<at>32.3675</at></co2><h2o>37.6 -1.4<at>33.9874</at></h2o></irga_zero><irga_span><co2>{ 0.985904 0.986618  }</co2><h2o>{ 1.00683 0.993449  }</h2o></irga_span><irga_match><co2>{ -1.70314 -0.535186  }</co2><h2o>{ -0.0708174 -0.356815  }</h2o></irga_match><co2_mixer><pump_mv>4500</pump_mv><ppm>{ 2330.31 1136.88 449.46 273.386 125.406 73.118 48.0557 40.3927  }</ppm><mv>{ 5000 3000 1500 1000 500 300 200 100  }</mv></co2_mixer><parin_offset>0</parin_offset><led_cal><unit>"SI-4027"</unit><mv>{ 10 25 50 100 1000 2000 3000 4000 5000  }</mv><qntm>{ 3.39689 11.1502 23.8626 52.4799 561.717 1093.55 1598.71 2081.76 2538.89  }</qntm></led_cal><lcf_cal><unit>"unknown"</unit><red><mv>{ 50 100 500 1000 1500 5000  }</mv><qntm>{ 50 100 500 1000 2000 5000  }</qntm></red><blue><mv>{ 100 200 500 1000 2000 5000  }</mv><qntm>{ 10 20 50 100 200 500  }</qntm></blue></lcf_cal></user></li6400>
"14:06:56 "
$STARTOFDATA$
"Obs"	"HHMMSS"	"FTime"	"EBal?"	"Photo"	"Cond"	"Ci"	"Trmmol"	"VpdL"	"CTleaf"	"Area"	"BLC_1"	"StmRat"	"BLCond"	"Tair"	"Tleaf"	"TBlk"	"CO2R"	"CO2S"	"H2OR"	"H2OS"	"RH_R"	"RH_S"	"Flow"	"PARi"	"PARo"	"Press"	"CsMch"	"HsMch"	"CsMchSD"	"HsMchSD"	"CrMchSD"	"HrMchSD"	"StableF"	"BLCslope"	"BLCoffst"	"f_parin"	"f_parout"	"alphaK"	"Status"
"14:09:55 Coolers: Tblock -> 12.00 C"
"14:31:55 Flow: Fixed -> 200 umol/s"
"14:32:20 Coolers: Tblock -> 0.00 C"
"14:45:30 Flow: Fixed -> 200 umol/s"
1	"14:45:33"	2358.5	0	6	0.0693	235	0.578	0.854	8.59	6	1.42	1	2.84	2.53	8.59	0.06	398.90	380.31	0.926	2.649	12.68	36.25	200.6	1701	2	100.7	1.55	-0.134	0.13	0.00497	0.054	0.00307	0.7	-0.22	2.74	1.00	0.00	0.16	111115
2	"14:45:33"	2358.5	0	6	0.0693	235	0.578	0.854	8.59	6	1.42	1	2.84	2.53	8.59	0.06	398.90	380.31	0.926	2.649	12.68	36.25	200.6	1701	2	100.7	1.55	-0.134	0.13	0.00497	0.054	0.00307	0.7	-0.22	2.74	1.00	0.00	0.16	111115
3	"14:45:34"	2359.0	0	6.1	0.0703	234	0.586	0.854	8.59	6	1.42	1	2.84	2.53	8.59	0.06	399.12	380.21	0.902	2.650	12.35	36.26	200.6	1701	2	100.7	1.55	-0.134	0.13	0.00497	0.054	0.00307	0.7	-0.22	2.74	1.00	0.00	0.16	111115
4	"14:45:34"	2359.5	0	6.17	0.071	234	0.591	0.853	8.58	6	1.42	1	2.84	2.53	8.58	0.06	399.24	380.11	0.886	2.648	12.12	36.24	200.6	1701	2	100.7	1.55	-0.134	0.13	0.00497	0.054	0.00307	0.7	-0.22	2.74	1.00	0.00	0.16	111115
5	"14:45:35"	2360.0	0	6.24	0.0713	233	0.594	0.854	8.58	6	1.42	1	2.84	2.53	8.58	0.06	399.34	380.02	0.873	2.645	11.95	36.19	200.6	1700	2	100.7	1.55	-0.134	0.13	0.00497	0.054	0.00307	0.7	-0.22	2.74	1.00	0.00	0.16	111115
6	"14:45:35"	2360.5	0	6.23	0.0718	234	0.598	0.854	8.59	6	1.42	1	2.84	2.53	8.59	0.06	399.42	380.11	0.864	2.647	11.82	36.22	200.7	1700	2	100.7	1.55	-0.134	0.13	0.00497	0.054	0.00307	0.7	-0.22	2.74	1.00	0.00	0.16	111115
7	"14:45:36"	2361.0	0	6.38	0.0741	235	0.616	0.853	8.58	6	1.42	1	2.84	2.53	8.58	0.06	399.85	380.08	0.812	2.649	11.11	36.25	200.7	1700	2	100.7	1.55	-0.134	0.13	0.00497	0.054	0.00307	0.7	-0.22	2.74	1.00	0.00	0.16	111115
8	"14:45:37"	2361.5	0	6.4	0.0743	235	0.618	0.853	8.57	6	1.42	1	2.84	2.52	8.57	0.06	399.88	380.03	0.804	2.647	11.00	36.22	200.7	1700	2	100.7	1.55	-0.134	0.13	0.00497	0.054	0.00307	0.7	-0.22	2.74	1.00	0.00	0.16	111115
9	"14:45:37"	2362.0	0	6.41	0.0744	235	0.619	0.853	8.57	6	1.42	1	2.84	2.52	8.57	0.06	399.91	380.04	0.800	2.645	10.95	36.20	200.6	1700	2	100.7	1.55	-0.134	0.13	0.00497	0.054	0.00307	0.7	-0.22	2.74	1.00	0.00	0.16	111115
10	"14:45:38"	2363.0	0	6.41	0.0746	235	0.619	0.852	8.56	6	1.42	1	2.84	2.52	8.56	0.07	399.98	380.10	0.797	2.643	10.90	36.18	200.7	1700	2	100.7	1.55	-0.134	0.13	0.00497	0.054	0.00307	0.7	-0.22	2.74	1.00	0.00	0.16	111115
11	"14:45:39"	2363.5	0	6.4	0.0746	236	0.619	0.852	8.56	6	1.42	1	2.84	2.52	8.56	0.07	400.00	380.17	0.795	2.642	10.88	36.16	200.7	1700	2	100.7	1.55	-0.134	0.13	0.00497	0.054	0.00307	0.7	-0.22	2.74	1.00	0.00	0.16	111115
12	"14:45:40"	2364.5	0	6.41	0.0747	236	0.62	0.851	8.54	6	1.42	1	2.84	2.52	8.54	0.07	400.06	380.20	0.794	2.642	10.86	36.16	200.7	1700	2	100.7	1.55	-0.134	0.13	0.00497	0.054	0.00307	0.7	-0.22	2.74	1.00	0.00	0.16	111115
13	"14:45:41"	2365.0	0	6.42	0.0747	235	0.619	0.851	8.54	6	1.42	1	2.84	2.52	8.54	0.07	400.08	380.16	0.792	2.640	10.85	36.14	200.6	1701	2	100.7	1.55	-0.134	0.13	0.00497	0.054	0.00307	0.7	-0.22	2.74	1.00	0.00	0.16	111115
14	"14:45:42"	2366.5	0	6.44	0.0746	235	0.62	0.852	8.54	6	1.42	1	2.84	2.52	8.54	0.07	400.15	380.18	0.791	2.638	10.83	36.12	200.7	1701	2	100.7	1.55	-0.134	0.13	0.00497	0.054	0.00307	0.7	-0.22	2.74	1.00	0.00	0.16	111115
15	"14:45:43"	2367.5	0	6.46	0.0748	235	0.621	0.852	8.55	6	1.42	1	2.84	2.52	8.55	0.07	400.14	380.13	0.791	2.641	10.82	36.16	200.7	1700	2	100.7	1.55	-0.134	0.13	0.00497	0.054	0.00307	0.7	-0.22	2.74	1.00	0.00	0.16	111115
16	"14:45:43"	2368.0	0	6.44	0.0747	235	0.62	0.851	8.54	6	1.42	1	2.84	2.52	8.54	0.07	400.10	380.14	0.790	2.639	10.82	36.13	200.6	1701	2	100.7	1.55	-0.134	0.13	0.00497	0.054	0.00307	0.7	-0.22	2.74	1.00	0.00	0.16	111115
17	"14:45:44"	2369.0	0	6.45	0.0749	235	0.621	0.851	8.53	6	1.42	1	2.84	2.52	8.53	0.07	400.06	380.05	0.789	2.641	10.80	36.16	200.6	1701	2	100.7	1.55	-0.134	0.13	0.00497	0.054	0.00307	0.7	-0.22	2.74	1.00	0.00	0.16	111115
18	"14:45:44"	2369.5	0	6.46	0.075	235	0.621	0.85	8.53	6	1.42	1	2.84	2.52	8.53	0.07	400.10	380.07	0.789	2.642	10.81	36.18	200.7	1701	2	100.7	1.55	-0.134	0.13	0.00497	0.054	0.00307	0.7	-0.22	2.74	1.00	0.00	0.16	111115
19	"14:45:45"	2370.0	0	6.46	0.075	235	0.621	0.85	8.53	6	1.42	1	2.84	2.52	8.53	0.07	400.10	380.07	0.789	2.641	10.80	36.17	200.6	1701	2	100.7	1.55	-0.134	0.13	0.00497	0.054	0.00307	0.7	-0.22	2.74	1.00	0.00	0.16	111115
20	"14:45:45"	2370.5	0	6.43	0.0751	236	0.622	0.85	8.53	6	1.42	1	2.84	2.52	8.53	0.07	400.10	380.15	0.789	2.643	10.80	36.20	200.7	1701	2	100.7	1.55	-0.134	0.13	0.00497	0.054	0.00307	0.7	-0.22	2.74	1.00	0.00	0.16	111115
21	"14:45:46"	2371.0	0	6.44	0.0753	236	0.623	0.849	8.52	6	1.42	1	2.84	2.51	8.52	0.07	400.11	380.15	0.788	2.646	10.80	36.24	200.7	1701	2	100.7	1.55	-0.134	0.13	0.00497	0.054	0.00307	0.7	-0.22	2.74	1.00	0.00	0.16	111115
22	"14:45:47"	2371.5	0	6.45	0.0753	236	0.623	0.849	8.52	6	1.42	1	2.84	2.51	8.52	0.07	400.19	380.20	0.788	2.645	10.79	36.23	200.7	1701	2	100.7	1.55	-0.134	0.13	0.00497	0.054	0.00307	0.7	-0.22	2.74	1.00	0.00	0.16	111115
23	"14:45:48"	2372.5	0	6.42	0.0754	237	0.623	0.848	8.51	6	1.42	1	2.84	2.51	8.51	0.07	400.31	380.41	0.789	2.647	10.80	36.25	200.7	1701	2	100.7	1.55	-0.134	0.13	0.00497	0.054	0.00307	0.7	-0.22	2.74	1.00	0.00	0.16	111115
24	"14:45:48"	2373.5	0	6.43	0.0754	237	0.623	0.848	8.50	6	1.42	1	2.84	2.51	8.50	0.07	400.39	380.45	0.788	2.645	10.79	36.23	200.7	1701	2	100.7	1.55	-0.134	0.13	0.00497	0.054	0.00307	0.7	-0.22	2.74	1.00	0.00	0.16	111115
25	"14:46:27"	2412.5	0	6.33	0.075	238	0.618	0.845	8.44	6	1.42	1	2.84	2.47	8.44	0.06	399.98	380.36	0.785	2.628	10.79	36.09	200.7	1700	2	100.7	1.55	-0.134	0.13	0.00497	0.054	0.00307	1.0	-0.22	2.74	1.00	0.00	0.16	111115
26	"14:46:27"	2412.5	0	6.33	0.075	238	0.618	0.845	8.44	6	1.42	1	2.84	2.47	8.44	0.06	399.98	380.36	0.785	2.628	10.79	36.09	200.7	1700	2	100.7	1.55	-0.134	0.13	0.00497	0.054	0.00307	1.0	-0.22	2.74	1.00	0.00	0.16	111115
27	"14:46:28"	2413.0	0	6.28	0.0749	239	0.617	0.845	8.44	6	1.42	1	2.84	2.47	8.44	0.06	399.93	380.46	0.786	2.626	10.79	36.07	200.7	1700	2	100.7	1.55	-0.134	0.13	0.00497	0.054	0.00307	1.0	-0.22	2.74	1.00	0.00	0.16	111115
28	"14:46:28"	2413.5	0	6.3	0.0748	238	0.617	0.846	8.45	6	1.42	1	2.84	2.47	8.45	0.06	399.92	380.37	0.786	2.625	10.80	36.06	200.7	1700	2	100.7	1.55	-0.134	0.13	0.00497	0.054	0.00307	1.0	-0.22	2.74	1.00	0.00	0.16	111115
29	"14:46:29"	2414.0	0	6.26	0.0747	239	0.616	0.846	8.45	6	1.42	1	2.84	2.47	8.45	0.06	399.85	380.44	0.787	2.624	10.81	36.04	200.7	1700	2	100.7	1.55	-0.134	0.13	0.00497	0.054	0.00307	1.0	-0.22	2.74	1.00	0.00	0.16	111115
30	"14:46:29"	2414.5	0	6.26	0.0749	239	0.617	0.846	8.45	6	1.42	1	2.84	2.47	8.45	0.06	399.86	380.43	0.787	2.627	10.81	36.09	200.7	1700	2	100.7	1.55	-0.134	0.13	0.00497	0.054	0.00307	1.0	-0.22	2.74	1.00	0.00	0.16	111115
31	"14:46:30"	2415.0	0	6.23	0.0749	240	0.617	0.846	8.45	6	1.42	1	2.84	2.47	8.45	0.06	399.82	380.49	0.787	2.627	10.81	36.09	200.7	1700	2	100.7	1.55	-0.134	0.13	0.00497	0.054	0.00307	1.0	-0.22	2.74	1.00	0.00	0.16	111115
32	"14:46:30"	2415.5	0	6.21	0.0748	241	0.616	0.846	8.45	6	1.42	1	2.84	2.47	8.45	0.06	399.83	380.56	0.787	2.625	10.81	36.06	200.7	1700	2	100.7	1.55	-0.134	0.13	0.00497	0.054	0.00307	1.0	-0.22	2.74	1.00	0.00	0.16	111115
33	"14:46:31"	2416.0	0	6.2	0.0749	241	0.617	0.845	8.44	6	1.42	1	2.84	2.47	8.44	0.06	399.82	380.59	0.786	2.626	10.80	36.07	200.7	1700	2	100.7	1.55	-0.134	0.13	0.00497	0.054	0.00307	1.0	-0.22	2.74	1.00	0.00	0.16	111115
34	"14:46:32"	2417.0	0	6.26	0.0748	239	0.616	0.845	8.44	6	1.42	1	2.84	2.47	8.44	0.06	399.90	380.50	0.787	2.623	10.81	36.03	200.7	1700	2	100.7	1.55	-0.134	0.13	0.00497	0.054	0.00307	1.0	-0.22	2.74	1.00	0.00	0.16	111115
35	"14:46:32"	2417.5	0	6.29	0.0747	239	0.616	0.845	8.44	6	1.42	1	2.84	2.47	8.44	0.06	399.92	380.43	0.786	2.622	10.80	36.01	200.7	1700	2	100.7	1.55	-0.134	0.13	0.00497	0.054	0.00307	1.0	-0.22	2.74	1.00	0.00	0.16	111115
36	"14:46:33"	2418.0	0	6.31	0.0747	238	0.615	0.845	8.43	6	1.42	1	2.84	2.47	8.43	0.06	399.93	380.37	0.786	2.620	10.80	35.98	200.7	1700	2	100.7	1.55	-0.134	0.13	0.00497	0.054	0.00307	1.0	-0.22	2.74	1.00	0.00	0.16	111115
37	"14:46:34"	2418.5	0	6.3	0.0747	238	0.615	0.845	8.43	6	1.42	1	2.84	2.47	8.43	0.06	399.96	380.41	0.786	2.620	10.80	35.99	200.7	1700	2	100.7	1.55	-0.134	0.13	0.00497	0.054	0.00307	1.0	-0.22	2.74	1.00	0.00	0.16	111115
38	"14:46:34"	2419.0	0	6.32	0.0747	238	0.615	0.845	8.43	6	1.42	1	2.84	2.47	8.43	0.06	399.99	380.39	0.786	2.619	10.79	35.98	200.7	1701	2	100.7	1.55	-0.134	0.13	0.00497	0.054	0.00307	1.0	-0.22	2.74	1.00	0.00	0.16	111115
39	"14:46:35"	2420.0	0	6.35	0.0745	237	0.614	0.846	8.44	6	1.42	1	2.84	2.47	8.44	0.06	399.91	380.22	0.786	2.617	10.80	35.96	200.6	1701	2	100.7	1.55	-0.134	0.13	0.00497	0.054	0.00307	1.0	-0.22	2.74	1.00	0.00	0.16	111115
40	"14:46:35"	2420.5	0	6.32	0.0746	237	0.615	0.845	8.43	6	1.42	1	2.84	2.47	8.43	0.06	399.86	380.25	0.786	2.619	10.79	35.98	200.6	1701	2	100.7	1.55	-0.134	0.13	0.00497	0.054	0.00307	0.7	-0.22	2.74	1.00	0.00	0.16	111115
41	"14:46:36"	2421.0	0	6.29	0.0746	238	0.615	0.846	8.44	6	1.42	1	2.84	2.47	8.44	0.06	399.83	380.31	0.785	2.620	10.79	35.99	200.6	1701	2	100.7	1.55	-0.134	0.13	0.00497	0.054	0.00307	0.7	-0.22	2.74	1.00	0.00	0.16	111115
42	"14:46:37"	2421.5	0	6.24	0.0747	240	0.615	0.845	8.43	6	1.42	1	2.84	2.47	8.43	0.06	399.82	380.45	0.785	2.620	10.79	36.00	200.6	1701	2	100.7	1.55	-0.134	0.13	0.00497	0.054	0.00307	0.7	-0.22	2.74	1.00	0.00	0.16	111115
43	"14:46:38"	2422.0	0	6.27	0.0747	239	0.616	0.845	8.43	6	1.42	1	2.84	2.47	8.43	0.06	399.85	380.42	0.785	2.621	10.79	36.02	200.6	1701	2	100.7	1.55	-0.134	0.13	0.00497	0.054	0.00307	0.7	-0.22	2.74	1.00	0.00	0.16	111115
44	"14:46:39"	2423.0	0	6.3	0.0748	238	0.616	0.844	8.42	6	1.42	1	2.84	2.47	8.42	0.06	399.83	380.29	0.785	2.621	10.78	36.02	200.7	1701	2	100.7	1.55	-0.134	0.13	0.00497	0.054	0.00307	0.7	-0.22	2.74	1.00	0.00	0.16	111115
45	"14:46:39"	2424.0	0	6.31	0.0748	238	0.616	0.844	8.42	6	1.42	1	2.84	2.47	8.42	0.06	399.82	380.24	0.784	2.620	10.78	36.01	200.7	1700	2	100.7	1.55	-0.134	0.13	0.00497	0.054	0.00307	0.7	-0.22	2.74	1.00	0.00	0.16	111115
46	"14:46:40"	2425.0	0	6.36	0.0749	237	0.616	0.844	8.42	6	1.42	1	2.84	2.46	8.42	0.06	399.85	380.14	0.785	2.621	10.78	36.02	200.6	1701	2	100.7	1.55	-0.134	0.13	0.00497	0.054	0.00307	0.7	-0.22	2.74	1.00	0.00	0.16	111115
47	"14:46:40"	2425.5	0	6.38	0.0749	236	0.616	0.844	8.42	6	1.42	1	2.84	2.46	8.42	0.06	399.87	380.07	0.785	2.621	10.78	36.03	200.6	1701	2	100.7	1.55	-0.134	0.13	0.00497	0.054	0.00307	0.7	-0.22	2.74	1.00	0.00	0.16	111115
48	"14:46:41"	2426.0	0	6.37	0.0749	237	0.615	0.844	8.41	6	1.42	1	2.84	2.46	8.41	0.06	399.86	380.10	0.785	2.621	10.79	36.02	200.6	1701	2	100.7	1.55	-0.134	0.13	0.00497	0.054	0.00307	0.7	-0.22	2.74	1.00	0.00	0.16	111115
49	"14:46:41"	2426.5	0	6.35	0.0748	237	0.615	0.844	8.41	6	1.42	1	2.84	2.46	8.41	0.06	399.84	380.15	0.785	2.620	10.79	36.01	200.6	1701	2	100.7	1.55	-0.134	0.13	0.00497	0.054	0.00307	0.7	-0.22	2.74	1.00	0.00	0.16	111115
50	"14:46:42"	2427.0	0	6.33	0.0747	237	0.614	0.844	8.42	6	1.42	1	2.84	2.46	8.42	0.06	399.81	380.18	0.785	2.618	10.80	35.99	200.6	1701	2	100.7	1.55	-0.134	0.13	0.00497	0.054	0.00307	0.7	-0.22	2.74	1.00	0.00	0.16	111115
"14:47:06 Coolers: Tblock -> 5.00 C"
"14:51:57 Flow: Fixed -> 200 umol/s"
51	"14:51:59"	2745.0	0	6.44	0.0705	225	0.632	0.917	10.54	6	1.42	1	2.84	6.32	10.54	5.08	398.76	378.80	1.709	3.591	17.93	37.67	200.7	1700	2	100.7	1.23	-0.147	0.11	0.00526	0.109	0.00688	0.7	-0.22	2.74	1.00	0.00	0.16	111115
52	"14:51:59"	2745.0	0	6.44	0.0705	225	0.632	0.917	10.54	6	1.42	1	2.84	6.32	10.54	5.08	398.76	378.80	1.709	3.591	17.93	37.67	200.7	1700	2	100.7	1.23	-0.147	0.11	0.00526	0.109	0.00688	0.7	-0.22	2.74	1.00	0.00	0.16	111115
53	"14:52:00"	2745.5	0	6.5	0.072	227	0.644	0.916	10.54	6	1.42	1	2.84	6.32	10.54	5.08	399.05	378.86	1.671	3.590	17.53	37.66	200.6	1700	2	100.7	1.23	-0.147	0.11	0.00526	0.109	0.00688	0.7	-0.22	2.74	1.00	0.00	0.16	111115
54	"14:52:00"	2746.0	0	6.61	0.0732	227	0.653	0.915	10.53	6	1.42	1	2.84	6.32	10.53	5.08	399.28	378.76	1.647	3.594	17.27	37.69	200.7	1700	2	100.7	1.23	-0.147	0.11	0.00526	0.109	0.00688	0.7	-0.22	2.74	1.00	0.00	0.16	111115
55	"14:52:01"	2746.5	0	6.66	0.0738	227	0.659	0.915	10.52	6	1.42	1	2.84	6.32	10.52	5.08	399.39	378.72	1.631	3.594	17.10	37.69	200.7	1700	2	100.7	1.23	-0.147	0.11	0.00526	0.109	0.00688	0.7	-0.22	2.74	1.00	0.00	0.16	111115
56	"14:52:01"	2747.0	0	6.68	0.0742	227	0.662	0.915	10.53	6	1.42	1	2.84	6.32	10.53	5.08	399.44	378.73	1.618	3.592	16.97	37.67	200.7	1700	2	100.7	1.23	-0.147	0.11	0.00526	0.109	0.00688	0.7	-0.22	2.74	1.00	0.00	0.16	111115
57	"14:52:02"	2747.5	0	6.75	0.0746	226	0.666	0.915	10.53	6	1.42	1	2.84	6.32	10.53	5.08	399.51	378.58	1.609	3.592	16.88	37.68	200.7	1700	2	100.7	1.23	-0.147	0.11	0.00526	0.109	0.00688	0.7	-0.22	2.74	1.00	0.00	0.16	111115
58	"14:52:02"	2748.0	0	6.88	0.0767	227	0.684	0.914	10.52	6	1.42	1	2.84	6.32	10.52	5.08	399.95	378.61	1.556	3.593	16.32	37.68	200.7	1700	2	100.7	1.23	-0.147	0.11	0.00526	0.109	0.00688	0.7	-0.22	2.74	1.00	0.00	0.16	111115
59	"14:52:03"	2748.5	0	6.88	0.0769	228	0.685	0.914	10.52	6	1.42	1	2.84	6.32	10.52	5.08	399.95	378.61	1.549	3.592	16.25	37.67	200.6	1700	2	100.7	1.23	-0.147	0.11	0.00526	0.109	0.00688	0.7	-0.22	2.74	1.00	0.00	0.16	111115
60	"14:52:04"	2749.0	0	6.87	0.077	228	0.686	0.914	10.52	6	1.42	1	2.84	6.32	10.52	5.08	399.94	378.62	1.548	3.592	16.23	37.67	200.6	1700	2	100.7	1.23	-0.147	0.11	0.00526	0.109	0.00688	0.7	-0.22	2.74	1.00	0.00	0.16	111115
61	"14:52:04"	2749.5	0	6.88	0.0769	228	0.686	0.915	10.52	6	1.42	1	2.84	6.32	10.52	5.08	399.94	378.60	1.546	3.589	16.21	37.63	200.6	1700	2	100.7	1.23	-0.147	0.11	0.00526	0.109	0.00688	0.7	-0.22	2.74	1.00	0.00	0.16	111115
62	"14:52:05"	2750.5	0	6.87	0.0768	228	0.686	0.916	10.53	6	1.42	1	2.84	6.32	10.53	5.08	399.90	378.57	1.543	3.587	16.18	37.62	200.6	1700	2	100.7	1.23	-0.147	0.11	0.00526	0.109	0.00688	0.7	-0.22	2.74	1.00	0.00	0.16	111115
63	"14:52:06"	2751.0	0	6.9	0.0769	227	0.686	0.916	10.53	6	1.42	1	2.84	6.33	10.53	5.08	399.93	378.52	1.542	3.588	16.17	37.62	200.6	1700	2	100.7	1.23	-0.147	0.11	0.00526	0.109	0.00688	0.7	-0.22	2.74	1.00	0.00	0.16	111115
64	"14:52:07"	2751.5	0	6.86	0.0769	228	0.687	0.916	10.54	6	1.42	1	2.84	6.33	10.54	5.08	399.95	378.65	1.542	3.588	16.17	37.62	200.6	1700	2	100.7	1.23	-0.147	0.11	0.00526	0.109	0.00688	0.7	-0.22	2.74	1.00	0.00	0.16	111115
65	"14:52:07"	2752.5	0	6.88	0.0768	227	0.686	0.917	10.54	6	1.42	1	2.84	6.33	10.54	5.08	399.99	378.63	1.541	3.586	16.16	37.59	200.7	1700	2	100.7	1.23	-0.147	0.11	0.00526	0.109	0.00688	0.7	-0.22	2.74	1.00	0.00	0.16	111115
66	"14:52:08"	2753.0	0	6.91	0.0768	227	0.687	0.917	10.55	6	1.42	1	2.84	6.33	10.55	5.08	400.04	378.60	1.541	3.586	16.15	37.59	200.7	1700	2	100.7	1.23	-0.147	0.11	0.00526	0.109	0.00688	0.7	-0.22	2.74	1.00	0.00	0.16	111115
67	"14:52:10"	2754.0	0	6.97	0.0769	226	0.687	0.917	10.54	6	1.42	1	2.84	6.33	10.54	5.08	400.13	378.51	1.540	3.586	16.15	37.59	200.7	1700	2	100.7	1.23	-0.147	0.11	0.00526	0.109	0.00688	0.7	-0.22	2.74	1.00	0.00	0.16	111115
68	"14:52:10"	2754.5	0	6.95	0.0768	226	0.687	0.917	10.54	6	1.42	1	2.84	6.33	10.54	5.08	400.16	378.61	1.540	3.586	16.14	37.58	200.7	1700	2	100.7	1.23	-0.147	0.11	0.00526	0.109	0.00688	0.7	-0.22	2.74	1.00	0.00	0.16	111115
69	"14:52:11"	2756.5	0	6.97	0.0769	226	0.687	0.917	10.55	6	1.42	1	2.84	6.34	10.55	5.08	400.18	378.55	1.540	3.588	16.13	37.59	200.7	1700	2	100.7	1.23	-0.147	0.11	0.00526	0.109	0.00688	0.7	-0.22	2.74	1.00	0.00	0.16	111115
70	"14:52:12"	2757.0	0	6.99	0.0769	225	0.688	0.917	10.54	6	1.42	1	2.84	6.34	10.54	5.08	400.16	378.48	1.539	3.588	16.12	37.59	200.6	1700	2	100.7	1.23	-0.147	0.11	0.00526	0.109	0.00688	0.7	-0.22	2.74	1.00	0.00	0.16	111115
71	"14:52:13"	2757.5	0	7	0.0769	225	0.687	0.917	10.55	6	1.42	1	2.84	6.34	10.55	5.08	400.17	378.45	1.539	3.587	16.12	37.59	200.6	1700	2	100.7	1.23	-0.147	0.11	0.00526	0.109	0.00688	0.7	-0.22	2.74	1.00	0.00	0.16	111115
72	"14:52:13"	2758.5	0	6.99	0.077	225	0.688	0.918	10.55	6	1.42	1	2.84	6.34	10.55	5.09	400.18	378.49	1.539	3.590	16.12	37.61	200.7	1700	2	100.7	1.23	-0.147	0.11	0.00526	0.109	0.00688	0.7	-0.22	2.74	1.00	0.00	0.16	111115
73	"14:52:14"	2759.0	0	7	0.077	225	0.689	0.917	10.55	6	1.42	1	2.84	6.34	10.55	5.09	400.24	378.52	1.539	3.591	16.12	37.62	200.7	1700	2	100.7	1.23	-0.147	0.11	0.00526	0.109	0.00688	0.7	-0.22	2.74	1.00	0.00	0.16	111115
74	"14:52:14"	2759.5	0	7	0.077	225	0.689	0.917	10.55	6	1.42	1	2.84	6.34	10.55	5.09	400.28	378.57	1.539	3.591	16.12	37.62	200.7	1700	2	100.7	1.23	-0.147	0.11	0.00526	0.109	0.00688	0.7	-0.22	2.74	1.00	0.00	0.16	111115
75	"14:52:15"	2760.5	0	7.07	0.0771	224	0.689	0.916	10.54	6	1.42	1	2.84	6.34	10.54	5.09	400.39	378.46	1.539	3.591	16.12	37.62	200.6	1700	2	100.7	1.23	-0.147	0.11	0.00526	0.109	0.00688	0.7	-0.22	2.74	1.00	0.00	0.16	111115
76	"14:52:15"	2761.0	0	7.05	0.0772	224	0.689	0.916	10.54	6	1.42	1	2.84	6.34	10.54	5.10	400.42	378.55	1.540	3.593	16.13	37.64	200.6	1700	2	100.7	1.23	-0.147	0.11	0.00526	0.109	0.00688	0.7	-0.22	2.74	1.00	0.00	0.16	111115
77	"14:52:16"	2761.5	0	7.04	0.0771	225	0.688	0.916	10.54	6	1.42	1	2.84	6.34	10.54	5.10	400.44	378.59	1.540	3.591	16.13	37.61	200.6	1700	2	100.7	1.23	-0.147	0.11	0.00526	0.109	0.00688	0.7	-0.22	2.74	1.00	0.00	0.16	111115
78	"14:52:16"	2762.0	0	7.09	0.0772	224	0.689	0.915	10.53	6	1.42	1	2.84	6.34	10.53	5.10	400.52	378.54	1.540	3.592	16.13	37.63	200.6	1700	2	100.7	1.23	-0.147	0.11	0.00526	0.109	0.00688	0.7	-0.22	2.74	1.00	0.00	0.16	111115
79	"14:52:38"	2784.5	0	6.74	0.0768	231	0.69	0.922	10.61	6	1.42	1	2.84	6.36	10.61	5.08	400.03	379.10	1.538	3.595	16.09	37.61	200.6	1700	2	100.7	1.23	-0.147	0.11	0.00526	0.109	0.00688	1.0	-0.22	2.74	1.00	0.00	0.16	111115
80	"14:52:39"	2784.5	0	6.74	0.0768	231	0.69	0.922	10.61	6	1.42	1	2.84	6.36	10.61	5.08	400.03	379.10	1.538	3.595	16.09	37.61	200.6	1700	2	100.7	1.23	-0.147	0.11	0.00526	0.109	0.00688	1.0	-0.22	2.74	1.00	0.00	0.16	111115
81	"14:52:39"	2785.0	0	6.69	0.0767	232	0.689	0.922	10.61	6	1.42	1	2.84	6.36	10.61	5.08	400.00	379.20	1.539	3.593	16.10	37.59	200.6	1700	2	100.7	1.23	-0.147	0.11	0.00526	0.109	0.00688	1.0	-0.22	2.74	1.00	0.00	0.16	111115
82	"14:52:40"	2785.5	0	6.7	0.0768	232	0.69	0.921	10.60	6	1.42	1	2.84	6.36	10.60	5.08	400.02	379.20	1.538	3.595	16.10	37.61	200.6	1700	2	100.7	1.23	-0.147	0.11	0.00526	0.109	0.00688	0.7	-0.22	2.74	1.00	0.00	0.16	111115
83	"14:52:40"	2786.0	0	6.66	0.0768	233	0.69	0.921	10.60	6	1.42	1	2.84	6.36	10.60	5.08	399.96	379.25	1.538	3.594	16.09	37.60	200.6	1700	2	100.7	1.23	-0.147	0.11	0.00526	0.109	0.00688	0.7	-0.22	2.74	1.00	0.00	0.16	111115
84	"14:52:41"	2786.5	0	6.67	0.0766	232	0.689	0.922	10.60	6	1.42	1	2.84	6.36	10.60	5.07	399.95	379.20	1.538	3.591	16.09	37.56	200.6	1700	2	100.7	1.23	-0.147	0.11	0.00526	0.109	0.00688	0.7	-0.22	2.74	1.00	0.00	0.16	111115
85	"14:52:42"	2787.0	0	6.71	0.0767	231	0.689	0.922	10.60	6	1.42	1	2.84	6.36	10.60	5.07	399.92	379.06	1.538	3.591	16.09	37.56	200.6	1700	2	100.7	1.23	-0.147	0.11	0.00526	0.109	0.00688	0.7	-0.22	2.74	1.00	0.00	0.16	111115
86	"14:52:42"	2787.5	0	6.7	0.0767	232	0.689	0.921	10.59	6	1.42	1	2.84	6.36	10.59	5.07	399.92	379.10	1.537	3.590	16.08	37.56	200.6	1700	2	100.7	1.23	-0.147	0.11	0.00526	0.109	0.00688	0.7	-0.22	2.74	1.00	0.00	0.16	111115
87	"14:52:43"	2788.5	0	6.72	0.0769	232	0.69	0.92	10.59	6	1.42	1	2.84	6.36	10.59	5.07	399.88	379.02	1.538	3.594	16.09	37.60	200.6	1700	2	100.7	1.23	-0.147	0.11	0.00526	0.109	0.00688	0.7	-0.22	2.74	1.00	0.00	0.16	111115
88	"14:52:44"	2789.0	0	6.72	0.0771	232	0.691	0.92	10.59	6	1.42	1	2.84	6.36	10.59	5.07	399.87	379.01	1.538	3.597	16.09	37.63	200.7	1700	2	100.7	1.23	-0.147	0.11	0.00526	0.109	0.00688	0.7	-0.22	2.74	1.00	0.00	0.16	111115
89	"14:52:45"	2790.0	0	6.79	0.0771	230	0.692	0.92	10.59	6	1.42	1	2.84	6.36	10.59	5.06	399.92	378.84	1.538	3.599	16.09	37.65	200.7	1700	2	100.7	1.23	-0.147	0.11	0.00526	0.109	0.00688	0.7	-0.22	2.74	1.00	0.00	0.16	111115
90	"14:52:46"	2791.0	0	6.76	0.0772	231	0.692	0.919	10.58	6	1.42	1	2.84	6.36	10.58	5.06	399.92	378.91	1.538	3.599	16.09	37.65	200.7	1700	2	100.7	1.23	-0.147	0.11	0.00526	0.109	0.00688	0.7	-0.22	2.74	1.00	0.00	0.16	111115
91	"14:52:47"	2791.5	0	6.77	0.0772	231	0.692	0.919	10.59	6	1.42	1	2.84	6.36	10.59	5.06	399.93	378.91	1.538	3.599	16.09	37.64	200.7	1700	2	100.7	1.23	-0.147	0.11	0.00526	0.109	0.00688	1.0	-0.22	2.74	1.00	0.00	0.16	111115
92	"14:52:48"	2792.5	0	6.76	0.0771	231	0.691	0.92	10.59	6	1.42	1	2.84	6.36	10.59	5.06	399.94	378.95	1.539	3.598	16.09	37.63	200.7	1700	2	100.7	1.23	-0.147	0.11	0.00526	0.109	0.00688	1.0	-0.22	2.74	1.00	0.00	0.16	111115
93	"14:52:49"	2794.0	0	6.78	0.0773	231	0.693	0.919	10.59	6	1.42	1	2.84	6.36	10.59	5.07	400.00	378.95	1.539	3.602	16.10	37.67	200.7	1700	2	100.7	1.23	-0.147	0.11	0.00526	0.109	0.00688	1.0	-0.22	2.74	1.00	0.00	0.16	111115
94	"14:52:49"	2794.5	0	6.79	0.0773	231	0.693	0.919	10.59	6	1.42	1	2.84	6.36	10.59	5.07	399.98	378.90	1.539	3.604	16.10	37.69	200.7	1700	2	100.7	1.23	-0.147	0.11	0.00526	0.109	0.00688	1.0	-0.22	2.74	1.00	0.00	0.16	111115
95	"14:52:50"	2795.0	0	6.83	0.0774	230	0.694	0.919	10.60	6	1.42	1	2.84	6.36	10.60	5.07	400.01	378.81	1.539	3.607	16.10	37.72	200.7	1700	2	100.7	1.23	-0.147	0.11	0.00526	0.109	0.00688	1.0	-0.22	2.74	1.00	0.00	0.16	111115
96	"14:52:51"	2796.0	0	6.88	0.0778	230	0.696	0.919	10.59	6	1.42	1	2.84	6.36	10.59	5.07	400.07	378.73	1.538	3.613	16.09	37.79	200.7	1700	2	100.7	1.23	-0.147	0.11	0.00526	0.109	0.00688	1.0	-0.22	2.74	1.00	0.00	0.16	111115
97	"14:52:52"	2797.0	0	6.93	0.0778	228	0.696	0.919	10.60	6	1.42	1	2.84	6.36	10.60	5.06	400.09	378.60	1.537	3.611	16.08	37.77	200.7	1700	2	100.7	1.23	-0.147	0.11	0.00526	0.109	0.00688	1.0	-0.22	2.74	1.00	0.00	0.16	111115
98	"14:52:54"	2797.5	0	6.92	0.0776	228	0.696	0.919	10.60	6	1.42	1	2.84	6.36	10.60	5.06	400.12	378.65	1.537	3.609	16.08	37.75	200.7	1700	2	100.7	1.23	-0.147	0.11	0.00526	0.109	0.00688	1.0	-0.22	2.74	1.00	0.00	0.16	111115
99	"14:52:54"	2798.0	0	6.94	0.0778	228	0.697	0.919	10.60	6	1.42	1	2.84	6.36	10.60	5.06	400.13	378.60	1.537	3.612	16.08	37.78	200.8	1700	2	100.7	1.23	-0.147	0.11	0.00526	0.109	0.00688	1.0	-0.22	2.74	1.00	0.00	0.16	111115
100	"14:52:55"	2800.5	0	6.96	0.0772	227	0.693	0.921	10.60	6	1.42	1	2.84	6.36	10.60	5.06	400.17	378.59	1.538	3.601	16.09	37.67	200.7	1700	2	100.7	1.23	-0.147	0.11	0.00526	0.109	0.00688	0.7	-0.22	2.74	1.00	0.00	0.16	111115
"14:53:36 Coolers: Tblock -> 10.00 C"
"14:57:30 Flow: Fixed -> 200 umol/s"
101	"14:57:34"	3079.5	0	6.93	0.0748	221	0.763	1.04	12.86	6	1.42	1	2.84	10.46	12.86	10.12	399.36	377.78	2.159	4.430	17.10	35.09	200.7	1698	2	100.7	0.832	-0.159	0.0561	0.0061	0.0643	0.0093	0.7	-0.22	2.74	1.00	0.00	0.16	111115
102	"14:57:34"	3079.5	0	6.93	0.0748	221	0.763	1.04	12.86	6	1.42	1	2.84	10.46	12.86	10.12	399.36	377.78	2.159	4.430	17.10	35.09	200.7	1698	2	100.7	0.832	-0.159	0.0561	0.0061	0.0643	0.0093	0.7	-0.22	2.74	1.00	0.00	0.16	111115
103	"14:57:35"	3080.0	0	6.93	0.0753	222	0.767	1.04	12.86	6	1.42	1	2.84	10.46	12.86	10.12	399.48	377.88	2.147	4.430	17.00	35.09	200.7	1699	2	100.7	0.832	-0.159	0.0561	0.0061	0.0643	0.0093	0.7	-0.22	2.74	1.00	0.00	0.16	111115
104	"14:57:35"	3080.5	0	6.94	0.0757	223	0.771	1.04	12.86	6	1.42	1	2.84	10.46	12.86	10.13	399.53	377.90	2.137	4.433	16.93	35.11	200.7	1699	2	100.7	0.832	-0.159	0.0561	0.0061	0.0643	0.0093	0.7	-0.22	2.74	1.00	0.00	0.16	111115
105	"14:57:36"	3081.0	0	7.1	0.0775	223	0.789	1.04	12.86	6	1.42	1	2.84	10.46	12.86	10.13	400.00	377.86	2.082	4.430	16.48	35.08	200.6	1699	2	100.7	0.832	-0.159	0.0561	0.0061	0.0643	0.0093	0.7	-0.22	2.74	1.00	0.00	0.16	111115
106	"14:57:36"	3081.5	0	7.08	0.0776	224	0.79	1.04	12.86	6	1.42	1	2.84	10.46	12.86	10.13	399.98	377.92	2.076	4.429	16.44	35.07	200.6	1699	2	100.7	0.832	-0.159	0.0561	0.0061	0.0643	0.0093	0.7	-0.22	2.74	1.00	0.00	0.16	111115
107	"14:57:37"	3082.0	0	7.07	0.0778	224	0.792	1.04	12.86	6	1.42	1	2.84	10.47	12.86	10.13	400.00	377.94	2.073	4.432	16.41	35.09	200.6	1699	2	100.7	0.832	-0.159	0.0561	0.0061	0.0643	0.0093	0.7	-0.22	2.74	1.00	0.00	0.16	111115
108	"14:57:38"	3082.5	0	7.12	0.0779	223	0.793	1.04	12.86	6	1.42	1	2.84	10.47	12.86	10.13	400.01	377.83	2.071	4.434	16.40	35.10	200.6	1700	2	100.7	0.832	-0.159	0.0561	0.0061	0.0643	0.0093	1.0	-0.22	2.74	1.00	0.00	0.16	111115
109	"14:57:38"	3083.0	0	7.15	0.0779	223	0.794	1.04	12.86	6	1.42	1	2.84	10.47	12.86	10.13	400.09	377.81	2.071	4.434	16.39	35.10	200.6	1700	2	100.7	0.832	-0.159	0.0561	0.0061	0.0643	0.0093	1.0	-0.22	2.74	1.00	0.00	0.16	111115
110	"14:57:39"	3084.0	0	7.19	0.0779	222	0.795	1.04	12.87	6	1.42	1	2.84	10.47	12.87	10.13	400.12	377.73	2.069	4.434	16.37	35.10	200.7	1700	2	100.7	0.832	-0.159	0.0561	0.0061	0.0643	0.0093	0.7	-0.22	2.74	1.00	0.00	0.16	111115
111	"14:57:40"	3084.5	0	7.22	0.0778	221	0.794	1.05	12.88	6	1.42	1	2.84	10.47	12.88	10.13	400.16	377.67	2.068	4.431	16.37	35.07	200.7	1700	2	100.7	0.832	-0.159	0.0561	0.0061	0.0643	0.0093	0.7	-0.22	2.74	1.00	0.00	0.16	111115
112	"14:57:42"	3085.5	0	7.28	0.0778	219	0.794	1.05	12.88	6	1.42	1	2.84	10.47	12.88	10.12	400.19	377.53	2.067	4.431	16.36	35.07	200.7	1700	2	100.7	0.832	-0.159	0.0561	0.0061	0.0643	0.0093	0.7	-0.22	2.74	1.00	0.00	0.16	111115
113	"14:57:42"	3086.0	0	7.29	0.0778	219	0.794	1.05	12.88	6	1.42	1	2.84	10.48	12.88	10.12	400.21	377.53	2.067	4.431	16.35	35.06	200.7	1700	2	100.7	0.832	-0.159	0.0561	0.0061	0.0643	0.0093	0.7	-0.22	2.74	1.00	0.00	0.16	111115
114	"14:57:43"	3088.0	0	7.22	0.0776	220	0.793	1.05	12.89	6	1.42	1	2.84	10.48	12.89	10.12	400.13	377.65	2.066	4.427	16.35	35.03	200.6	1700	2	100.7	0.832	-0.159	0.0561	0.0061	0.0643	0.0093	0.7	-0.22	2.74	1.00	0.00	0.16	111115
115	"14:57:43"	3088.5	0	7.21	0.0775	220	0.792	1.05	12.89	6	1.42	1	2.84	10.48	12.89	10.12	400.10	377.63	2.067	4.426	16.35	35.02	200.6	1700	2	100.7	0.832	-0.159	0.0561	0.0061	0.0643	0.0093	0.7	-0.22	2.74	1.00	0.00	0.16	111115
116	"14:57:44"	3089.0	0	7.22	0.0777	221	0.794	1.05	12.89	6	1.42	1	2.84	10.48	12.89	10.12	400.09	377.61	2.067	4.430	16.35	35.04	200.6	1700	2	100.7	0.832	-0.159	0.0561	0.0061	0.0643	0.0093	1.0	-0.22	2.74	1.00	0.00	0.16	111115
117	"14:57:44"	3090.0	0	7.17	0.0778	222	0.795	1.05	12.89	6	1.42	1	2.84	10.48	12.89	10.12	400.05	377.70	2.067	4.433	16.35	35.06	200.6	1700	2	100.7	0.832	-0.159	0.0561	0.0061	0.0643	0.0093	1.0	-0.22	2.74	1.00	0.00	0.16	111115
118	"14:57:45"	3090.5	0	7.2	0.0778	221	0.794	1.05	12.89	6	1.42	1	2.84	10.48	12.89	10.13	400.04	377.60	2.066	4.430	16.34	35.04	200.6	1700	2	100.7	0.832	-0.159	0.0561	0.0061	0.0643	0.0093	1.0	-0.22	2.74	1.00	0.00	0.16	111115
119	"14:57:46"	3091.0	0	7.19	0.0778	221	0.794	1.05	12.89	6	1.42	1	2.84	10.48	12.89	10.13	400.03	377.64	2.066	4.431	16.34	35.04	200.6	1700	2	100.7	0.832	-0.159	0.0561	0.0061	0.0643	0.0093	1.0	-0.22	2.74	1.00	0.00	0.16	111115
120	"14:57:46"	3091.5	0	7.19	0.078	222	0.796	1.05	12.89	6	1.42	1	2.84	10.48	12.89	10.13	400.03	377.64	2.066	4.436	16.34	35.08	200.6	1700	2	100.7	0.832	-0.159	0.0561	0.0061	0.0643	0.0093	1.0	-0.22	2.74	1.00	0.00	0.16	111115
121	"14:57:47"	3092.0	0	7.19	0.0781	222	0.797	1.05	12.89	6	1.42	1	2.84	10.49	12.89	10.14	400.11	377.70	2.066	4.438	16.33	35.09	200.6	1700	2	100.7	0.832	-0.159	0.0561	0.0061	0.0643	0.0093	1.0	-0.22	2.74	1.00	0.00	0.16	111115
122	"14:57:48"	3093.0	0	7.22	0.0781	221	0.797	1.05	12.89	6	1.42	1	2.84	10.49	12.89	10.14	400.21	377.72	2.065	4.437	16.32	35.08	200.6	1700	2	100.7	0.832	-0.159	0.0561	0.0061	0.0643	0.0093	1.0	-0.22	2.74	1.00	0.00	0.16	111115
123	"14:57:49"	3093.5	0	7.24	0.0781	221	0.797	1.05	12.89	6	1.42	1	2.84	10.49	12.89	10.14	400.27	377.73	2.065	4.437	16.32	35.08	200.6	1700	2	100.7	0.832	-0.159	0.0561	0.0061	0.0643	0.0093	1.0	-0.22	2.74	1.00	0.00	0.16	111115
124	"14:57:49"	3094.0	0	7.24	0.078	221	0.797	1.05	12.90	6	1.42	1	2.84	10.49	12.90	10.14	400.33	377.77	2.064	4.436	16.32	35.07	200.6	1700	2	100.7	0.832	-0.159	0.0561	0.0061	0.0643	0.0093	1.0	-0.22	2.74	1.00	0.00	0.16	111115
"14:58:36 Coolers: Tblock -> 15.00 C"
"15:02:32 Flow: Fixed -> 200 umol/s"
125	"15:02:33"	3380.0	0	7.16	0.0759	218	0.872	1.17	15.23	6	1.42	1	2.84	14.68	15.23	15.13	399.83	377.45	2.995	5.589	17.99	33.57	200.7	1699	2	100.7	0.538	-0.187	0.0887	0.0112	0.0589	0.0114	0.7	-0.22	2.74	1.00	0.00	0.16	111115
126	"15:02:34"	3380.0	0	7.16	0.0759	218	0.872	1.17	15.23	6	1.42	1	2.84	14.68	15.23	15.13	399.83	377.45	2.995	5.589	17.99	33.57	200.7	1699	2	100.7	0.538	-0.187	0.0887	0.0112	0.0589	0.0114	0.7	-0.22	2.74	1.00	0.00	0.16	111115
127	"15:02:34"	3380.5	0	7.28	0.0762	215	0.876	1.17	15.23	6	1.42	1	2.84	14.68	15.23	15.13	399.90	377.16	2.980	5.585	17.90	33.54	200.7	1699	2	100.7	0.538	-0.187	0.0887	0.0112	0.0589	0.0114	0.7	-0.22	2.74	1.00	0.00	0.16	111115
128	"15:02:35"	3381.0	0	7.26	0.0763	216	0.878	1.18	15.23	6	1.42	1	2.84	14.68	15.23	15.13	399.91	377.21	2.971	5.580	17.84	33.51	200.7	1699	2	100.7	0.538	-0.187	0.0887	0.0112	0.0589	0.0114	0.7	-0.22	2.74	1.00	0.00	0.16	111115
129	"15:02:35"	3381.5	0	7.28	0.0762	215	0.877	1.18	15.23	6	1.42	1	2.84	14.68	15.23	15.13	399.93	377.18	2.965	5.572	17.81	33.46	200.7	1699	2	100.7	0.538	-0.187	0.0887	0.0112	0.0589	0.0114	0.7	-0.22	2.74	1.00	0.00	0.16	111115
130	"15:02:36"	3382.0	0	7.27	0.0763	216	0.878	1.18	15.23	6	1.42	1	2.84	14.68	15.23	15.13	399.96	377.22	2.960	5.571	17.77	33.46	200.7	1699	2	100.7	0.538	-0.187	0.0887	0.0112	0.0589	0.0114	0.7	-0.22	2.74	1.00	0.00	0.16	111115
131	"15:02:36"	3382.5	0	7.28	0.0764	216	0.879	1.18	15.23	6	1.42	1	2.84	14.68	15.23	15.13	399.95	377.21	2.956	5.569	17.75	33.44	200.7	1699	2	100.7	0.538	-0.187	0.0887	0.0112	0.0589	0.0114	0.7	-0.22	2.74	1.00	0.00	0.16	111115
132	"15:02:37"	3383.0	0	7.29	0.0767	216	0.883	1.18	15.23	6	1.42	1	2.84	14.68	15.23	15.13	400.07	377.28	2.936	5.564	17.63	33.41	200.6	1699	2	100.7	0.538	-0.187	0.0887	0.0112	0.0589	0.0114	0.7	-0.22	2.74	1.00	0.00	0.16	111115
133	"15:02:38"	3383.5	0	7.31	0.0768	216	0.884	1.18	15.23	6	1.42	1	2.84	14.68	15.23	15.12	400.06	377.21	2.933	5.562	17.61	33.40	200.6	1699	2	100.7	0.538	-0.187	0.0887	0.0112	0.0589	0.0114	0.7	-0.22	2.74	1.00	0.00	0.16	111115
134	"15:02:38"	3384.0	0	7.34	0.0768	215	0.884	1.18	15.24	6	1.42	1	2.84	14.68	15.24	15.12	400.07	377.12	2.931	5.561	17.60	33.39	200.6	1699	2	100.7	0.538	-0.187	0.0887	0.0112	0.0589	0.0114	0.7	-0.22	2.74	1.00	0.00	0.16	111115
135	"15:02:39"	3385.0	0	7.31	0.0767	216	0.885	1.18	15.25	6	1.42	1	2.84	14.69	15.25	15.13	400.07	377.22	2.931	5.562	17.59	33.39	200.6	1699	2	100.7	0.538	-0.187	0.0887	0.0112	0.0589	0.0114	0.7	-0.22	2.74	1.00	0.00	0.16	111115
136	"15:02:40"	3385.5	0	7.28	0.0769	217	0.887	1.18	15.25	6	1.42	1	2.84	14.69	15.25	15.13	400.06	377.28	2.929	5.567	17.58	33.41	200.6	1699	2	100.7	0.538	-0.187	0.0887	0.0112	0.0589	0.0114	0.7	-0.22	2.74	1.00	0.00	0.16	111115
137	"15:02:40"	3386.0	0	7.29	0.0769	217	0.887	1.18	15.25	6	1.42	1	2.84	14.69	15.25	15.12	400.05	377.25	2.929	5.566	17.58	33.41	200.6	1700	2	100.7	0.538	-0.187	0.0887	0.0112	0.0589	0.0114	0.7	-0.22	2.74	1.00	0.00	0.16	111115
138	"15:02:41"	3387.0	0	7.28	0.0771	217	0.889	1.18	15.25	6	1.42	1	2.84	14.69	15.25	15.12	400.07	377.28	2.928	5.571	17.57	33.44	200.6	1699	2	100.7	0.538	-0.187	0.0887	0.0112	0.0589	0.0114	0.7	-0.22	2.74	1.00	0.00	0.16	111115
139	"15:02:42"	3387.5	0	7.29	0.0771	217	0.889	1.18	15.26	6	1.42	1	2.84	14.69	15.26	15.12	400.09	377.27	2.928	5.572	17.57	33.44	200.6	1699	2	100.7	0.538	-0.187	0.0887	0.0112	0.0589	0.0114	0.7	-0.22	2.74	1.00	0.00	0.16	111115
140	"15:02:42"	3388.0	0	7.26	0.0772	218	0.89	1.18	15.26	6	1.42	1	2.84	14.69	15.26	15.13	400.10	377.37	2.927	5.573	17.57	33.44	200.6	1699	2	100.7	0.538	-0.187	0.0887	0.0112	0.0589	0.0114	0.7	-0.22	2.74	1.00	0.00	0.16	111115
141	"15:02:43"	3388.5	0	7.24	0.0772	218	0.89	1.18	15.26	6	1.42	1	2.84	14.69	15.26	15.13	400.10	377.45	2.927	5.574	17.56	33.45	200.6	1699	2	100.7	0.538	-0.187	0.0887	0.0112	0.0589	0.0114	0.7	-0.22	2.74	1.00	0.00	0.16	111115
142	"15:02:43"	3389.5	0	7.21	0.0773	219	0.891	1.18	15.26	6	1.42	1	2.84	14.69	15.26	15.13	400.16	377.60	2.926	5.575	17.55	33.45	200.6	1699	2	100.7	0.538	-0.187	0.0887	0.0112	0.0589	0.0114	0.7	-0.22	2.74	1.00	0.00	0.16	111115
143	"15:02:44"	3390.0	0	7.22	0.0773	219	0.892	1.18	15.26	6	1.42	1	2.84	14.70	15.26	15.13	400.17	377.56	2.926	5.577	17.55	33.46	200.6	1699	2	100.7	0.538	-0.187	0.0887	0.0112	0.0589	0.0114	0.7	-0.22	2.74	1.00	0.00	0.16	111115
144	"15:02:45"	3390.5	0	7.25	0.0774	218	0.893	1.18	15.26	6	1.42	1	2.84	14.70	15.26	15.13	400.18	377.48	2.925	5.579	17.55	33.47	200.6	1699	2	100.7	0.538	-0.187	0.0887	0.0112	0.0589	0.0114	0.7	-0.22	2.74	1.00	0.00	0.16	111115
145	"15:02:46"	3391.5	0	7.28	0.0774	218	0.892	1.18	15.27	6	1.42	1	2.84	14.70	15.27	15.13	400.17	377.40	2.925	5.579	17.55	33.47	200.6	1699	2	100.7	0.538	-0.187	0.0887	0.0112	0.0589	0.0114	0.7	-0.22	2.74	1.00	0.00	0.16	111115
146	"15:02:47"	3392.5	0	7.29	0.0772	217	0.892	1.18	15.28	6	1.42	1	2.84	14.70	15.28	15.13	400.18	377.37	2.925	5.577	17.54	33.45	200.6	1699	2	100.7	0.538	-0.187	0.0887	0.0112	0.0589	0.0114	0.7	-0.22	2.74	1.00	0.00	0.16	111115
147	"15:02:48"	3393.0	0	7.34	0.077	216	0.89	1.18	15.28	6	1.42	1	2.84	14.70	15.28	15.13	400.18	377.23	2.926	5.574	17.55	33.43	200.6	1699	2	100.7	0.538	-0.187	0.0887	0.0112	0.0589	0.0114	0.7	-0.22	2.74	1.00	0.00	0.16	111115
148	"15:02:48"	3394.0	0	7.32	0.0771	216	0.892	1.18	15.29	6	1.42	1	2.84	14.70	15.29	15.13	400.20	377.31	2.925	5.577	17.54	33.44	200.6	1699	2	100.7	0.538	-0.187	0.0887	0.0112	0.0589	0.0114	1.0	-0.22	2.74	1.00	0.00	0.16	111115
149	"15:02:49"	3394.5	0	7.29	0.0771	217	0.892	1.18	15.29	6	1.42	1	2.84	14.71	15.29	15.13	400.21	377.40	2.926	5.578	17.54	33.44	200.6	1699	2	100.7	0.538	-0.187	0.0887	0.0112	0.0589	0.0114	1.0	-0.22	2.74	1.00	0.00	0.16	111115
"15:03:45 Coolers: Tblock -> 20.00 C"
"15:11:15 Flow: Fixed -> 200 umol/s"
150	"15:11:16"	3902.5	0	6.41	0.0719	226	0.955	1.35	18.32	6	1.42	1	2.84	19.24	18.32	20.13	397.97	377.73	4.727	7.563	21.27	34.03	200.6	1699	1	100.7	0.426	-0.212	0.0423	0.00778	0.068	0.00646	1.0	-0.22	2.74	1.00	0.00	0.16	111115
151	"15:11:17"	3902.5	0	6.41	0.0719	226	0.955	1.35	18.32	6	1.42	1	2.84	19.24	18.32	20.13	397.97	377.73	4.727	7.563	21.27	34.03	200.6	1699	1	100.7	0.426	-0.212	0.0423	0.00778	0.068	0.00646	1.0	-0.22	2.74	1.00	0.00	0.16	111115
152	"15:11:17"	3903.0	0	6.65	0.0741	224	0.984	1.35	18.32	6	1.42	1	2.84	19.23	18.32	20.13	398.61	377.60	4.641	7.561	20.88	34.02	200.7	1699	1	100.7	0.426	-0.212	0.0423	0.00778	0.068	0.00646	1.0	-0.22	2.74	1.00	0.00	0.16	111115
153	"15:11:18"	3903.5	0	6.79	0.075	223	0.997	1.35	18.33	6	1.42	1	2.84	19.23	18.33	20.13	398.94	377.50	4.597	7.556	20.68	34.00	200.6	1699	2	100.7	0.426	-0.212	0.0423	0.00778	0.068	0.00646	1.0	-0.22	2.74	1.00	0.00	0.16	111115
154	"15:11:18"	3904.0	0	6.9	0.0758	222	1.01	1.35	18.32	6	1.42	1	2.84	19.23	18.32	20.13	399.10	377.33	4.571	7.557	20.57	34.00	200.6	1699	2	100.7	0.426	-0.212	0.0423	0.00778	0.068	0.00646	1.0	-0.22	2.74	1.00	0.00	0.16	111115
155	"15:11:19"	3904.5	0	6.94	0.0762	222	1.01	1.35	18.32	6	1.42	1	2.84	19.23	18.32	20.13	399.26	377.36	4.553	7.557	20.49	34.00	200.6	1699	2	100.7	0.426	-0.212	0.0423	0.00778	0.068	0.00646	1.0	-0.22	2.74	1.00	0.00	0.16	111115
156	"15:11:19"	3905.0	0	6.95	0.0766	222	1.02	1.35	18.32	6	1.42	1	2.84	19.23	18.32	20.13	399.31	377.38	4.540	7.557	20.43	34.00	200.6	1699	2	100.7	0.426	-0.212	0.0423	0.00778	0.068	0.00646	1.0	-0.22	2.74	1.00	0.00	0.16	111115
157	"15:11:20"	3905.5	0	6.98	0.0768	222	1.02	1.35	18.32	6	1.42	1	2.84	19.23	18.32	20.13	399.41	377.38	4.530	7.556	20.38	34.00	200.6	1699	2	100.7	0.426	-0.212	0.0423	0.00778	0.068	0.00646	1.0	-0.22	2.74	1.00	0.00	0.16	111115
158	"15:11:21"	3906.0	0	7.16	0.0785	221	1.04	1.35	18.32	6	1.42	1	2.84	19.23	18.32	20.13	399.82	377.23	4.468	7.557	20.10	34.00	200.7	1699	2	100.7	0.426	-0.212	0.0423	0.00778	0.068	0.00646	1.0	-0.22	2.74	1.00	0.00	0.16	111115
159	"15:11:21"	3906.5	0	7.2	0.0785	220	1.04	1.35	18.32	6	1.42	1	2.84	19.23	18.32	20.13	399.91	377.21	4.463	7.552	20.08	33.98	200.6	1699	2	100.7	0.426	-0.212	0.0423	0.00778	0.068	0.00646	1.0	-0.22	2.74	1.00	0.00	0.16	111115
160	"15:11:22"	3907.5	0	7.24	0.0785	220	1.04	1.35	18.31	6	1.42	1	2.84	19.23	18.31	20.12	399.97	377.16	4.462	7.551	20.07	33.97	200.6	1699	2	100.7	0.426	-0.212	0.0423	0.00778	0.068	0.00646	1.0	-0.22	2.74	1.00	0.00	0.16	111115
161	"15:11:22"	3908.0	0	7.23	0.0784	220	1.04	1.35	18.31	6	1.42	1	2.84	19.23	18.31	20.12	400.02	377.23	4.460	7.548	20.07	33.96	200.6	1699	2	100.7	0.426	-0.212	0.0423	0.00778	0.068	0.00646	1.0	-0.22	2.74	1.00	0.00	0.16	111115
162	"15:11:23"	3908.5	0	7.24	0.0785	220	1.04	1.35	18.31	6	1.42	1	2.84	19.23	18.31	20.12	400.01	377.20	4.460	7.546	20.07	33.96	200.7	1699	2	100.7	0.426	-0.212	0.0423	0.00778	0.068	0.00646	1.0	-0.22	2.74	1.00	0.00	0.16	111115
163	"15:11:24"	3909.0	0	7.25	0.0784	219	1.04	1.35	18.31	6	1.42	1	2.84	19.23	18.31	20.12	400.06	377.22	4.460	7.546	20.07	33.95	200.7	1699	2	100.7	0.426	-0.212	0.0423	0.00778	0.068	0.00646	1.0	-0.22	2.74	1.00	0.00	0.16	111115
164	"15:11:24"	3910.0	0	7.21	0.0783	220	1.04	1.35	18.31	6	1.42	1	2.84	19.23	18.31	20.12	400.05	377.32	4.459	7.541	20.06	33.93	200.6	1699	2	100.7	0.426	-0.212	0.0423	0.00778	0.068	0.00646	1.0	-0.22	2.74	1.00	0.00	0.16	111115
165	"15:11:25"	3910.5	0	7.19	0.0783	220	1.04	1.35	18.32	6	1.42	1	2.84	19.23	18.32	20.12	400.03	377.34	4.460	7.544	20.07	33.95	200.7	1699	2	100.7	0.426	-0.212	0.0423	0.00778	0.068	0.00646	1.0	-0.22	2.74	1.00	0.00	0.16	111115
166	"15:11:26"	3911.0	0	7.17	0.0784	221	1.04	1.35	18.32	6	1.42	1	2.84	19.23	18.32	20.12	399.98	377.38	4.459	7.546	20.06	33.95	200.7	1699	2	100.7	0.426	-0.212	0.0423	0.00778	0.068	0.00646	1.0	-0.22	2.74	1.00	0.00	0.16	111115
167	"15:11:26"	3911.5	0	7.17	0.0785	221	1.04	1.35	18.32	6	1.42	1	2.84	19.23	18.32	20.12	399.92	377.30	4.459	7.549	20.06	33.96	200.7	1699	2	100.7	0.426	-0.212	0.0423	0.00778	0.068	0.00646	1.0	-0.22	2.74	1.00	0.00	0.16	111115
168	"15:11:27"	3912.0	0	7.14	0.0785	222	1.04	1.35	18.32	6	1.42	1	2.84	19.23	18.32	20.12	399.91	377.37	4.459	7.551	20.06	33.97	200.7	1699	2	100.7	0.426	-0.212	0.0423	0.00778	0.068	0.00646	1.0	-0.22	2.74	1.00	0.00	0.16	111115
169	"15:11:29"	3913.0	0	7.12	0.0785	222	1.04	1.35	18.33	6	1.42	1	2.84	19.24	18.33	20.12	399.86	377.40	4.457	7.551	20.05	33.97	200.6	1699	2	100.7	0.426	-0.212	0.0423	0.00778	0.068	0.00646	1.0	-0.22	2.74	1.00	0.00	0.16	111115
170	"15:11:29"	3913.5	0	7.11	0.0786	223	1.04	1.35	18.32	6	1.42	1	2.84	19.24	18.32	20.12	399.83	377.38	4.457	7.552	20.05	33.98	200.6	1699	2	100.7	0.426	-0.212	0.0423	0.00778	0.068	0.00646	1.0	-0.22	2.74	1.00	0.00	0.16	111115
171	"15:11:30"	3915.5	0	7.06	0.0788	224	1.05	1.35	18.33	6	1.42	1	2.84	19.24	18.33	20.12	399.88	377.57	4.455	7.558	20.04	34.00	200.6	1699	2	100.7	0.426	-0.212	0.0423	0.00778	0.068	0.00646	1.0	-0.22	2.74	1.00	0.00	0.16	111115
172	"15:11:30"	3916.0	0	7.09	0.0789	224	1.05	1.35	18.33	6	1.42	1	2.84	19.24	18.33	20.12	399.90	377.53	4.454	7.560	20.04	34.01	200.6	1699	2	100.7	0.426	-0.212	0.0423	0.00778	0.068	0.00646	1.0	-0.22	2.74	1.00	0.00	0.16	111115
173	"15:11:51"	3937.5	0	7.12	0.0782	222	1.04	1.36	18.37	6	1.42	1	2.84	19.25	18.37	20.14	400.28	377.80	4.454	7.550	20.02	33.93	200.6	1699	2	100.7	0.426	-0.212	0.0423	0.00778	0.068	0.00646	1.0	-0.22	2.74	1.00	0.00	0.16	111115
174	"15:11:52"	3937.5	0	7.12	0.0782	222	1.04	1.36	18.37	6	1.42	1	2.84	19.25	18.37	20.14	400.28	377.80	4.454	7.550	20.02	33.93	200.6	1699	2	100.7	0.426	-0.212	0.0423	0.00778	0.068	0.00646	1.0	-0.22	2.74	1.00	0.00	0.16	111115
175	"15:11:52"	3938.0	0	7.17	0.0784	221	1.04	1.36	18.37	6	1.42	1	2.84	19.25	18.37	20.13	400.34	377.71	4.455	7.556	20.02	33.96	200.6	1699	2	100.7	0.426	-0.212	0.0423	0.00778	0.068	0.00646	1.0	-0.22	2.74	1.00	0.00	0.16	111115
176	"15:11:53"	3938.5	0	7.22	0.0785	221	1.05	1.36	18.37	6	1.42	1	2.84	19.25	18.37	20.13	400.40	377.64	4.456	7.559	20.02	33.97	200.6	1699	2	100.7	0.426	-0.212	0.0423	0.00778	0.068	0.00646	1.0	-0.22	2.74	1.00	0.00	0.16	111115
177	"15:11:53"	3939.0	0	7.22	0.0785	221	1.05	1.36	18.36	6	1.42	1	2.84	19.25	18.36	20.13	400.35	377.59	4.457	7.559	20.03	33.97	200.7	1699	2	100.7	0.426	-0.212	0.0423	0.00778	0.068	0.00646	1.0	-0.22	2.74	1.00	0.00	0.16	111115
178	"15:11:54"	3939.5	0	7.22	0.0785	220	1.05	1.36	18.36	6	1.42	1	2.84	19.26	18.36	20.13	400.34	377.55	4.457	7.558	20.03	33.96	200.7	1699	2	100.7	0.426	-0.212	0.0423	0.00778	0.068	0.00646	1.0	-0.22	2.74	1.00	0.00	0.16	111115
179	"15:11:55"	3940.0	0	7.21	0.0785	221	1.04	1.36	18.36	6	1.42	1	2.84	19.26	18.36	20.13	400.30	377.56	4.458	7.559	20.03	33.96	200.7	1699	2	100.7	0.426	-0.212	0.0423	0.00778	0.068	0.00646	1.0	-0.22	2.74	1.00	0.00	0.16	111115
180	"15:11:55"	3940.5	0	7.17	0.0785	222	1.04	1.36	18.36	6	1.42	1	2.84	19.26	18.36	20.13	400.20	377.59	4.458	7.559	20.03	33.96	200.6	1699	2	100.7	0.426	-0.212	0.0423	0.00778	0.068	0.00646	1.0	-0.22	2.74	1.00	0.00	0.16	111115
181	"15:11:56"	3941.0	0	7.16	0.0785	222	1.05	1.36	18.36	6	1.42	1	2.84	19.25	18.36	20.13	400.13	377.53	4.458	7.560	20.03	33.97	200.7	1699	2	100.7	0.426	-0.212	0.0423	0.00778	0.068	0.00646	1.0	-0.22	2.74	1.00	0.00	0.16	111115
182	"15:11:57"	3942.0	0	7.09	0.0784	223	1.04	1.36	18.35	6	1.42	1	2.84	19.26	18.35	20.13	400.06	377.69	4.457	7.555	20.03	33.95	200.7	1699	2	100.7	0.426	-0.212	0.0423	0.00778	0.068	0.00646	1.0	-0.22	2.74	1.00	0.00	0.16	111115
183	"15:11:58"	3942.5	0	7.07	0.0783	223	1.04	1.36	18.36	6	1.42	1	2.84	19.25	18.36	20.13	400.07	377.74	4.457	7.552	20.03	33.94	200.7	1699	2	100.7	0.426	-0.212	0.0423	0.00778	0.068	0.00646	1.0	-0.22	2.74	1.00	0.00	0.16	111115
184	"15:11:58"	3943.5	0	7.05	0.0782	224	1.04	1.36	18.36	6	1.42	1	2.84	19.25	18.36	20.13	400.18	377.90	4.457	7.550	20.03	33.93	200.7	1699	2	100.7	0.426	-0.212	0.0423	0.00778	0.068	0.00646	1.0	-0.22	2.74	1.00	0.00	0.16	111115
185	"15:12:00"	3944.5	0	7.17	0.0782	221	1.04	1.36	18.35	6	1.42	1	2.84	19.26	18.35	20.13	400.35	377.74	4.458	7.547	20.03	33.91	200.7	1699	2	100.7	0.426	-0.212	0.0423	0.00778	0.068	0.00646	1.0	-0.22	2.74	1.00	0.00	0.16	111115
186	"15:12:01"	3945.0	0	7.21	0.0782	220	1.04	1.36	18.35	6	1.42	1	2.84	19.26	18.35	20.13	400.44	377.70	4.457	7.547	20.03	33.91	200.6	1699	2	100.7	0.426	-0.212	0.0423	0.00778	0.068	0.00646	1.0	-0.22	2.74	1.00	0.00	0.16	111115
187	"15:12:01"	3946.5	0	7.26	0.0781	219	1.04	1.36	18.34	6	1.42	1	2.84	19.26	18.34	20.13	400.52	377.64	4.458	7.543	20.03	33.89	200.6	1699	2	100.7	0.426	-0.212	0.0423	0.00778	0.068	0.00646	1.0	-0.22	2.74	1.00	0.00	0.16	111115
188	"15:12:02"	3947.0	0	7.26	0.0781	219	1.04	1.36	18.34	6	1.42	1	2.84	19.26	18.34	20.13	400.50	377.62	4.458	7.543	20.03	33.88	200.6	1699	2	100.7	0.426	-0.212	0.0423	0.00778	0.068	0.00646	1.0	-0.22	2.74	1.00	0.00	0.16	111115
189	"15:12:03"	3948.0	0	7.27	0.078	218	1.04	1.36	18.35	6	1.42	1	2.84	19.26	18.35	20.13	400.39	377.47	4.459	7.542	20.03	33.88	200.6	1699	2	100.7	0.426	-0.212	0.0423	0.00778	0.068	0.00646	1.0	-0.22	2.74	1.00	0.00	0.16	111115
190	"15:12:04"	3949.0	0	7.19	0.0779	220	1.04	1.36	18.35	6	1.42	1	2.84	19.26	18.35	20.13	400.23	377.56	4.457	7.539	20.03	33.87	200.6	1699	2	100.7	0.426	-0.212	0.0423	0.00778	0.068	0.00646	1.0	-0.22	2.74	1.00	0.00	0.16	111115
191	"15:12:05"	3949.5	0	7.17	0.0779	220	1.04	1.36	18.36	6	1.42	1	2.84	19.26	18.36	20.13	400.18	377.58	4.458	7.540	20.03	33.87	200.6	1699	2	100.7	0.426	-0.212	0.0423	0.00778	0.068	0.00646	1.0	-0.22	2.74	1.00	0.00	0.16	111115
192	"15:12:07"	3950.5	0	7.11	0.078	222	1.04	1.36	18.36	6	1.42	1	2.84	19.26	18.36	20.14	400.09	377.64	4.458	7.545	20.03	33.89	200.6	1699	2	100.7	0.426	-0.212	0.0423	0.00778	0.068	0.00646	1.0	-0.22	2.74	1.00	0.00	0.16	111115
193	"15:12:07"	3951.5	0	7.06	0.0782	223	1.04	1.36	18.35	6	1.42	1	2.84	19.26	18.35	20.14	400.08	377.78	4.456	7.548	20.02	33.91	200.6	1699	2	100.7	0.426	-0.212	0.0423	0.00778	0.068	0.00646	1.0	-0.22	2.74	1.00	0.00	0.16	111115
194	"15:12:08"	3953.0	0	7.04	0.0784	224	1.04	1.36	18.36	6	1.42	1	2.84	19.26	18.36	20.14	400.07	377.83	4.457	7.556	20.02	33.94	200.6	1699	2	100.7	0.426	-0.212	0.0423	0.00778	0.068	0.00646	1.0	-0.22	2.74	1.00	0.00	0.16	111115
195	"15:12:09"	3953.5	0	7.01	0.0784	225	1.04	1.36	18.36	6	1.42	1	2.84	19.26	18.36	20.13	400.02	377.85	4.456	7.557	20.02	33.95	200.6	1699	2	100.7	0.426	-0.212	0.0423	0.00778	0.068	0.00646	1.0	-0.22	2.74	1.00	0.00	0.16	111115
196	"15:12:10"	3954.5	0	7.03	0.0783	224	1.04	1.36	18.37	6	1.42	1	2.84	19.26	18.37	20.13	400.03	377.82	4.457	7.555	20.02	33.93	200.6	1699	2	100.7	0.426	-0.212	0.0423	0.00778	0.068	0.00646	1.0	-0.22	2.74	1.00	0.00	0.16	111115
"15:13:38 Coolers: Tblock -> 25.00 C"
"15:19:55 Flow: Fixed -> 200 umol/s"
197	"15:19:57"	4423.0	0	6.38	0.0768	225	0.986	1.3	20.65	6	1.42	1	2.84	23.47	20.65	25.13	387.24	367.09	8.400	11.313	29.15	39.26	200.8	1699	2	100.7	0.276	-0.281	0.23	0.0101	0.267	0.00601	0.7	-0.22	2.74	1.00	0.00	0.16	111125
198	"15:19:58"	4423.0	0	6.38	0.0768	225	0.986	1.3	20.65	6	1.42	1	2.84	23.47	20.65	25.13	387.24	367.09	8.400	11.313	29.15	39.26	200.8	1699	2	100.7	0.276	-0.281	0.23	0.0101	0.267	0.00601	0.7	-0.22	2.74	1.00	0.00	0.16	111125
199	"15:19:58"	4423.5	0	6.48	0.078	225	1	1.3	20.64	6	1.42	1	2.84	23.47	20.64	25.13	387.51	367.05	8.359	11.313	29.01	39.26	200.8	1699	2	100.7	0.276	-0.281	0.23	0.0101	0.267	0.00601	0.7	-0.22	2.74	1.00	0.00	0.16	111125
200	"15:19:59"	4424.0	0	6.53	0.0789	225	1.01	1.3	20.62	6	1.42	1	2.84	23.47	20.62	25.12	387.67	367.04	8.334	11.315	28.92	39.27	200.7	1699	2	100.7	0.276	-0.281	0.23	0.0101	0.267	0.00601	0.7	-0.22	2.74	1.00	0.00	0.16	111125
201	"15:19:59"	4424.5	0	6.6	0.0796	225	1.02	1.3	20.62	6	1.42	1	2.84	23.47	20.62	25.12	387.74	366.89	8.317	11.320	28.86	39.29	200.7	1699	2	100.7	0.276	-0.281	0.23	0.0101	0.267	0.00601	0.7	-0.22	2.74	1.00	0.00	0.16	111125
202	"15:20:00"	4425.0	0	6.59	0.0798	226	1.02	1.3	20.61	6	1.42	1	2.84	23.47	20.61	25.12	387.76	366.96	8.305	11.315	28.82	39.27	200.7	1699	2	100.7	0.276	-0.281	0.23	0.0101	0.267	0.00601	0.7	-0.22	2.74	1.00	0.00	0.16	111125
203	"15:20:00"	4425.5	0	6.56	0.08	227	1.02	1.3	20.61	6	1.42	1	2.84	23.47	20.61	25.12	387.79	367.07	8.295	11.314	28.79	39.26	200.7	1700	2	100.7	0.276	-0.281	0.23	0.0101	0.267	0.00601	0.7	-0.22	2.74	1.00	0.00	0.16	111125
204	"15:20:01"	4426.0	0	6.68	0.0816	227	1.04	1.3	20.61	6	1.42	1	2.84	23.47	20.61	25.12	388.16	367.04	8.236	11.312	28.59	39.26	200.7	1700	2	100.7	0.276	-0.281	0.23	0.0101	0.267	0.00601	0.7	-0.22	2.74	1.00	0.00	0.16	111125
205	"15:20:01"	4426.5	0	6.63	0.0817	228	1.04	1.3	20.60	6	1.42	1	2.84	23.47	20.60	25.12	388.10	367.13	8.232	11.310	28.57	39.25	200.7	1700	2	100.7	0.276	-0.281	0.23	0.0101	0.267	0.00601	0.7	-0.22	2.74	1.00	0.00	0.16	111125
206	"15:20:02"	4427.0	0	6.63	0.0818	228	1.04	1.3	20.59	6	1.42	1	2.84	23.47	20.59	25.13	388.06	367.10	8.230	11.309	28.56	39.25	200.6	1700	2	100.7	0.276	-0.281	0.23	0.0101	0.267	0.00601	0.7	-0.22	2.74	1.00	0.00	0.16	111125
207	"15:20:02"	4427.5	0	6.62	0.0818	228	1.04	1.3	20.59	6	1.42	1	2.84	23.47	20.59	25.13	388.03	367.09	8.228	11.309	28.55	39.24	200.6	1700	2	100.7	0.276	-0.281	0.23	0.0101	0.267	0.00601	0.7	-0.22	2.74	1.00	0.00	0.16	111125
208	"15:20:03"	4428.0	0	6.58	0.0817	229	1.04	1.3	20.61	6	1.42	1	2.84	23.47	20.61	25.13	387.96	367.13	8.227	11.308	28.55	39.24	200.6	1700	2	100.7	0.276	-0.281	0.23	0.0101	0.267	0.00601	0.7	-0.22	2.74	1.00	0.00	0.16	111125
209	"15:20:03"	4428.5	0	6.49	0.0814	230	1.04	1.3	20.61	6	1.42	1	2.84	23.47	20.61	25.13	387.87	367.32	8.226	11.300	28.54	39.21	200.6	1700	1	100.7	0.276	-0.281	0.23	0.0101	0.267	0.00601	0.7	-0.22	2.74	1.00	0.00	0.16	111125
210	"15:20:04"	4429.0	0	6.54	0.0816	230	1.04	1.3	20.61	6	1.42	1	2.84	23.47	20.61	25.14	387.87	367.17	8.225	11.305	28.54	39.22	200.6	1700	2	100.7	0.276	-0.281	0.23	0.0101	0.267	0.00601	0.7	-0.22	2.74	1.00	0.00	0.16	111125
211	"15:20:04"	4430.0	0	6.62	0.0814	227	1.04	1.3	20.62	6	1.42	1	2.84	23.48	20.62	25.14	387.83	366.88	8.223	11.302	28.53	39.21	200.6	1700	2	100.7	0.276	-0.281	0.23	0.0101	0.267	0.00601	0.7	-0.22	2.74	1.00	0.00	0.16	111125
212	"15:20:05"	4430.5	0	6.67	0.0814	226	1.04	1.3	20.63	6	1.42	1	2.84	23.48	20.63	25.14	387.87	366.77	8.224	11.304	28.53	39.22	200.6	1700	2	100.7	0.276	-0.281	0.23	0.0101	0.267	0.00601	0.7	-0.22	2.74	1.00	0.00	0.16	111125
213	"15:20:06"	4431.0	0	6.68	0.0813	226	1.04	1.3	20.64	6	1.42	1	2.84	23.48	20.64	25.14	387.83	366.72	8.224	11.305	28.53	39.22	200.6	1700	2	100.7	0.276	-0.281	0.23	0.0101	0.267	0.00601	0.7	-0.22	2.74	1.00	0.00	0.16	111125
214	"15:20:06"	4431.5	0	6.66	0.0813	226	1.04	1.3	20.65	6	1.42	1	2.84	23.48	20.65	25.14	387.78	366.72	8.224	11.306	28.53	39.22	200.7	1700	2	100.7	0.276	-0.281	0.23	0.0101	0.267	0.00601	0.7	-0.22	2.74	1.00	0.00	0.16	111125
215	"15:20:07"	4432.0	0	6.7	0.0814	225	1.04	1.3	20.64	6	1.42	1	2.84	23.48	20.64	25.14	387.78	366.60	8.224	11.306	28.53	39.22	200.7	1700	2	100.7	0.276	-0.281	0.23	0.0101	0.267	0.00601	0.7	-0.22	2.74	1.00	0.00	0.16	111125
216	"15:20:08"	4433.0	0	6.72	0.0813	225	1.04	1.3	20.64	6	1.42	1	2.84	23.48	20.64	25.14	387.75	366.54	8.224	11.303	28.53	39.21	200.7	1700	2	100.7	0.276	-0.281	0.23	0.0101	0.267	0.00601	0.7	-0.22	2.74	1.00	0.00	0.16	111125
217	"15:20:08"	4433.5	0	6.68	0.0812	225	1.04	1.3	20.65	6	1.42	1	2.84	23.48	20.65	25.14	387.66	366.55	8.223	11.300	28.52	39.20	200.7	1700	2	100.7	0.276	-0.281	0.23	0.0101	0.267	0.00601	0.7	-0.22	2.74	1.00	0.00	0.16	111125
218	"15:20:10"	4434.0	0	6.65	0.0813	226	1.04	1.3	20.64	6	1.42	1	2.84	23.48	20.64	25.13	387.62	366.60	8.223	11.303	28.52	39.21	200.7	1700	2	100.7	0.276	-0.281	0.23	0.0101	0.267	0.00601	0.7	-0.22	2.74	1.00	0.00	0.16	111125
219	"15:20:10"	4435.0	0	6.65	0.0815	227	1.04	1.3	20.64	6	1.42	1	2.84	23.48	20.64	25.13	387.52	366.50	8.222	11.308	28.52	39.22	200.7	1699	2	100.7	0.276	-0.281	0.23	0.0101	0.267	0.00601	0.7	-0.22	2.74	1.00	0.00	0.16	111125
220	"15:20:11"	4436.5	0	6.68	0.0815	226	1.04	1.3	20.65	6	1.42	1	2.84	23.48	20.65	25.13	387.44	366.32	8.223	11.311	28.52	39.23	200.7	1700	2	100.7	0.276	-0.281	0.23	0.0101	0.267	0.00601	0.7	-0.22	2.74	1.00	0.00	0.16	111125
221	"15:20:12"	4437.0	0	6.73	0.0814	224	1.04	1.3	20.65	6	1.42	1	2.84	23.48	20.65	25.13	387.42	366.16	8.224	11.310	28.52	39.22	200.7	1700	2	100.7	0.276	-0.281	0.23	0.0101	0.267	0.00601	0.7	-0.22	2.74	1.00	0.00	0.16	111125
222	"15:20:12"	4437.5	0	6.74	0.0814	224	1.04	1.3	20.65	6	1.42	1	2.84	23.48	20.65	25.13	387.41	366.12	8.224	11.311	28.52	39.23	200.7	1700	2	100.7	0.276	-0.281	0.23	0.0101	0.267	0.00601	0.7	-0.22	2.74	1.00	0.00	0.16	111125
"15:20:43 Coolers: Tblock -> 30.00 C"
"15:32:00 Flow: Fixed -> 200 umol/s"
223	"15:32:01"	5147.5	0	6.36	0.0731	227	1.27	1.75	24.15	6	1.42	1	2.84	28.10	24.15	30.14	398.72	378.26	8.867	12.612	23.38	33.26	200.6	1700	2	100.7	-0.0153	-0.286	0.246	0.00297	0.0173	0.00308	1.0	-0.22	2.74	1.00	0.00	0.16	111115
224	"15:32:01"	5147.5	0	6.36	0.0731	227	1.27	1.75	24.15	6	1.42	1	2.84	28.10	24.15	30.14	398.72	378.26	8.867	12.612	23.38	33.26	200.6	1700	2	100.7	-0.0153	-0.286	0.246	0.00297	0.0173	0.00308	1.0	-0.22	2.74	1.00	0.00	0.16	111115
225	"15:32:02"	5148.0	0	6.6	0.0754	226	1.3	1.75	24.13	6	1.42	1	2.84	28.10	24.13	30.13	399.26	378.03	8.767	12.614	23.12	33.27	200.6	1700	2	100.7	-0.0153	-0.286	0.246	0.00297	0.0173	0.00308	1.0	-0.22	2.74	1.00	0.00	0.16	111115
226	"15:32:02"	5148.5	0	6.67	0.0766	227	1.32	1.74	24.11	6	1.42	1	2.84	28.10	24.11	30.13	399.52	378.07	8.715	12.619	22.99	33.28	200.6	1700	2	100.7	-0.0153	-0.286	0.246	0.00297	0.0173	0.00308	1.0	-0.22	2.74	1.00	0.00	0.16	111115
227	"15:32:03"	5149.0	0	6.71	0.0773	227	1.33	1.74	24.11	6	1.42	1	2.84	28.10	24.11	30.13	399.67	378.09	8.686	12.617	22.91	33.28	200.6	1700	2	100.7	-0.0153	-0.286	0.246	0.00297	0.0173	0.00308	1.0	-0.22	2.74	1.00	0.00	0.16	111115
228	"15:32:03"	5149.5	0	6.74	0.0778	228	1.34	1.74	24.11	6	1.42	1	2.84	28.10	24.11	30.13	399.77	378.09	8.665	12.623	22.85	33.29	200.6	1700	2	100.7	-0.0153	-0.286	0.246	0.00297	0.0173	0.00308	1.0	-0.22	2.74	1.00	0.00	0.16	111115
229	"15:32:04"	5150.0	0	6.73	0.0779	228	1.34	1.75	24.12	6	1.42	1	2.84	28.10	24.12	30.12	399.80	378.16	8.650	12.619	22.81	33.28	200.6	1700	2	100.7	-0.0153	-0.286	0.246	0.00297	0.0173	0.00308	1.0	-0.22	2.74	1.00	0.00	0.16	111115
230	"15:32:04"	5150.5	0	6.76	0.0781	228	1.35	1.75	24.12	6	1.42	1	2.84	28.10	24.12	30.12	399.84	378.10	8.639	12.618	22.79	33.28	200.6	1700	2	100.7	-0.0153	-0.286	0.246	0.00297	0.0173	0.00308	1.0	-0.22	2.74	1.00	0.00	0.16	111115
231	"15:32:05"	5151.0	0	6.87	0.0796	228	1.37	1.75	24.11	6	1.42	1	2.84	28.10	24.11	30.12	400.17	378.07	8.567	12.618	22.60	33.29	200.6	1700	2	100.7	-0.0153	-0.286	0.246	0.00297	0.0173	0.00308	1.0	-0.22	2.74	1.00	0.00	0.16	111115
232	"15:32:05"	5151.5	0	6.86	0.0798	229	1.37	1.74	24.11	6	1.42	1	2.84	28.10	24.11	30.11	400.20	378.12	8.562	12.620	22.59	33.29	200.6	1700	2	100.7	-0.0153	-0.286	0.246	0.00297	0.0173	0.00308	1.0	-0.22	2.74	1.00	0.00	0.16	111115
233	"15:32:06"	5152.0	0	6.79	0.0797	230	1.37	1.74	24.11	6	1.42	1	2.84	28.10	24.11	30.11	400.17	378.31	8.561	12.617	22.59	33.29	200.6	1700	2	100.7	-0.0153	-0.286	0.246	0.00297	0.0173	0.00308	1.0	-0.22	2.74	1.00	0.00	0.16	111115
234	"15:32:06"	5152.5	0	6.74	0.0796	231	1.37	1.75	24.12	6	1.42	1	2.84	28.10	24.12	30.11	400.15	378.43	8.560	12.615	22.58	33.28	200.6	1701	2	100.7	-0.0153	-0.286	0.246	0.00297	0.0173	0.00308	1.0	-0.22	2.74	1.00	0.00	0.16	111115
235	"15:32:07"	5153.0	0	6.71	0.0797	232	1.37	1.75	24.12	6	1.42	1	2.84	28.10	24.12	30.11	400.11	378.48	8.559	12.618	22.58	33.29	200.6	1700	1	100.7	-0.0153	-0.286	0.246	0.00297	0.0173	0.00308	1.0	-0.22	2.74	1.00	0.00	0.16	111115
236	"15:32:08"	5153.5	0	6.7	0.0795	232	1.37	1.75	24.12	6	1.42	1	2.84	28.10	24.12	30.11	400.08	378.48	8.559	12.610	22.58	33.27	200.5	1700	1	100.7	-0.0153	-0.286	0.246	0.00297	0.0173	0.00308	1.0	-0.22	2.74	1.00	0.00	0.16	111115
237	"15:32:08"	5154.0	0	6.69	0.0797	232	1.37	1.74	24.10	6	1.42	1	2.84	28.10	24.10	30.11	400.07	378.49	8.557	12.611	22.58	33.28	200.6	1700	1	100.7	-0.0153	-0.286	0.246	0.00297	0.0173	0.00308	1.0	-0.22	2.74	1.00	0.00	0.16	111115
238	"15:32:09"	5154.5	0	6.7	0.0798	232	1.37	1.74	24.09	6	1.42	1	2.84	28.10	24.09	30.11	400.09	378.48	8.557	12.609	22.58	33.27	200.6	1700	1	100.7	-0.0153	-0.286	0.246	0.00297	0.0173	0.00308	1.0	-0.22	2.74	1.00	0.00	0.16	111115
239	"15:32:09"	5155.0	0	6.69	0.0798	233	1.37	1.74	24.09	6	1.42	1	2.84	28.10	24.09	30.11	400.09	378.51	8.555	12.607	22.57	33.27	200.6	1701	1	100.7	-0.0153	-0.286	0.246	0.00297	0.0173	0.00308	1.0	-0.22	2.74	1.00	0.00	0.16	111115
240	"15:32:10"	5155.5	0	6.69	0.0797	232	1.37	1.74	24.09	6	1.42	1	2.84	28.10	24.09	30.11	400.09	378.51	8.555	12.604	22.57	33.25	200.5	1701	1	100.7	-0.0153	-0.286	0.246	0.00297	0.0173	0.00308	1.0	-0.22	2.74	1.00	0.00	0.16	111115
241	"15:32:10"	5156.5	0	6.73	0.0798	232	1.37	1.74	24.08	6	1.42	1	2.84	28.10	24.08	30.11	400.08	378.40	8.555	12.604	22.57	33.26	200.6	1700	1	100.7	-0.0153	-0.286	0.246	0.00297	0.0173	0.00308	1.0	-0.22	2.74	1.00	0.00	0.16	111115
242	"15:32:11"	5157.0	0	6.79	0.0796	230	1.37	1.74	24.08	6	1.42	1	2.84	28.09	24.08	30.11	400.12	378.26	8.555	12.595	22.57	33.23	200.6	1700	1	100.7	-0.0153	-0.286	0.246	0.00297	0.0173	0.00308	1.0	-0.22	2.74	1.00	0.00	0.16	111115
243	"15:32:12"	5157.5	0	6.82	0.0797	230	1.37	1.74	24.07	6	1.42	1	2.84	28.09	24.07	30.11	400.16	378.21	8.554	12.596	22.57	33.24	200.6	1700	1	100.7	-0.0153	-0.286	0.246	0.00297	0.0173	0.00308	1.0	-0.22	2.74	1.00	0.00	0.16	111115
244	"15:32:13"	5158.0	0	6.86	0.0796	228	1.37	1.74	24.08	6	1.42	1	2.84	28.09	24.08	30.11	400.22	378.16	8.555	12.596	22.58	33.24	200.6	1700	1	100.7	-0.0153	-0.286	0.246	0.00297	0.0173	0.00308	1.0	-0.22	2.74	1.00	0.00	0.16	111115
245	"15:32:13"	5159.0	0	6.8	0.0795	230	1.37	1.74	24.09	6	1.42	1	2.84	28.09	24.09	30.11	400.24	378.36	8.557	12.595	22.58	33.23	200.6	1700	1	100.7	-0.0153	-0.286	0.246	0.00297	0.0173	0.00308	1.0	-0.22	2.74	1.00	0.00	0.16	111115
246	"15:32:14"	5159.5	0	6.82	0.0795	229	1.37	1.74	24.09	6	1.42	1	2.84	28.09	24.09	30.11	400.25	378.32	8.557	12.594	22.58	33.24	200.6	1700	1	100.7	-0.0153	-0.286	0.246	0.00297	0.0173	0.00308	1.0	-0.22	2.74	1.00	0.00	0.16	111115
247	"15:32:15"	5160.5	0	6.89	0.0792	227	1.36	1.74	24.09	6	1.42	1	2.84	28.09	24.09	30.11	400.40	378.24	8.558	12.587	22.58	33.21	200.6	1700	1	100.7	-0.0153	-0.286	0.246	0.00297	0.0173	0.00308	1.0	-0.22	2.74	1.00	0.00	0.16	111115
248	"15:32:17"	5161.5	0	6.83	0.0792	229	1.36	1.74	24.09	6	1.42	1	2.84	28.09	24.09	30.11	400.45	378.47	8.557	12.586	22.58	33.21	200.6	1700	1	100.7	-0.0153	-0.286	0.246	0.00297	0.0173	0.00308	1.0	-0.22	2.74	1.00	0.00	0.16	111115
249	"15:32:18"	5162.0	0	6.82	0.0791	229	1.36	1.75	24.10	6	1.42	1	2.84	28.09	24.10	30.11	400.48	378.54	8.557	12.584	22.58	33.21	200.6	1700	1	100.7	-0.0153	-0.286	0.246	0.00297	0.0173	0.00308	1.0	-0.22	2.74	1.00	0.00	0.16	111115
250	"15:32:18"	5164.5	0	6.81	0.0787	228	1.36	1.75	24.12	6	1.42	1	2.84	28.09	24.12	30.11	400.60	378.69	8.558	12.572	22.58	33.18	200.6	1700	1	100.7	-0.0153	-0.286	0.246	0.00297	0.0173	0.00308	1.0	-0.22	2.74	1.00	0.00	0.16	111115
251	"15:32:19"	5165.0	0	6.83	0.0785	228	1.36	1.75	24.12	6	1.42	1	2.84	28.09	24.12	30.11	400.62	378.65	8.558	12.570	22.59	33.17	200.6	1700	2	100.7	-0.0153	-0.286	0.246	0.00297	0.0173	0.00308	1.0	-0.22	2.74	1.00	0.00	0.16	111115
"15:34:11 Coolers: Tblock -> 35.00 C"
"15:38:49 Flow: Fixed -> 200 umol/s"
252	"15:38:50"	5556.5	0	6.22	0.0719	227	1.38	1.94	25.83	6	1.42	1	2.84	31.96	25.83	35.15	398.58	378.40	9.836	13.915	20.79	29.42	200.7	1698	2	100.7	-0.614	-0.342	0.105	0.0262	0.0271	0.0223	1.0	-0.22	2.74	1.00	0.00	0.16	111115
253	"15:38:51"	5556.5	0	6.22	0.0719	227	1.38	1.94	25.83	6	1.42	1	2.84	31.96	25.83	35.15	398.58	378.40	9.836	13.915	20.79	29.42	200.7	1698	2	100.7	-0.614	-0.342	0.105	0.0262	0.0271	0.0223	1.0	-0.22	2.74	1.00	0.00	0.16	111115
254	"15:38:51"	5557.0	0	6.32	0.0736	229	1.42	1.94	25.84	6	1.42	1	2.84	31.96	25.84	35.15	399.01	378.50	9.730	13.909	20.57	29.40	200.6	1698	2	100.7	-0.614	-0.342	0.105	0.0262	0.0271	0.0223	1.0	-0.22	2.74	1.00	0.00	0.16	111115
255	"15:38:51"	5557.5	0	6.36	0.0742	229	1.43	1.94	25.85	6	1.42	1	2.84	31.96	25.85	35.15	399.30	378.65	9.677	13.898	20.45	29.38	200.6	1698	2	100.7	-0.614	-0.342	0.105	0.0262	0.0271	0.0223	1.0	-0.22	2.74	1.00	0.00	0.16	111115
256	"15:38:52"	5558.0	0	6.35	0.0745	230	1.44	1.95	25.86	6	1.42	1	2.84	31.96	25.86	35.15	399.44	378.81	9.643	13.887	20.38	29.35	200.6	1698	1	100.7	-0.614	-0.342	0.105	0.0262	0.0271	0.0223	1.0	-0.22	2.74	1.00	0.00	0.16	111115
257	"15:38:53"	5558.5	0	6.39	0.075	230	1.45	1.95	25.87	6	1.42	1	2.84	31.96	25.87	35.15	399.54	378.78	9.620	13.894	20.33	29.36	200.6	1698	1	100.7	-0.614	-0.342	0.105	0.0262	0.0271	0.0223	1.0	-0.22	2.74	1.00	0.00	0.16	111115
258	"15:38:53"	5559.0	0	6.39	0.0754	230	1.45	1.95	25.87	6	1.42	1	2.84	31.96	25.87	35.15	399.61	378.84	9.605	13.896	20.29	29.36	200.6	1698	1	100.7	-0.614	-0.342	0.105	0.0262	0.0271	0.0223	1.0	-0.22	2.74	1.00	0.00	0.16	111115
259	"15:38:54"	5559.5	0	6.45	0.0757	230	1.46	1.95	25.87	6	1.42	1	2.84	31.97	25.87	35.15	399.69	378.74	9.593	13.901	20.27	29.37	200.6	1698	1	100.7	-0.614	-0.342	0.105	0.0262	0.0271	0.0223	1.0	-0.22	2.74	1.00	0.00	0.16	111115
260	"15:38:54"	5560.0	0	6.55	0.0771	230	1.49	1.95	25.87	6	1.42	1	2.84	31.97	25.87	35.15	400.02	378.73	9.515	13.903	20.10	29.37	200.6	1698	1	100.7	-0.614	-0.342	0.105	0.0262	0.0271	0.0223	1.0	-0.22	2.74	1.00	0.00	0.16	111115
261	"15:38:55"	5560.5	0	6.55	0.0769	230	1.49	1.95	25.88	6	1.42	1	2.84	31.97	25.88	35.15	400.07	378.80	9.511	13.898	20.08	29.35	200.5	1698	1	100.7	-0.614	-0.342	0.105	0.0262	0.0271	0.0223	1.0	-0.22	2.74	1.00	0.00	0.16	111115
262	"15:38:56"	5561.5	0	6.56	0.0771	230	1.49	1.95	25.89	6	1.42	1	2.84	31.98	25.89	35.15	400.10	378.79	9.508	13.903	20.07	29.35	200.6	1699	1	100.7	-0.614	-0.342	0.105	0.0262	0.0271	0.0223	1.0	-0.22	2.74	1.00	0.00	0.16	111115
263	"15:38:56"	5562.0	0	6.6	0.0773	229	1.49	1.95	25.89	6	1.42	1	2.84	31.98	25.89	35.14	400.12	378.68	9.508	13.914	20.07	29.37	200.6	1699	1	100.7	-0.614	-0.342	0.105	0.0262	0.0271	0.0223	1.0	-0.22	2.74	1.00	0.00	0.16	111115
264	"15:38:57"	5562.5	0	6.64	0.0772	228	1.49	1.95	25.89	6	1.42	1	2.84	31.99	25.89	35.14	400.14	378.60	9.508	13.911	20.06	29.35	200.6	1700	1	100.7	-0.614	-0.342	0.105	0.0262	0.0271	0.0223	1.0	-0.22	2.74	1.00	0.00	0.16	111115
265	"15:38:57"	5563.0	0	6.63	0.0772	228	1.49	1.95	25.90	6	1.42	1	2.84	31.99	25.90	35.14	400.09	378.56	9.508	13.912	20.06	29.35	200.6	1700	1	100.7	-0.614	-0.342	0.105	0.0262	0.0271	0.0223	1.0	-0.22	2.74	1.00	0.00	0.16	111115
266	"15:38:58"	5563.5	0	6.61	0.0771	229	1.49	1.96	25.91	6	1.42	1	2.84	32.00	25.91	35.14	400.08	378.61	9.508	13.913	20.05	29.35	200.6	1700	1	100.7	-0.614	-0.342	0.105	0.0262	0.0271	0.0223	1.0	-0.22	2.74	1.00	0.00	0.16	111115
267	"15:38:58"	5564.0	0	6.59	0.077	229	1.49	1.96	25.92	6	1.42	1	2.84	32.00	25.92	35.14	400.05	378.65	9.509	13.911	20.05	29.33	200.6	1700	1	100.7	-0.614	-0.342	0.105	0.0262	0.0271	0.0223	1.0	-0.22	2.74	1.00	0.00	0.16	111115
268	"15:38:59"	5564.5	0	6.6	0.0769	228	1.49	1.96	25.93	6	1.42	1	2.84	32.00	25.93	35.14	400.03	378.61	9.509	13.910	20.05	29.33	200.6	1701	1	100.7	-0.614	-0.342	0.105	0.0262	0.0271	0.0223	1.0	-0.22	2.74	1.00	0.00	0.16	111115
269	"15:38:59"	5565.0	0	6.62	0.0768	228	1.49	1.96	25.94	6	1.42	1	2.84	32.01	25.94	35.14	400.04	378.53	9.509	13.913	20.05	29.33	200.6	1701	1	100.7	-0.614	-0.342	0.105	0.0262	0.0271	0.0223	1.0	-0.22	2.74	1.00	0.00	0.16	111115
270	"15:39:00"	5565.5	0	6.62	0.0768	228	1.49	1.96	25.96	6	1.42	1	2.84	32.01	25.96	35.14	400.07	378.57	9.509	13.917	20.04	29.33	200.6	1701	1	100.7	-0.614	-0.342	0.105	0.0262	0.0271	0.0223	1.0	-0.22	2.74	1.00	0.00	0.16	111115
271	"15:39:01"	5566.0	0	6.57	0.0767	229	1.49	1.97	25.97	6	1.42	1	2.84	32.01	25.97	35.14	400.06	378.72	9.509	13.918	20.04	29.33	200.6	1701	1	100.7	-0.614	-0.342	0.105	0.0262	0.0271	0.0223	1.0	-0.22	2.74	1.00	0.00	0.16	111115
272	"15:39:01"	5566.5	0	6.52	0.0767	230	1.5	1.97	25.98	6	1.42	1	2.84	32.01	25.98	35.14	400.04	378.84	9.510	13.922	20.04	29.33	200.6	1701	1	100.7	-0.614	-0.342	0.105	0.0262	0.0271	0.0223	1.0	-0.22	2.74	1.00	0.00	0.16	111115
273	"15:39:02"	5567.5	0	6.51	0.0764	230	1.49	1.97	26.00	6	1.42	1	2.84	32.02	26.00	35.14	400.07	378.91	9.510	13.913	20.03	29.30	200.6	1701	2	100.7	-0.614	-0.342	0.105	0.0262	0.0271	0.0223	1.0	-0.22	2.74	1.00	0.00	0.16	111115
274	"15:39:04"	5568.5	0	6.53	0.0765	229	1.5	1.97	26.00	6	1.42	1	2.84	32.03	26.00	35.14	400.14	378.91	9.511	13.921	20.02	29.31	200.6	1701	2	100.7	-0.614	-0.342	0.105	0.0262	0.0271	0.0223	1.0	-0.22	2.74	1.00	0.00	0.16	111115
275	"15:39:04"	5569.0	0	6.49	0.0764	230	1.5	1.97	26.01	6	1.42	1	2.84	32.03	26.01	35.14	400.13	379.01	9.511	13.921	20.02	29.30	200.6	1701	2	100.7	-0.614	-0.342	0.105	0.0262	0.0271	0.0223	1.0	-0.22	2.74	1.00	0.00	0.16	111115
276	"15:39:05"	5570.5	0	6.59	0.0764	228	1.5	1.98	26.03	6	1.42	1	2.84	32.04	26.03	35.13	400.13	378.71	9.511	13.926	20.01	29.30	200.5	1701	1	100.7	-0.614	-0.342	0.105	0.0262	0.0271	0.0223	1.0	-0.22	2.74	1.00	0.00	0.16	111115
277	"15:39:06"	5571.0	0	6.57	0.0765	228	1.5	1.98	26.04	6	1.42	1	2.84	32.04	26.04	35.13	400.16	378.81	9.511	13.932	20.01	29.31	200.6	1701	1	100.7	-0.614	-0.342	0.105	0.0262	0.0271	0.0223	1.0	-0.22	2.74	1.00	0.00	0.16	111115
"15:39:50 Coolers: Tblock -> 40.00 C"
"15:41:39 Flow: Fixed -> 200 umol/s"
278	"15:41:40"	5726.5	0	5.52	0.0708	241	1.64	2.33	28.09	6	1.42	1	2.84	36.12	28.09	40.15	398.57	380.21	9.892	14.731	16.58	24.68	200.6	1699	2	100.7	-0.418	-0.37	0.177	0.0157	0.047	0.0165	1.0	-0.22	2.74	1.00	0.00	0.16	111115
279	"15:41:40"	5726.5	0	5.52	0.0708	241	1.64	2.33	28.09	6	1.42	1	2.84	36.12	28.09	40.15	398.57	380.21	9.892	14.731	16.58	24.68	200.6	1699	2	100.7	-0.418	-0.37	0.177	0.0157	0.047	0.0165	1.0	-0.22	2.74	1.00	0.00	0.16	111115
280	"15:41:41"	5727.0	0	5.61	0.0727	242	1.68	2.33	28.08	6	1.42	1	2.84	36.12	28.08	40.15	399.00	380.32	9.775	14.735	16.38	24.69	200.6	1699	2	100.7	-0.418	-0.37	0.177	0.0157	0.047	0.0165	1.0	-0.22	2.74	1.00	0.00	0.16	111115
281	"15:41:41"	5727.5	0	5.68	0.0737	243	1.71	2.33	28.07	6	1.42	1	2.84	36.13	28.07	40.15	399.23	380.30	9.715	14.741	16.28	24.70	200.6	1699	2	100.7	-0.418	-0.37	0.177	0.0157	0.047	0.0165	1.0	-0.22	2.74	1.00	0.00	0.16	111115
282	"15:41:42"	5728.0	0	5.7	0.0742	243	1.72	2.33	28.08	6	1.42	1	2.84	36.13	28.08	40.15	399.31	380.30	9.679	14.741	16.21	24.69	200.6	1699	2	100.7	-0.418	-0.37	0.177	0.0157	0.047	0.0165	1.0	-0.22	2.74	1.00	0.00	0.16	111115
283	"15:41:42"	5728.5	0	5.76	0.0746	242	1.73	2.33	28.09	6	1.42	1	2.84	36.13	28.09	40.15	399.38	380.19	9.655	14.746	16.17	24.70	200.7	1699	2	100.7	-0.418	-0.37	0.177	0.0157	0.047	0.0165	1.0	-0.22	2.74	1.00	0.00	0.16	111115
284	"15:41:43"	5729.0	0	5.79	0.0749	242	1.73	2.33	28.09	6	1.42	1	2.84	36.13	28.09	40.15	399.45	380.18	9.638	14.748	16.14	24.70	200.6	1699	2	100.7	-0.418	-0.37	0.177	0.0157	0.047	0.0165	1.0	-0.22	2.74	1.00	0.00	0.16	111115
285	"15:41:43"	5729.5	0	5.83	0.0751	241	1.74	2.33	28.09	6	1.42	1	2.84	36.13	28.09	40.14	399.50	380.09	9.625	14.747	16.12	24.70	200.6	1699	2	100.7	-0.418	-0.37	0.177	0.0157	0.047	0.0165	1.0	-0.22	2.74	1.00	0.00	0.16	111115
286	"15:41:44"	5730.0	0	5.92	0.0764	241	1.77	2.33	28.09	6	1.42	1	2.84	36.14	28.09	40.14	399.81	380.10	9.541	14.749	15.98	24.69	200.7	1699	2	100.7	-0.418	-0.37	0.177	0.0157	0.047	0.0165	1.0	-0.22	2.74	1.00	0.00	0.16	111115
287	"15:41:44"	5730.5	0	5.96	0.0764	241	1.77	2.33	28.09	6	1.42	1	2.84	36.14	28.09	40.14	399.84	380.01	9.536	14.746	15.96	24.69	200.6	1699	1	100.7	-0.418	-0.37	0.177	0.0157	0.047	0.0165	1.0	-0.22	2.74	1.00	0.00	0.16	111115
288	"15:41:45"	5731.0	0	5.96	0.0763	240	1.77	2.33	28.10	6	1.42	1	2.84	36.14	28.10	40.14	399.86	380.03	9.535	14.745	15.96	24.68	200.6	1699	2	100.7	-0.418	-0.37	0.177	0.0157	0.047	0.0165	1.0	-0.22	2.74	1.00	0.00	0.16	111115
289	"15:41:46"	5731.5	0	5.96	0.0762	240	1.77	2.34	28.11	6	1.42	1	2.84	36.15	28.11	40.14	399.89	380.06	9.535	14.744	15.96	24.67	200.7	1699	2	100.7	-0.418	-0.37	0.177	0.0157	0.047	0.0165	1.0	-0.22	2.74	1.00	0.00	0.16	111115
290	"15:41:46"	5732.0	0	5.99	0.0763	240	1.77	2.34	28.11	6	1.42	1	2.84	36.15	28.11	40.14	399.96	380.04	9.535	14.748	15.95	24.67	200.6	1699	2	100.7	-0.418	-0.37	0.177	0.0157	0.047	0.0165	1.0	-0.22	2.74	1.00	0.00	0.16	111115
291	"15:41:47"	5732.5	0	5.97	0.0762	240	1.77	2.34	28.12	6	1.42	1	2.84	36.15	28.12	40.14	399.99	380.11	9.534	14.747	15.95	24.67	200.6	1699	2	100.7	-0.418	-0.37	0.177	0.0157	0.047	0.0165	1.0	-0.22	2.74	1.00	0.00	0.16	111115
292	"15:41:47"	5733.0	0	5.97	0.0761	240	1.77	2.34	28.13	6	1.42	1	2.84	36.15	28.13	40.14	400.00	380.14	9.533	14.745	15.95	24.66	200.6	1700	2	100.7	-0.418	-0.37	0.177	0.0157	0.047	0.0165	1.0	-0.22	2.74	1.00	0.00	0.16	111115
293	"15:41:48"	5733.5	0	5.92	0.0762	241	1.77	2.34	28.13	6	1.42	1	2.84	36.16	28.13	40.14	400.00	380.28	9.532	14.747	15.94	24.66	200.6	1700	2	100.7	-0.418	-0.37	0.177	0.0157	0.047	0.0165	1.0	-0.22	2.74	1.00	0.00	0.16	111115
294	"15:41:49"	5734.0	0	5.89	0.0762	242	1.77	2.34	28.13	6	1.42	1	2.84	36.16	28.13	40.14	400.00	380.35	9.530	14.751	15.94	24.67	200.6	1700	2	100.7	-0.418	-0.37	0.177	0.0157	0.047	0.0165	1.0	-0.22	2.74	1.00	0.00	0.16	111115
295	"15:41:49"	5735.0	0	5.89	0.0762	242	1.77	2.34	28.14	6	1.42	1	2.84	36.17	28.14	40.14	400.00	380.36	9.531	14.752	15.93	24.66	200.6	1700	1	100.7	-0.418	-0.37	0.177	0.0157	0.047	0.0165	1.0	-0.22	2.74	1.00	0.00	0.16	111115
296	"15:41:50"	5736.0	0	5.92	0.0762	241	1.77	2.34	28.14	6	1.42	1	2.84	36.17	28.14	40.14	400.00	380.28	9.529	14.749	15.92	24.64	200.6	1700	1	100.7	-0.418	-0.37	0.177	0.0157	0.047	0.0165	1.0	-0.22	2.74	1.00	0.00	0.16	111115
297	"15:41:51"	5736.5	0	5.92	0.0761	241	1.77	2.34	28.14	6	1.42	1	2.84	36.18	28.14	40.14	400.02	380.29	9.529	14.745	15.92	24.63	200.6	1700	1	100.7	-0.418	-0.37	0.177	0.0157	0.047	0.0165	1.0	-0.22	2.74	1.00	0.00	0.16	111115
298	"15:41:52"	5737.0	0	5.95	0.0761	240	1.77	2.34	28.14	6	1.42	1	2.84	36.18	28.14	40.14	400.03	380.22	9.530	14.743	15.92	24.62	200.6	1700	1	100.7	-0.418	-0.37	0.177	0.0157	0.047	0.0165	1.0	-0.22	2.74	1.00	0.00	0.16	111115
299	"15:41:52"	5738.0	0	6	0.0759	239	1.77	2.34	28.15	6	1.42	1	2.84	36.19	28.15	40.14	400.08	380.12	9.530	14.741	15.91	24.61	200.6	1700	1	100.7	-0.418	-0.37	0.177	0.0157	0.047	0.0165	1.0	-0.22	2.74	1.00	0.00	0.16	111115
300	"15:41:53"	5738.5	0	6.01	0.0759	239	1.77	2.35	28.15	6	1.42	1	2.84	36.19	28.15	40.14	400.11	380.13	9.529	14.739	15.91	24.60	200.6	1700	1	100.7	-0.418	-0.37	0.177	0.0157	0.047	0.0165	1.0	-0.22	2.74	1.00	0.00	0.16	111115
301	"15:41:53"	5739.5	0	5.96	0.0759	240	1.77	2.35	28.17	6	1.42	1	2.84	36.20	28.17	40.14	400.15	380.31	9.529	14.745	15.90	24.61	200.6	1700	1	100.7	-0.418	-0.37	0.177	0.0157	0.047	0.0165	1.0	-0.22	2.74	1.00	0.00	0.16	111115
302	"15:41:54"	5740.0	0	5.97	0.0757	239	1.77	2.35	28.18	6	1.42	1	2.84	36.20	28.18	40.14	400.19	380.32	9.530	14.742	15.90	24.60	200.6	1699	2	100.7	-0.418	-0.37	0.177	0.0157	0.047	0.0165	1.0	-0.22	2.74	1.00	0.00	0.16	111115
303	"15:41:54"	5740.5	0	6.01	0.0757	238	1.77	2.35	28.19	6	1.42	1	2.84	36.20	28.19	40.14	400.26	380.26	9.531	14.745	15.90	24.60	200.6	1700	2	100.7	-0.418	-0.37	0.177	0.0157	0.047	0.0165	1.0	-0.22	2.74	1.00	0.00	0.16	111115
"15:42:32 Coolers: Tblock -> 45.00 C"
"15:45:04 Flow: Fixed -> 200 umol/s"
304	"15:45:06"	5933.0	0	5.24	0.0721	248	2.06	2.86	30.77	6	1.42	1	2.84	40.78	30.77	45.18	399.63	381.61	9.709	15.781	12.65	20.56	200.5	1699	2	100.7	-0.558	-0.399	0.151	0.0125	0.0265	0.0194	1.0	-0.22	2.74	1.00	0.00	0.16	111115
305	"15:45:07"	5933.0	0	5.24	0.0721	248	2.06	2.86	30.77	6	1.42	1	2.84	40.78	30.77	45.18	399.63	381.61	9.709	15.781	12.65	20.56	200.5	1699	2	100.7	-0.558	-0.399	0.151	0.0125	0.0265	0.0194	1.0	-0.22	2.74	1.00	0.00	0.16	111115
306	"15:45:07"	5933.5	0	5.26	0.0726	248	2.07	2.86	30.76	6	1.42	1	2.84	40.78	30.76	45.18	399.69	381.59	9.681	15.786	12.61	20.57	200.5	1699	2	100.7	-0.558	-0.399	0.151	0.0125	0.0265	0.0194	1.0	-0.22	2.74	1.00	0.00	0.16	111115
307	"15:45:08"	5934.0	0	5.29	0.0729	248	2.08	2.86	30.75	6	1.42	1	2.84	40.78	30.75	45.18	399.72	381.51	9.661	15.788	12.59	20.57	200.5	1699	2	100.7	-0.558	-0.399	0.151	0.0125	0.0265	0.0194	1.0	-0.22	2.74	1.00	0.00	0.16	111115
308	"15:45:08"	5934.5	0	5.27	0.0731	249	2.09	2.86	30.76	6	1.42	1	2.84	40.78	30.76	45.18	399.75	381.59	9.646	15.789	12.57	20.57	200.5	1699	2	100.7	-0.558	-0.399	0.151	0.0125	0.0265	0.0194	1.0	-0.22	2.74	1.00	0.00	0.16	111115
309	"15:45:09"	5935.0	0	5.33	0.0743	250	2.12	2.86	30.76	6	1.42	1	2.84	40.78	30.76	45.18	400.03	381.68	9.549	15.792	12.44	20.57	200.6	1699	2	100.7	-0.558	-0.399	0.151	0.0125	0.0265	0.0194	1.0	-0.22	2.74	1.00	0.00	0.16	111115
310	"15:45:09"	5935.5	0	5.26	0.0745	252	2.12	2.86	30.76	6	1.42	1	2.84	40.79	30.76	45.18	400.02	381.86	9.545	15.799	12.43	20.57	200.6	1699	2	100.7	-0.558	-0.399	0.151	0.0125	0.0265	0.0194	1.0	-0.22	2.74	1.00	0.00	0.16	111115
311	"15:45:10"	5936.0	0	5.24	0.0744	252	2.12	2.86	30.76	6	1.42	1	2.84	40.79	30.76	45.18	400.00	381.90	9.544	15.797	12.43	20.57	200.5	1699	2	100.7	-0.558	-0.399	0.151	0.0125	0.0265	0.0194	1.0	-0.22	2.74	1.00	0.00	0.16	111115
312	"15:45:11"	5936.5	0	5.23	0.0743	252	2.12	2.86	30.76	6	1.42	1	2.84	40.79	30.76	45.18	400.02	381.95	9.543	15.788	12.42	20.55	200.6	1699	2	100.7	-0.558	-0.399	0.151	0.0125	0.0265	0.0194	1.0	-0.22	2.74	1.00	0.00	0.16	111115
313	"15:45:11"	5937.0	0	5.23	0.0743	252	2.12	2.86	30.77	6	1.42	1	2.84	40.80	30.77	45.18	400.00	381.93	9.542	15.791	12.42	20.55	200.6	1699	2	100.7	-0.558	-0.399	0.151	0.0125	0.0265	0.0194	1.0	-0.22	2.74	1.00	0.00	0.16	111115
314	"15:45:12"	5937.5	0	5.23	0.0742	252	2.12	2.87	30.78	6	1.42	1	2.84	40.80	30.78	45.18	400.03	381.98	9.541	15.788	12.42	20.55	200.6	1699	1	100.7	-0.558	-0.399	0.151	0.0125	0.0265	0.0194	1.0	-0.22	2.74	1.00	0.00	0.16	111115
315	"15:45:12"	5938.0	0	5.24	0.0741	252	2.12	2.87	30.80	6	1.42	1	2.84	40.80	30.80	45.18	400.08	381.98	9.541	15.789	12.41	20.54	200.6	1699	1	100.7	-0.558	-0.399	0.151	0.0125	0.0265	0.0194	1.0	-0.22	2.74	1.00	0.00	0.16	111115
316	"15:45:13"	5938.5	0	5.24	0.0741	252	2.12	2.87	30.79	6	1.42	1	2.84	40.81	30.79	45.18	400.10	382.01	9.541	15.786	12.41	20.54	200.6	1699	2	100.7	-0.558	-0.399	0.151	0.0125	0.0265	0.0194	1.0	-0.22	2.74	1.00	0.00	0.16	111115
317	"15:45:14"	5939.5	0	5.25	0.0739	251	2.12	2.87	30.80	6	1.42	1	2.84	40.81	30.80	45.18	400.06	381.94	9.541	15.778	12.41	20.52	200.6	1699	2	100.7	-0.558	-0.399	0.151	0.0125	0.0265	0.0194	1.0	-0.22	2.74	1.00	0.00	0.16	111115
318	"15:45:15"	5940.0	0	5.25	0.074	251	2.12	2.87	30.80	6	1.42	1	2.84	40.82	30.80	45.18	400.08	381.97	9.540	15.786	12.41	20.53	200.6	1699	2	100.7	-0.558	-0.399	0.151	0.0125	0.0265	0.0194	1.0	-0.22	2.74	1.00	0.00	0.16	111115
319	"15:45:15"	5941.0	0	5.23	0.074	252	2.12	2.87	30.81	6	1.42	1	2.84	40.82	30.81	45.18	400.14	382.08	9.540	15.786	12.40	20.52	200.6	1699	2	100.7	-0.558	-0.399	0.151	0.0125	0.0265	0.0194	1.0	-0.22	2.74	1.00	0.00	0.16	111115
320	"15:45:16"	5941.5	0	5.24	0.074	251	2.12	2.87	30.81	6	1.42	1	2.84	40.83	30.81	45.18	400.14	382.02	9.540	15.785	12.40	20.51	200.6	1699	2	100.7	-0.558	-0.399	0.151	0.0125	0.0265	0.0194	1.0	-0.22	2.74	1.00	0.00	0.16	111115
321	"15:45:18"	5942.5	0	5.22	0.0738	251	2.12	2.88	30.82	6	1.42	1	2.84	40.83	30.82	45.18	400.14	382.09	9.539	15.780	12.39	20.50	200.5	1699	2	100.7	-0.558	-0.399	0.151	0.0125	0.0265	0.0194	1.0	-0.22	2.74	1.00	0.00	0.16	111115
322	"15:45:18"	5943.0	0	5.25	0.0738	251	2.12	2.88	30.83	6	1.42	1	2.84	40.83	30.83	45.18	400.15	382.03	9.538	15.784	12.39	20.50	200.5	1699	2	100.7	-0.558	-0.399	0.151	0.0125	0.0265	0.0194	1.0	-0.22	2.74	1.00	0.00	0.16	111115
323	"15:45:19"	5945.0	0	5.25	0.0737	251	2.12	2.88	30.85	6	1.42	1	2.84	40.84	30.85	45.18	400.15	382.03	9.538	15.785	12.38	20.50	200.6	1698	2	100.7	-0.558	-0.399	0.151	0.0125	0.0265	0.0194	1.0	-0.22	2.74	1.00	0.00	0.16	111115
324	"15:45:20"	5945.5	0	5.23	0.0736	251	2.12	2.89	30.86	6	1.42	1	2.84	40.85	30.86	45.18	400.14	382.06	9.539	15.787	12.38	20.49	200.5	1698	2	100.7	-0.558	-0.399	0.151	0.0125	0.0265	0.0194	1.0	-0.22	2.74	1.00	0.00	0.16	111115
325	"15:45:20"	5946.0	0	5.27	0.0737	250	2.12	2.89	30.87	6	1.42	1	2.84	40.85	30.87	45.18	400.14	381.94	9.538	15.790	12.38	20.50	200.5	1698	2	100.7	-0.558	-0.399	0.151	0.0125	0.0265	0.0194	1.0	-0.22	2.74	1.00	0.00	0.16	111115
326	"15:45:21"	5946.5	0	5.22	0.0737	251	2.12	2.89	30.86	6	1.42	1	2.84	40.85	30.86	45.18	400.12	382.08	9.538	15.791	12.38	20.49	200.5	1699	2	100.7	-0.558	-0.399	0.151	0.0125	0.0265	0.0194	1.0	-0.22	2.74	1.00	0.00	0.16	111115
327	"15:45:21"	5947.0	0	5.21	0.0737	252	2.12	2.89	30.86	6	1.42	1	2.84	40.86	30.86	45.19	400.09	382.08	9.538	15.791	12.38	20.49	200.6	1699	1	100.7	-0.558	-0.399	0.151	0.0125	0.0265	0.0194	1.0	-0.22	2.74	1.00	0.00	0.16	111115
328	"15:45:22"	5947.5	0	5.2	0.0737	252	2.12	2.89	30.87	6	1.42	1	2.84	40.86	30.87	45.19	400.08	382.11	9.538	15.792	12.37	20.49	200.6	1699	2	100.7	-0.558	-0.399	0.151	0.0125	0.0265	0.0194	1.0	-0.22	2.74	1.00	0.00	0.16	111115
329	"15:45:22"	5948.5	0	5.19	0.0735	252	2.12	2.9	30.90	6	1.42	1	2.84	40.87	30.90	45.19	400.05	382.09	9.538	15.792	12.37	20.48	200.6	1699	2	100.7	-0.558	-0.399	0.151	0.0125	0.0265	0.0194	1.0	-0.22	2.74	1.00	0.00	0.16	111115
"15:45:56 Coolers: Tblock -> 50.00 C"
"15:49:53 Flow: Fixed -> 200 umol/s"
330	"15:49:54"	6220.5	0	4.15	0.0687	267	2.35	3.4	33.19	6	1.42	1	2.84	45.24	33.19	49.90	398.65	383.53	9.986	16.893	10.31	17.43	200.6	1700	2	100.7	-0.595	-0.419	0.0558	0.00885	0.0338	0.0127	1.0	-0.22	2.74	1.00	0.00	0.16	111115
331	"15:49:55"	6220.5	0	4.15	0.0687	267	2.35	3.4	33.19	6	1.42	1	2.84	45.24	33.19	49.90	398.65	383.53	9.986	16.893	10.31	17.43	200.6	1700	2	100.7	-0.595	-0.419	0.0558	0.00885	0.0338	0.0127	1.0	-0.22	2.74	1.00	0.00	0.16	111115
332	"15:49:55"	6221.0	0	4.16	0.0703	269	2.4	3.41	33.20	6	1.42	1	2.84	45.24	33.20	49.90	399.01	383.81	9.831	16.901	10.14	17.44	200.5	1700	2	100.7	-0.595	-0.419	0.0558	0.00885	0.0338	0.0127	1.0	-0.22	2.74	1.00	0.00	0.16	111115
333	"15:49:56"	6221.5	0	4.18	0.0711	269	2.43	3.41	33.22	6	1.42	1	2.84	45.24	33.22	49.90	399.14	383.84	9.751	16.905	10.06	17.44	200.5	1700	2	100.7	-0.595	-0.419	0.0558	0.00885	0.0338	0.0127	1.0	-0.22	2.74	1.00	0.00	0.16	111115
334	"15:49:56"	6222.0	0	4.22	0.0716	269	2.45	3.41	33.21	6	1.42	1	2.84	45.24	33.21	49.90	399.24	383.80	9.703	16.907	10.01	17.45	200.5	1700	2	100.7	-0.595	-0.419	0.0558	0.00885	0.0338	0.0127	1.0	-0.22	2.74	1.00	0.00	0.16	111115
335	"15:49:57"	6222.5	0	4.2	0.0719	270	2.46	3.41	33.21	6	1.42	1	2.84	45.24	33.21	49.90	399.26	383.87	9.670	16.904	9.98	17.44	200.5	1700	2	100.7	-0.595	-0.419	0.0558	0.00885	0.0338	0.0127	1.0	-0.22	2.74	1.00	0.00	0.16	111115
336	"15:49:57"	6223.0	0	4.22	0.0721	270	2.46	3.41	33.21	6	1.42	1	2.84	45.24	33.21	49.90	399.31	383.85	9.648	16.898	9.95	17.44	200.5	1700	2	100.7	-0.595	-0.419	0.0558	0.00885	0.0338	0.0127	1.0	-0.22	2.74	1.00	0.00	0.16	111115
337	"15:49:58"	6223.5	0	4.2	0.0722	270	2.47	3.41	33.22	6	1.42	1	2.84	45.24	33.22	49.90	399.34	383.92	9.630	16.897	9.94	17.43	200.5	1700	2	100.7	-0.595	-0.419	0.0558	0.00885	0.0338	0.0127	1.0	-0.22	2.74	1.00	0.00	0.16	111115
338	"15:49:58"	6224.0	0	4.26	0.0732	271	2.51	3.42	33.24	6	1.42	1	2.84	45.24	33.24	49.89	399.60	383.97	9.517	16.898	9.82	17.43	200.5	1700	2	100.7	-0.595	-0.419	0.0558	0.00885	0.0338	0.0127	1.0	-0.22	2.74	1.00	0.00	0.16	111115
339	"15:49:59"	6224.5	0	4.28	0.0733	270	2.51	3.42	33.23	6	1.42	1	2.84	45.24	33.23	49.89	399.65	383.95	9.512	16.899	9.81	17.43	200.5	1700	2	100.7	-0.595	-0.419	0.0558	0.00885	0.0338	0.0127	1.0	-0.22	2.74	1.00	0.00	0.16	111115
340	"15:49:59"	6225.0	0	4.31	0.0734	270	2.51	3.42	33.23	6	1.42	1	2.84	45.24	33.23	49.89	399.66	383.89	9.510	16.899	9.81	17.43	200.5	1700	2	100.7	-0.595	-0.419	0.0558	0.00885	0.0338	0.0127	1.0	-0.22	2.74	1.00	0.00	0.16	111115
341	"15:50:00"	6225.5	0	4.34	0.0734	269	2.51	3.41	33.22	6	1.42	1	2.84	45.24	33.22	49.89	399.71	383.83	9.510	16.896	9.81	17.43	200.5	1700	2	100.7	-0.595	-0.419	0.0558	0.00885	0.0338	0.0127	1.0	-0.22	2.74	1.00	0.00	0.16	111115
342	"15:50:00"	6226.0	0	4.36	0.0733	268	2.51	3.42	33.24	6	1.42	1	2.84	45.25	33.24	49.89	399.72	383.80	9.508	16.896	9.81	17.43	200.5	1700	2	100.7	-0.595	-0.419	0.0558	0.00885	0.0338	0.0127	1.0	-0.22	2.74	1.00	0.00	0.16	111115
343	"15:50:01"	6226.5	0	4.38	0.0734	268	2.51	3.42	33.23	6	1.42	1	2.84	45.25	33.23	49.89	399.75	383.74	9.508	16.902	9.81	17.43	200.5	1700	2	100.7	-0.595	-0.419	0.0558	0.00885	0.0338	0.0127	1.0	-0.22	2.74	1.00	0.00	0.16	111115
344	"15:50:01"	6227.0	0	4.38	0.0734	268	2.51	3.42	33.23	6	1.42	1	2.84	45.25	33.23	49.89	399.78	383.78	9.507	16.902	9.81	17.43	200.5	1700	2	100.7	-0.595	-0.419	0.0558	0.00885	0.0338	0.0127	1.0	-0.22	2.74	1.00	0.00	0.16	111115
345	"15:50:02"	6228.0	0	4.39	0.0734	268	2.51	3.41	33.22	6	1.42	1	2.84	45.25	33.22	49.89	399.79	383.78	9.506	16.892	9.80	17.42	200.5	1700	2	100.7	-0.595	-0.419	0.0558	0.00885	0.0338	0.0127	1.0	-0.22	2.74	1.00	0.00	0.16	111115
346	"15:50:02"	6228.5	0	4.37	0.0734	268	2.51	3.41	33.22	6	1.42	1	2.84	45.25	33.22	49.89	399.76	383.79	9.505	16.889	9.80	17.42	200.5	1700	2	100.7	-0.595	-0.419	0.0558	0.00885	0.0338	0.0127	1.0	-0.22	2.74	1.00	0.00	0.16	111115
347	"15:50:03"	6229.0	0	4.38	0.0734	268	2.51	3.41	33.21	6	1.42	1	2.84	45.25	33.21	49.89	399.75	383.75	9.505	16.886	9.80	17.41	200.5	1700	2	100.7	-0.595	-0.419	0.0558	0.00885	0.0338	0.0127	1.0	-0.22	2.74	1.00	0.00	0.16	111115
348	"15:50:04"	6229.5	0	4.35	0.0734	269	2.51	3.41	33.21	6	1.42	1	2.84	45.25	33.21	49.89	399.71	383.81	9.504	16.883	9.80	17.41	200.5	1700	2	100.7	-0.595	-0.419	0.0558	0.00885	0.0338	0.0127	1.0	-0.22	2.74	1.00	0.00	0.16	111115
349	"15:50:04"	6230.0	0	4.36	0.0733	268	2.51	3.41	33.21	6	1.42	1	2.84	45.25	33.21	49.89	399.72	383.79	9.504	16.879	9.80	17.40	200.5	1700	2	100.7	-0.595	-0.419	0.0558	0.00885	0.0338	0.0127	1.0	-0.22	2.74	1.00	0.00	0.16	111115
350	"15:50:05"	6230.5	0	4.34	0.0731	269	2.5	3.42	33.22	6	1.42	1	2.84	45.25	33.22	49.89	399.72	383.86	9.504	16.869	9.80	17.39	200.5	1700	2	100.7	-0.595	-0.419	0.0558	0.00885	0.0338	0.0127	1.0	-0.22	2.74	1.00	0.00	0.16	111115
351	"15:50:05"	6231.0	0	4.31	0.073	269	2.5	3.42	33.23	6	1.42	1	2.84	45.26	33.23	49.89	399.66	383.88	9.504	16.871	9.80	17.39	200.5	1700	2	100.7	-0.595	-0.419	0.0558	0.00885	0.0338	0.0127	1.0	-0.22	2.74	1.00	0.00	0.16	111115
352	"15:50:06"	6231.5	0	4.31	0.0731	269	2.51	3.42	33.24	6	1.42	1	2.84	45.26	33.24	49.89	399.68	383.89	9.504	16.880	9.80	17.40	200.5	1700	2	100.7	-0.595	-0.419	0.0558	0.00885	0.0338	0.0127	1.0	-0.22	2.74	1.00	0.00	0.16	111115
353	"15:50:06"	6232.0	0	4.32	0.0731	269	2.51	3.42	33.25	6	1.42	1	2.84	45.26	33.25	49.89	399.66	383.84	9.503	16.879	9.80	17.40	200.5	1700	2	100.7	-0.595	-0.419	0.0558	0.00885	0.0338	0.0127	1.0	-0.22	2.74	1.00	0.00	0.16	111115
354	"15:50:07"	6232.5	0	4.31	0.073	269	2.51	3.43	33.25	6	1.42	1	2.84	45.26	33.25	49.89	399.67	383.89	9.503	16.879	9.79	17.40	200.5	1700	1	100.7	-0.595	-0.419	0.0558	0.00885	0.0338	0.0127	1.0	-0.22	2.74	1.00	0.00	0.16	111115
355	"15:50:07"	6233.0	0	4.3	0.0729	269	2.51	3.43	33.27	6	1.42	1	2.84	45.26	33.27	49.89	399.69	383.94	9.503	16.878	9.79	17.39	200.5	1700	2	100.7	-0.595	-0.419	0.0558	0.00885	0.0338	0.0127	1.0	-0.22	2.74	1.00	0.00	0.16	111115
