"OPEN 6.3.3"
"Sat Jul 21 2018 11:58:52"
<open><version>"6.3.3"</version></open>
<open><configfile>"/User/Configs/UserPrefs/2x3 LED.xml"</configfile></open>
<open><light><source>"6400-02 or -02B LED Source"</source><par_in>1<sensor>"SI-4027"<cal>-1.00<actinity>1.00</actinity><transm>1.00</transm></cal></sensor><transm>1</transm></par_in><par_out>1<sensor>"Q51318"<cal>6.49</cal></sensor></par_out></light></open>
<open><comps><file>"/User/Configs/Comps/StdComps_6.3"<header>""</header><extras></extras></file><energybal>no<f_parIn>1</f_parIn><f_parOut>0</f_parOut><alphaK>0.16</alphaK></energybal><bc_total>2.840<stomatal_ratio>1</stomatal_ratio><bc_oneside>1.420<type>2</type><table>"/Sys/Lib/StdBLCTable"</table><area>6</area><slope>-0.219565</slope><offset>2.73739</offset><fan>5</fan></bc_oneside></bc_total></comps></open>
<open><prompts><onlog>off</onlog><items>"Default (none)"</items></prompts></open>
<open><constants><oxygen>21 %</oxygen><bb_vapor>1.5</bb_vapor><bb_oxy>0.9</bb_oxy></constants></open>
<open><stability><items>"Std Stability"<items[1]><id>-2</id><size>15</size><pcv><onoff>0</onoff><value>1</value></pcv><std><onoff>0</onoff><value>1</value></std><slp><onoff>1</onoff><value>1</value></slp></items[1]><items[2]><id>-5</id><size>15</size><pcv><onoff>0</onoff><value>1</value></pcv><std><onoff>0</onoff><value>1</value></std><slp><onoff>1</onoff><value>1</value></slp></items[2]><items[3]><id>-7</id><size>15</size><pcv><onoff>0</onoff><value>1</value></pcv><std><onoff>0</onoff><value>1</value></std><slp><onoff>1</onoff><value>1</value></slp></items[3]></items></stability></open>
<open><log><format>"StdLogFmt_6.3"<items>{ -35 -21 -36 -76 30 23 36 21 25 221 -33 111 -34 11 -9 -10 -8 -1 -2 -4 -5 -14 -15 -7 -12 -13 -11 -65 -66 -117 -119 -116 -118 -72 -18 -19 -77 -78 -79 -23  }<hdr>{  }</hdr></items></format><options><beep>on</beep><match>"never"<time>30</time><co2>100</co2><delta>10</delta></match><hdr>normal</hdr><rem>normal</rem><stab>no</stab><stats>no<mean>no</mean><file>no</file><period>15</period></stats><excel>yes</excel><controls>yes</controls><comm>no</comm></options><datafile>"/User/0000-AAD2808-210718"</datafile><button><action>"Normal Log"<code>" LogOneObsManual "</code></action></button><autoprog>"/User/Configs/AutoProgs/AutoLog2"<active>no</active></autoprog></log></open>
<open><a2d><avgtime>4.0 secs</avgtime><userchans><ch20>"Off"</ch20><ch21>"Off"</ch21><ch22>"Off"</ch22><ch23>"Off"</ch23></userchans></a2d></open>
<open><matching><type>0</type><disp>'a'</disp><settings>><CO2Limit>10.0</CO2Limit><H2OLimit>1.0</H2OLimit><MaxAutoTime>60</MaxAutoTime><AverageTime>10</AverageTime></settings></matching></open>
<li6400><factory><unit>"PSC-4123"</unit><serviced>"19.01.2017"</serviced><fuseaware>0</fuseaware><co2mixer>yes</co2mixer><co2><coeffs>{ 0 0.219912 1.60869e-05 2.42627e-08 -3.602e-12 2.3711e-16  }</coeffs><dvdt>-4.1</dvdt><xs>{ -0.00117 -1.14e-05  }</xs></co2><h2o><coeffs>{ 0 0.00612804 1.69186e-06 1.49192e-10  }</coeffs><dvdt>-2.5</dvdt><xs>{ -0.000351 -0.00239  }</xs></h2o><flow>{ 0 0.3738  }</flow><press>{ 87.734 0.00547  }</press></factory></li6400>
<li6400><user><flow_zero>-547.7</flow_zero><irga_zero><co2>-79.5 -79.5<at>32.3675</at></co2><h2o>37.6 -1.4<at>33.9874</at></h2o></irga_zero><irga_span><co2>{ 0.985904 0.986618  }</co2><h2o>{ 1.00683 0.993449  }</h2o></irga_span><irga_match><co2>{ -1.70314 0.280212  }</co2><h2o>{ -0.0708174 -0.310845  }</h2o></irga_match><co2_mixer><pump_mv>4500</pump_mv><ppm>{ 2330.31 1136.88 449.46 273.386 125.406 73.118 48.0557 40.3927  }</ppm><mv>{ 5000 3000 1500 1000 500 300 200 100  }</mv></co2_mixer><parin_offset>0</parin_offset><led_cal><unit>"SI-4027"</unit><mv>{ 10 25 50 100 1000 2000 3000 4000 5000  }</mv><qntm>{ 3.39689 11.1502 23.8626 52.4799 561.717 1093.55 1598.71 2081.76 2538.89  }</qntm></led_cal><lcf_cal><unit>"unknown"</unit><red><mv>{ 50 100 500 1000 1500 5000  }</mv><qntm>{ 50 100 500 1000 2000 5000  }</qntm></red><blue><mv>{ 100 200 500 1000 2000 5000  }</mv><qntm>{ 10 20 50 100 200 500  }</qntm></blue></lcf_cal></user></li6400>
"11:58:55 "
$STARTOFDATA$
"Obs"	"HHMMSS"	"FTime"	"EBal?"	"Photo"	"Cond"	"Ci"	"Trmmol"	"VpdL"	"CTleaf"	"Area"	"BLC_1"	"StmRat"	"BLCond"	"Tair"	"Tleaf"	"TBlk"	"CO2R"	"CO2S"	"H2OR"	"H2OS"	"RH_R"	"RH_S"	"Flow"	"PARi"	"PARo"	"Press"	"CsMch"	"HsMch"	"CsMchSD"	"HsMchSD"	"CrMchSD"	"HrMchSD"	"StableF"	"BLCslope"	"BLCoffst"	"f_parin"	"f_parout"	"alphaK"	"Status"
"12:10:11 Flow: Fixed -> 200 umol/s"
"12:37:32 Flow: Fixed -> 200 umol/s"
"12:37:39 Coolers: Tblock -> 0.00 C"
"12:54:10 Flow: Fixed -> 200 umol/s"
1	"12:54:12"	3352.0	0	5.35	0.0497	204	0.413	0.845	8.36	6	1.42	1	2.84	2.51	8.36	0.06	399.11	382.63	1.343	2.574	18.39	35.23	200.7	1701	2	100.6	2	-0.118	0.0775	0.00134	0.0536	0.00169	0.7	-0.22	2.74	1.00	0.00	0.16	111115
2	"12:54:12"	3352.5	0	5.4	0.0503	204	0.418	0.845	8.36	6	1.42	1	2.84	2.51	8.36	0.06	399.30	382.67	1.326	2.572	18.15	35.21	200.7	1701	2	100.6	2	-0.118	0.0775	0.00134	0.0536	0.00169	0.7	-0.22	2.74	1.00	0.00	0.16	111115
3	"12:54:13"	3352.5	0	5.4	0.0503	204	0.418	0.845	8.36	6	1.42	1	2.84	2.51	8.36	0.06	399.30	382.67	1.326	2.572	18.15	35.21	200.7	1701	2	100.6	2	-0.118	0.0775	0.00134	0.0536	0.00169	0.7	-0.22	2.74	1.00	0.00	0.16	111115
4	"12:54:13"	3353.0	0	5.45	0.0508	204	0.422	0.844	8.35	6	1.42	1	2.84	2.51	8.35	0.06	399.44	382.65	1.314	2.572	17.99	35.20	200.7	1701	2	100.6	2	-0.118	0.0775	0.00134	0.0536	0.00169	0.7	-0.22	2.74	1.00	0.00	0.16	111115
5	"12:54:14"	3353.5	0	5.5	0.0513	204	0.425	0.843	8.34	6	1.42	1	2.84	2.51	8.34	0.06	399.52	382.58	1.306	2.574	17.88	35.24	200.7	1701	3	100.6	2	-0.118	0.0775	0.00134	0.0536	0.00169	0.7	-0.22	2.74	1.00	0.00	0.16	111115
6	"12:54:14"	3354.0	0	5.53	0.0516	205	0.428	0.843	8.34	6	1.42	1	2.84	2.51	8.34	0.06	399.61	382.60	1.300	2.576	17.79	35.26	200.7	1701	3	100.6	2	-0.118	0.0775	0.00134	0.0536	0.00169	0.7	-0.22	2.74	1.00	0.00	0.16	111115
7	"12:54:15"	3354.5	0	5.67	0.0532	205	0.44	0.842	8.33	6	1.42	1	2.84	2.51	8.33	0.06	399.98	382.52	1.263	2.575	17.29	35.25	200.7	1701	3	100.6	2	-0.118	0.0775	0.00134	0.0536	0.00169	0.7	-0.22	2.74	1.00	0.00	0.16	111115
8	"12:54:15"	3355.0	0	5.68	0.0534	206	0.442	0.842	8.32	6	1.42	1	2.84	2.51	8.32	0.06	400.00	382.53	1.258	2.575	17.22	35.25	200.7	1701	3	100.6	2	-0.118	0.0775	0.00134	0.0536	0.00169	0.7	-0.22	2.74	1.00	0.00	0.16	111115
9	"12:54:16"	3355.5	0	5.7	0.0536	206	0.443	0.842	8.32	6	1.42	1	2.84	2.51	8.32	0.07	400.04	382.50	1.255	2.576	17.18	35.26	200.7	1701	3	100.6	2	-0.118	0.0775	0.00134	0.0536	0.00169	0.7	-0.22	2.74	1.00	0.00	0.16	111115
10	"12:54:16"	3356.0	0	5.71	0.0537	206	0.444	0.841	8.32	6	1.42	1	2.84	2.51	8.32	0.07	400.06	382.50	1.253	2.578	17.16	35.29	200.7	1701	3	100.6	2	-0.118	0.0775	0.00134	0.0536	0.00169	1.0	-0.22	2.74	1.00	0.00	0.16	111115
11	"12:54:17"	3356.5	0	5.7	0.054	207	0.446	0.841	8.32	6	1.42	1	2.84	2.51	8.32	0.07	400.06	382.50	1.252	2.582	17.15	35.35	200.7	1701	3	100.6	2	-0.118	0.0775	0.00134	0.0536	0.00169	1.0	-0.22	2.74	1.00	0.00	0.16	111115
12	"12:54:17"	3357.0	0	5.7	0.054	207	0.446	0.841	8.33	6	1.42	1	2.84	2.51	8.33	0.07	400.07	382.51	1.252	2.583	17.14	35.37	200.7	1701	2	100.6	2	-0.118	0.0775	0.00134	0.0536	0.00169	1.0	-0.22	2.74	1.00	0.00	0.16	111115
13	"12:54:18"	3357.5	0	5.7	0.054	207	0.446	0.842	8.33	6	1.42	1	2.84	2.51	8.33	0.07	400.08	382.54	1.252	2.582	17.14	35.35	200.7	1701	2	100.6	2	-0.118	0.0775	0.00134	0.0536	0.00169	1.0	-0.22	2.74	1.00	0.00	0.16	111115
14	"12:54:18"	3358.0	0	5.7	0.054	207	0.446	0.842	8.33	6	1.42	1	2.84	2.51	8.33	0.07	400.07	382.52	1.251	2.581	17.13	35.34	200.7	1701	2	100.6	2	-0.118	0.0775	0.00134	0.0536	0.00169	1.0	-0.22	2.74	1.00	0.00	0.16	111115
15	"12:54:19"	3358.5	0	5.69	0.0541	208	0.447	0.84	8.32	6	1.42	1	2.84	2.51	8.32	0.07	400.10	382.58	1.251	2.583	17.12	35.36	200.8	1701	2	100.6	2	-0.118	0.0775	0.00134	0.0536	0.00169	1.0	-0.22	2.74	1.00	0.00	0.16	111115
16	"12:54:19"	3359.0	0	5.71	0.0541	207	0.447	0.84	8.31	6	1.42	1	2.84	2.51	8.31	0.07	400.10	382.54	1.250	2.581	17.12	35.34	200.8	1701	2	100.6	2	-0.118	0.0775	0.00134	0.0536	0.00169	1.0	-0.22	2.74	1.00	0.00	0.16	111115
17	"12:54:20"	3359.5	0	5.71	0.0541	207	0.447	0.84	8.31	6	1.42	1	2.84	2.51	8.31	0.07	400.13	382.56	1.250	2.581	17.12	35.34	200.7	1701	2	100.6	2	-0.118	0.0775	0.00134	0.0536	0.00169	1.0	-0.22	2.74	1.00	0.00	0.16	111115
18	"12:54:20"	3360.0	0	5.72	0.0541	207	0.446	0.84	8.30	6	1.42	1	2.84	2.51	8.30	0.07	400.16	382.55	1.250	2.580	17.12	35.33	200.7	1701	2	100.6	2	-0.118	0.0775	0.00134	0.0536	0.00169	1.0	-0.22	2.74	1.00	0.00	0.16	111115
19	"12:54:21"	3360.5	0	5.72	0.054	206	0.445	0.84	8.30	6	1.42	1	2.84	2.51	8.30	0.07	400.17	382.57	1.250	2.578	17.12	35.30	200.8	1701	2	100.6	2	-0.118	0.0775	0.00134	0.0536	0.00169	1.0	-0.22	2.74	1.00	0.00	0.16	111115
20	"12:54:21"	3361.0	0	5.73	0.054	206	0.446	0.84	8.30	6	1.42	1	2.84	2.51	8.30	0.07	400.15	382.52	1.250	2.578	17.11	35.30	200.7	1701	2	100.6	2	-0.118	0.0775	0.00134	0.0536	0.00169	1.0	-0.22	2.74	1.00	0.00	0.16	111115
21	"12:54:22"	3361.5	0	5.72	0.0541	207	0.446	0.839	8.29	6	1.42	1	2.84	2.51	8.29	0.07	400.15	382.56	1.249	2.579	17.11	35.31	200.8	1701	2	100.6	2	-0.118	0.0775	0.00134	0.0536	0.00169	1.0	-0.22	2.74	1.00	0.00	0.16	111115
22	"12:54:22"	3362.0	0	5.72	0.0542	207	0.446	0.838	8.28	6	1.42	1	2.84	2.50	8.28	0.07	400.16	382.55	1.249	2.579	17.11	35.31	200.7	1701	2	100.6	2	-0.118	0.0775	0.00134	0.0536	0.00169	1.0	-0.22	2.74	1.00	0.00	0.16	111115
23	"12:54:23"	3362.5	0	5.74	0.0542	206	0.447	0.839	8.29	6	1.42	1	2.84	2.50	8.29	0.07	400.16	382.50	1.249	2.581	17.10	35.34	200.7	1701	2	100.6	2	-0.118	0.0775	0.00134	0.0536	0.00169	1.0	-0.22	2.74	1.00	0.00	0.16	111115
24	"12:54:24"	3363.0	0	5.72	0.0542	207	0.447	0.839	8.29	6	1.42	1	2.84	2.50	8.29	0.07	400.15	382.54	1.249	2.581	17.10	35.34	200.7	1701	2	100.6	2	-0.118	0.0775	0.00134	0.0536	0.00169	1.0	-0.22	2.74	1.00	0.00	0.16	111115
25	"12:54:24"	3363.5	0	5.74	0.0542	206	0.447	0.839	8.29	6	1.42	1	2.84	2.50	8.29	0.07	400.15	382.48	1.249	2.581	17.10	35.34	200.7	1701	2	100.6	2	-0.118	0.0775	0.00134	0.0536	0.00169	1.0	-0.22	2.74	1.00	0.00	0.16	111115
26	"12:54:25"	3364.0	0	5.73	0.0543	207	0.447	0.839	8.29	6	1.42	1	2.84	2.50	8.29	0.07	400.17	382.54	1.248	2.580	17.09	35.33	200.7	1701	2	100.6	2	-0.118	0.0775	0.00134	0.0536	0.00169	1.0	-0.22	2.74	1.00	0.00	0.16	111115
"12:55:25 Coolers: Tblock -> 5.00 C"
"13:00:40 Flow: Fixed -> 200 umol/s"
27	"13:00:41"	3742.5	0	5.55	0.0518	203	0.481	0.943	10.81	6	1.42	1	2.84	6.41	10.81	5.07	398.40	381.25	2.118	3.552	22.06	37.00	200.7	1699	2	100.6	1.58	-0.13	0.134	0.0029	0.0949	0.00153	1.0	-0.22	2.74	1.00	0.00	0.16	111115
28	"13:00:42"	3743.0	0	5.64	0.0529	204	0.491	0.943	10.81	6	1.42	1	2.84	6.41	10.81	5.07	398.64	381.21	2.090	3.554	21.77	37.02	200.6	1700	2	100.6	1.58	-0.13	0.134	0.0029	0.0949	0.00153	1.0	-0.22	2.74	1.00	0.00	0.16	111115
29	"13:00:42"	3743.0	0	5.64	0.0529	204	0.491	0.943	10.81	6	1.42	1	2.84	6.41	10.81	5.07	398.64	381.21	2.090	3.554	21.77	37.02	200.6	1700	2	100.6	1.58	-0.13	0.134	0.0029	0.0949	0.00153	1.0	-0.22	2.74	1.00	0.00	0.16	111115
30	"13:00:43"	3743.5	0	5.7	0.0535	204	0.497	0.943	10.81	6	1.42	1	2.84	6.41	10.81	5.08	398.80	381.19	2.072	3.552	21.58	36.99	200.6	1699	2	100.6	1.58	-0.13	0.134	0.0029	0.0949	0.00153	1.0	-0.22	2.74	1.00	0.00	0.16	111115
31	"13:00:43"	3744.0	0	5.74	0.0539	204	0.5	0.943	10.80	6	1.42	1	2.84	6.41	10.80	5.08	398.92	381.20	2.060	3.550	21.45	36.97	200.6	1699	2	100.6	1.58	-0.13	0.134	0.0029	0.0949	0.00153	1.0	-0.22	2.74	1.00	0.00	0.16	111115
32	"13:00:44"	3744.5	0	5.77	0.0543	204	0.503	0.943	10.80	6	1.42	1	2.84	6.41	10.80	5.08	399.02	381.20	2.050	3.550	21.36	36.97	200.6	1699	2	100.6	1.58	-0.13	0.134	0.0029	0.0949	0.00153	1.0	-0.22	2.74	1.00	0.00	0.16	111115
33	"13:00:44"	3745.0	0	5.82	0.0545	203	0.505	0.943	10.80	6	1.42	1	2.84	6.41	10.80	5.08	399.11	381.13	2.044	3.550	21.28	36.97	200.6	1699	2	100.6	1.58	-0.13	0.134	0.0029	0.0949	0.00153	1.0	-0.22	2.74	1.00	0.00	0.16	111115
34	"13:00:45"	3745.5	0	5.95	0.0559	204	0.518	0.943	10.79	6	1.42	1	2.84	6.42	10.79	5.08	399.50	381.13	2.004	3.548	20.87	36.95	200.7	1699	2	100.6	1.58	-0.13	0.134	0.0029	0.0949	0.00153	1.0	-0.22	2.74	1.00	0.00	0.16	111115
35	"13:00:46"	3746.0	0	5.98	0.0562	203	0.521	0.943	10.80	6	1.42	1	2.84	6.42	10.80	5.08	399.56	381.08	2.000	3.551	20.82	36.97	200.7	1700	2	100.6	1.58	-0.13	0.134	0.0029	0.0949	0.00153	1.0	-0.22	2.74	1.00	0.00	0.16	111115
36	"13:00:46"	3746.5	0	6.01	0.0562	203	0.521	0.942	10.79	6	1.42	1	2.84	6.42	10.79	5.08	399.60	381.02	1.998	3.549	20.81	36.96	200.7	1699	2	100.6	1.58	-0.13	0.134	0.0029	0.0949	0.00153	1.0	-0.22	2.74	1.00	0.00	0.16	111115
37	"13:00:47"	3747.0	0	6.05	0.0563	202	0.521	0.942	10.78	6	1.42	1	2.84	6.42	10.78	5.08	399.63	380.95	1.997	3.548	20.79	36.94	200.7	1699	2	100.6	1.58	-0.13	0.134	0.0029	0.0949	0.00153	1.0	-0.22	2.74	1.00	0.00	0.16	111115
38	"13:00:47"	3748.0	0	6.09	0.0563	200	0.522	0.943	10.80	6	1.42	1	2.84	6.42	10.80	5.08	399.72	380.91	1.996	3.550	20.77	36.95	200.7	1699	2	100.6	1.58	-0.13	0.134	0.0029	0.0949	0.00153	1.0	-0.22	2.74	1.00	0.00	0.16	111115
39	"13:00:48"	3748.5	0	6.09	0.0563	200	0.521	0.943	10.80	6	1.42	1	2.84	6.42	10.80	5.08	399.72	380.93	1.996	3.548	20.77	36.93	200.7	1699	2	100.6	1.58	-0.13	0.134	0.0029	0.0949	0.00153	1.0	-0.22	2.74	1.00	0.00	0.16	111115
40	"13:00:48"	3749.0	0	6.09	0.0563	201	0.521	0.942	10.79	6	1.42	1	2.84	6.42	10.79	5.08	399.75	380.95	1.995	3.548	20.77	36.93	200.7	1700	2	100.6	1.58	-0.13	0.134	0.0029	0.0949	0.00153	1.0	-0.22	2.74	1.00	0.00	0.16	111115
41	"13:00:49"	3749.5	0	6.11	0.0563	200	0.522	0.943	10.80	6	1.42	1	2.84	6.43	10.80	5.08	399.78	380.93	1.995	3.549	20.77	36.93	200.7	1699	2	100.6	1.58	-0.13	0.134	0.0029	0.0949	0.00153	1.0	-0.22	2.74	1.00	0.00	0.16	111115
42	"13:00:49"	3750.0	0	6.11	0.0562	200	0.521	0.943	10.79	6	1.42	1	2.84	6.43	10.79	5.08	399.78	380.93	1.995	3.547	20.76	36.91	200.7	1699	2	100.6	1.58	-0.13	0.134	0.0029	0.0949	0.00153	1.0	-0.22	2.74	1.00	0.00	0.16	111115
43	"13:00:50"	3750.5	0	6.11	0.056	199	0.52	0.944	10.81	6	1.42	1	2.84	6.43	10.81	5.08	399.83	380.96	1.994	3.544	20.75	36.87	200.7	1699	2	100.6	1.58	-0.13	0.134	0.0029	0.0949	0.00153	1.0	-0.22	2.74	1.00	0.00	0.16	111115
44	"13:00:51"	3751.0	0	6.09	0.056	200	0.52	0.945	10.81	6	1.42	1	2.84	6.43	10.81	5.08	399.84	381.04	1.994	3.543	20.75	36.87	200.7	1700	2	100.6	1.58	-0.13	0.134	0.0029	0.0949	0.00153	1.0	-0.22	2.74	1.00	0.00	0.16	111115
45	"13:00:51"	3752.0	0	6.06	0.056	201	0.519	0.943	10.79	6	1.42	1	2.84	6.43	10.79	5.08	399.82	381.10	1.994	3.540	20.74	36.84	200.7	1700	2	100.6	1.58	-0.13	0.134	0.0029	0.0949	0.00153	1.0	-0.22	2.74	1.00	0.00	0.16	111115
46	"13:00:52"	3752.5	0	6.06	0.0562	201	0.52	0.942	10.78	6	1.42	1	2.84	6.43	10.78	5.08	399.81	381.09	1.993	3.542	20.74	36.86	200.7	1700	2	100.6	1.58	-0.13	0.134	0.0029	0.0949	0.00153	1.0	-0.22	2.74	1.00	0.00	0.16	111115
47	"13:00:53"	3753.0	0	6.03	0.0562	202	0.52	0.942	10.78	6	1.42	1	2.84	6.43	10.78	5.08	399.78	381.17	1.993	3.542	20.74	36.86	200.7	1700	2	100.6	1.58	-0.13	0.134	0.0029	0.0949	0.00153	1.0	-0.22	2.74	1.00	0.00	0.16	111115
48	"13:00:53"	3753.5	0	6	0.0561	203	0.519	0.942	10.78	6	1.42	1	2.84	6.43	10.78	5.08	399.77	381.24	1.993	3.540	20.73	36.84	200.7	1700	2	100.6	1.58	-0.13	0.134	0.0029	0.0949	0.00153	1.0	-0.22	2.74	1.00	0.00	0.16	111115
49	"13:00:54"	3754.0	0	6	0.056	203	0.519	0.943	10.78	6	1.42	1	2.84	6.43	10.78	5.07	399.79	381.26	1.993	3.539	20.73	36.82	200.6	1700	2	100.6	1.58	-0.13	0.134	0.0029	0.0949	0.00153	1.0	-0.22	2.74	1.00	0.00	0.16	111115
50	"13:00:54"	3755.0	0	6.02	0.0561	202	0.52	0.943	10.79	6	1.42	1	2.84	6.43	10.79	5.07	399.83	381.25	1.992	3.541	20.73	36.84	200.6	1699	2	100.6	1.58	-0.13	0.134	0.0029	0.0949	0.00153	1.0	-0.22	2.74	1.00	0.00	0.16	111115
51	"13:00:55"	3755.5	0	6.03	0.056	201	0.519	0.944	10.80	6	1.42	1	2.84	6.43	10.80	5.07	399.85	381.21	1.993	3.539	20.73	36.82	200.6	1700	2	100.6	1.58	-0.13	0.134	0.0029	0.0949	0.00153	1.0	-0.22	2.74	1.00	0.00	0.16	111115
52	"13:00:56"	3756.0	0	6.09	0.0559	200	0.519	0.944	10.80	6	1.42	1	2.84	6.43	10.80	5.07	399.94	381.14	1.993	3.539	20.73	36.82	200.6	1699	2	100.6	1.58	-0.13	0.134	0.0029	0.0949	0.00153	1.0	-0.22	2.74	1.00	0.00	0.16	111115
53	"13:00:56"	3756.5	0	6.13	0.0558	198	0.519	0.945	10.81	6	1.42	1	2.84	6.43	10.81	5.07	400.05	381.13	1.992	3.538	20.72	36.81	200.6	1699	2	100.6	1.58	-0.13	0.134	0.0029	0.0949	0.00153	1.0	-0.22	2.74	1.00	0.00	0.16	111115
54	"13:00:57"	3757.5	0	6.2	0.0558	196	0.519	0.946	10.82	6	1.42	1	2.84	6.43	10.82	5.07	400.21	381.07	1.992	3.539	20.72	36.81	200.6	1699	2	100.6	1.58	-0.13	0.134	0.0029	0.0949	0.00153	1.0	-0.22	2.74	1.00	0.00	0.16	111115
55	"13:01:20"	3781.0	0	5.88	0.055	204	0.514	0.95	10.84	6	1.42	1	2.84	6.45	10.84	5.07	400.10	381.92	1.990	3.521	20.67	36.57	200.6	1699	2	100.6	1.58	-0.13	0.134	0.0029	0.0949	0.00153	0.7	-0.22	2.74	1.00	0.00	0.16	111115
56	"13:01:20"	3781.0	0	5.88	0.055	204	0.514	0.95	10.84	6	1.42	1	2.84	6.45	10.84	5.07	400.10	381.92	1.990	3.521	20.67	36.57	200.6	1699	2	100.6	1.58	-0.13	0.134	0.0029	0.0949	0.00153	0.7	-0.22	2.74	1.00	0.00	0.16	111115
57	"13:01:21"	3781.5	0	5.88	0.055	204	0.514	0.95	10.84	6	1.42	1	2.84	6.45	10.84	5.07	400.09	381.93	1.990	3.521	20.67	36.58	200.6	1699	2	100.6	1.58	-0.13	0.134	0.0029	0.0949	0.00153	0.7	-0.22	2.74	1.00	0.00	0.16	111115
58	"13:01:21"	3782.0	0	5.9	0.0551	203	0.515	0.95	10.85	6	1.42	1	2.84	6.45	10.85	5.07	400.08	381.86	1.990	3.524	20.67	36.60	200.6	1699	2	100.6	1.58	-0.13	0.134	0.0029	0.0949	0.00153	0.7	-0.22	2.74	1.00	0.00	0.16	111115
59	"13:01:22"	3782.5	0	5.9	0.0549	203	0.513	0.95	10.85	6	1.42	1	2.84	6.45	10.85	5.07	400.07	381.85	1.990	3.520	20.67	36.56	200.6	1699	2	100.6	1.58	-0.13	0.134	0.0029	0.0949	0.00153	0.7	-0.22	2.74	1.00	0.00	0.16	111115
60	"13:01:22"	3783.0	0	5.89	0.0549	203	0.513	0.951	10.85	6	1.42	1	2.84	6.45	10.85	5.07	400.09	381.90	1.990	3.518	20.67	36.54	200.6	1699	2	100.6	1.58	-0.13	0.134	0.0029	0.0949	0.00153	0.7	-0.22	2.74	1.00	0.00	0.16	111115
61	"13:01:23"	3783.5	0	5.92	0.0549	202	0.513	0.951	10.86	6	1.42	1	2.84	6.45	10.86	5.07	400.12	381.83	1.990	3.519	20.67	36.56	200.7	1699	2	100.6	1.58	-0.13	0.134	0.0029	0.0949	0.00153	0.7	-0.22	2.74	1.00	0.00	0.16	111115
62	"13:01:24"	3784.0	0	5.92	0.0548	202	0.512	0.952	10.86	6	1.42	1	2.84	6.45	10.86	5.08	400.13	381.85	1.990	3.517	20.67	36.53	200.7	1699	2	100.6	1.58	-0.13	0.134	0.0029	0.0949	0.00153	0.7	-0.22	2.74	1.00	0.00	0.16	111115
63	"13:01:24"	3784.5	0	5.94	0.0547	201	0.512	0.952	10.87	6	1.42	1	2.84	6.45	10.87	5.08	400.16	381.81	1.990	3.517	20.67	36.53	200.6	1699	2	100.6	1.58	-0.13	0.134	0.0029	0.0949	0.00153	0.7	-0.22	2.74	1.00	0.00	0.16	111115
64	"13:01:25"	3785.0	0	5.97	0.0546	200	0.512	0.953	10.87	6	1.42	1	2.84	6.45	10.87	5.08	400.21	381.78	1.990	3.514	20.67	36.50	200.7	1699	2	100.6	1.58	-0.13	0.134	0.0029	0.0949	0.00153	0.7	-0.22	2.74	1.00	0.00	0.16	111115
65	"13:01:25"	3786.0	0	5.96	0.0545	200	0.511	0.953	10.88	6	1.42	1	2.84	6.46	10.88	5.08	400.27	381.87	1.990	3.512	20.67	36.47	200.7	1699	2	100.6	1.58	-0.13	0.134	0.0029	0.0949	0.00153	0.7	-0.22	2.74	1.00	0.00	0.16	111115
66	"13:01:26"	3786.5	0	5.96	0.0545	199	0.511	0.954	10.89	6	1.42	1	2.84	6.46	10.89	5.08	400.27	381.87	1.990	3.512	20.67	36.48	200.7	1699	2	100.6	1.58	-0.13	0.134	0.0029	0.0949	0.00153	0.7	-0.22	2.74	1.00	0.00	0.16	111115
67	"13:01:27"	3787.0	0	5.95	0.0544	200	0.511	0.954	10.89	6	1.42	1	2.84	6.46	10.89	5.08	400.24	381.86	1.990	3.511	20.66	36.46	200.6	1699	2	100.6	1.58	-0.13	0.134	0.0029	0.0949	0.00153	0.7	-0.22	2.74	1.00	0.00	0.16	111115
68	"13:01:27"	3787.5	0	5.94	0.0544	200	0.511	0.954	10.89	6	1.42	1	2.84	6.45	10.89	5.08	400.26	381.90	1.989	3.512	20.66	36.47	200.6	1699	2	100.6	1.58	-0.13	0.134	0.0029	0.0949	0.00153	0.7	-0.22	2.74	1.00	0.00	0.16	111115
69	"13:01:28"	3788.5	0	5.93	0.0544	200	0.51	0.953	10.87	6	1.42	1	2.84	6.45	10.87	5.08	400.26	381.94	1.989	3.510	20.65	36.45	200.6	1699	2	100.6	1.58	-0.13	0.134	0.0029	0.0949	0.00153	0.7	-0.22	2.74	1.00	0.00	0.16	111115
70	"13:01:28"	3789.0	0	5.92	0.0545	201	0.511	0.952	10.86	6	1.42	1	2.84	6.45	10.86	5.08	400.21	381.92	1.989	3.510	20.66	36.46	200.7	1699	2	100.6	1.58	-0.13	0.134	0.0029	0.0949	0.00153	0.7	-0.22	2.74	1.00	0.00	0.16	111115
71	"13:01:29"	3789.5	0	5.89	0.0546	202	0.511	0.952	10.85	6	1.42	1	2.84	6.46	10.85	5.08	400.20	381.99	1.989	3.511	20.66	36.46	200.7	1699	2	100.6	1.58	-0.13	0.134	0.0029	0.0949	0.00153	0.7	-0.22	2.74	1.00	0.00	0.16	111115
"13:02:11 Coolers: Tblock -> 10.00 C"
"13:04:58 Flow: Fixed -> 200 umol/s"
72	"13:04:59"	3999.5	0	4.94	0.036	155	0.38	1.07	13.03	6	1.42	1	2.84	10.39	13.03	10.12	397.12	381.91	3.254	4.385	25.88	34.88	200.7	1699	2	100.6	1.03	-0.158	0.134	0.0189	0.0499	0.0161	1.0	-0.22	2.74	1.00	0.00	0.16	111115
73	"13:05:00"	4000.0	0	5.28	0.0398	162	0.419	1.06	13.01	6	1.42	1	2.84	10.38	13.01	10.12	398.41	382.13	3.133	4.378	24.93	34.84	200.7	1699	2	100.6	1.03	-0.158	0.134	0.0189	0.0499	0.0161	1.0	-0.22	2.74	1.00	0.00	0.16	111115
74	"13:05:00"	4000.0	0	5.28	0.0398	162	0.419	1.06	13.01	6	1.42	1	2.84	10.38	13.01	10.12	398.41	382.13	3.133	4.378	24.93	34.84	200.7	1699	2	100.6	1.03	-0.158	0.134	0.0189	0.0499	0.0161	1.0	-0.22	2.74	1.00	0.00	0.16	111115
75	"13:05:01"	4000.5	0	5.51	0.0414	162	0.435	1.06	13.01	6	1.42	1	2.84	10.38	13.01	10.12	398.96	381.99	3.087	4.381	24.57	34.87	200.7	1699	2	100.6	1.03	-0.158	0.134	0.0189	0.0499	0.0161	1.0	-0.22	2.74	1.00	0.00	0.16	111115
76	"13:05:01"	4001.0	0	5.61	0.0424	163	0.445	1.06	13.01	6	1.42	1	2.84	10.38	13.01	10.12	399.20	381.92	3.062	4.387	24.37	34.91	200.7	1699	2	100.6	1.03	-0.158	0.134	0.0189	0.0499	0.0161	1.0	-0.22	2.74	1.00	0.00	0.16	111115
77	"13:05:02"	4001.5	0	5.63	0.0429	165	0.451	1.06	13.02	6	1.42	1	2.84	10.38	13.02	10.12	399.35	382.01	3.048	4.390	24.25	34.93	200.7	1699	2	100.6	1.03	-0.158	0.134	0.0189	0.0499	0.0161	1.0	-0.22	2.74	1.00	0.00	0.16	111115
78	"13:05:02"	4002.0	0	5.69	0.0433	164	0.455	1.06	13.02	6	1.42	1	2.84	10.38	13.02	10.12	399.44	381.92	3.038	4.392	24.17	34.94	200.7	1699	2	100.6	1.03	-0.158	0.134	0.0189	0.0499	0.0161	1.0	-0.22	2.74	1.00	0.00	0.16	111115
79	"13:05:03"	4002.5	0	5.69	0.0435	165	0.457	1.06	13.02	6	1.42	1	2.84	10.39	13.02	10.12	399.51	381.98	3.031	4.392	24.12	34.94	200.7	1699	2	100.6	1.03	-0.158	0.134	0.0189	0.0499	0.0161	1.0	-0.22	2.74	1.00	0.00	0.16	111115
80	"13:05:03"	4003.0	0	5.68	0.0436	166	0.459	1.06	13.02	6	1.42	1	2.84	10.39	13.02	10.12	399.52	382.00	3.026	4.392	24.07	34.94	200.7	1699	2	100.6	1.03	-0.158	0.134	0.0189	0.0499	0.0161	1.0	-0.22	2.74	1.00	0.00	0.16	111115
81	"13:05:04"	4003.5	0	5.76	0.0448	169	0.471	1.06	13.03	6	1.42	1	2.84	10.39	13.03	10.13	399.84	382.07	2.994	4.394	23.81	34.95	200.7	1699	2	100.6	1.03	-0.158	0.134	0.0189	0.0499	0.0161	1.0	-0.22	2.74	1.00	0.00	0.16	111115
82	"13:05:04"	4004.0	0	5.8	0.045	168	0.473	1.06	13.03	6	1.42	1	2.84	10.39	13.03	10.13	399.89	382.01	2.990	4.398	23.78	34.98	200.6	1699	2	100.6	1.03	-0.158	0.134	0.0189	0.0499	0.0161	1.0	-0.22	2.74	1.00	0.00	0.16	111115
83	"13:05:05"	4004.5	0	5.82	0.045	168	0.473	1.06	13.04	6	1.42	1	2.84	10.39	13.04	10.13	399.91	381.97	2.989	4.398	23.77	34.98	200.7	1699	2	100.6	1.03	-0.158	0.134	0.0189	0.0499	0.0161	1.0	-0.22	2.74	1.00	0.00	0.16	111115
84	"13:05:05"	4005.0	0	5.79	0.045	169	0.473	1.06	13.04	6	1.42	1	2.84	10.39	13.04	10.13	399.92	382.05	2.989	4.398	23.77	34.97	200.7	1699	2	100.6	1.03	-0.158	0.134	0.0189	0.0499	0.0161	1.0	-0.22	2.74	1.00	0.00	0.16	111115
85	"13:05:06"	4005.5	0	5.81	0.0451	168	0.474	1.06	13.04	6	1.42	1	2.84	10.40	13.04	10.13	399.91	382.01	2.989	4.399	23.76	34.98	200.7	1699	2	100.6	1.03	-0.158	0.134	0.0189	0.0499	0.0161	1.0	-0.22	2.74	1.00	0.00	0.16	111115
86	"13:05:06"	4006.0	0	5.78	0.0451	170	0.474	1.06	13.04	6	1.42	1	2.84	10.40	13.04	10.13	399.92	382.10	2.988	4.401	23.76	34.99	200.7	1699	2	100.6	1.03	-0.158	0.134	0.0189	0.0499	0.0161	1.0	-0.22	2.74	1.00	0.00	0.16	111115
87	"13:05:07"	4006.5	0	5.79	0.0452	170	0.475	1.06	13.04	6	1.42	1	2.84	10.40	13.04	10.13	399.90	382.05	2.987	4.402	23.75	34.99	200.7	1699	2	100.6	1.03	-0.158	0.134	0.0189	0.0499	0.0161	1.0	-0.22	2.74	1.00	0.00	0.16	111115
88	"13:05:07"	4007.0	0	5.78	0.0451	170	0.474	1.06	13.04	6	1.42	1	2.84	10.40	13.04	10.13	399.90	382.08	2.987	4.399	23.74	34.96	200.7	1699	2	100.6	1.03	-0.158	0.134	0.0189	0.0499	0.0161	1.0	-0.22	2.74	1.00	0.00	0.16	111115
89	"13:05:08"	4007.5	0	5.8	0.0451	169	0.474	1.07	13.05	6	1.42	1	2.84	10.40	13.05	10.13	399.94	382.07	2.987	4.399	23.74	34.96	200.7	1699	2	100.6	1.03	-0.158	0.134	0.0189	0.0499	0.0161	1.0	-0.22	2.74	1.00	0.00	0.16	111115
90	"13:05:08"	4008.0	0	5.77	0.0451	170	0.475	1.07	13.05	6	1.42	1	2.84	10.40	13.05	10.13	399.91	382.11	2.988	4.400	23.74	34.97	200.7	1699	2	100.6	1.03	-0.158	0.134	0.0189	0.0499	0.0161	0.7	-0.22	2.74	1.00	0.00	0.16	111115
91	"13:05:09"	4008.5	0	5.76	0.0451	170	0.475	1.07	13.05	6	1.42	1	2.84	10.41	13.05	10.13	399.91	382.14	2.988	4.402	23.74	34.98	200.7	1699	2	100.6	1.03	-0.158	0.134	0.0189	0.0499	0.0161	0.7	-0.22	2.74	1.00	0.00	0.16	111115
92	"13:05:09"	4009.0	0	5.78	0.0451	169	0.475	1.07	13.06	6	1.42	1	2.84	10.41	13.06	10.13	399.94	382.11	2.989	4.402	23.75	34.97	200.7	1699	2	100.6	1.03	-0.158	0.134	0.0189	0.0499	0.0161	0.7	-0.22	2.74	1.00	0.00	0.16	111115
93	"13:05:10"	4009.5	0	5.8	0.0452	169	0.476	1.07	13.06	6	1.42	1	2.84	10.41	13.06	10.13	399.98	382.09	2.989	4.404	23.74	34.98	200.7	1699	2	100.6	1.03	-0.158	0.134	0.0189	0.0499	0.0161	0.7	-0.22	2.74	1.00	0.00	0.16	111115
94	"13:05:10"	4010.0	0	5.81	0.0451	169	0.475	1.07	13.06	6	1.42	1	2.84	10.41	13.06	10.13	399.99	382.09	2.990	4.405	23.74	34.98	200.7	1699	2	100.6	1.03	-0.158	0.134	0.0189	0.0499	0.0161	0.7	-0.22	2.74	1.00	0.00	0.16	111115
95	"13:05:11"	4010.5	0	5.77	0.0451	170	0.475	1.07	13.07	6	1.42	1	2.84	10.41	13.07	10.13	399.96	382.17	2.989	4.405	23.74	34.98	200.7	1699	2	100.6	1.03	-0.158	0.134	0.0189	0.0499	0.0161	0.7	-0.22	2.74	1.00	0.00	0.16	111115
96	"13:05:11"	4011.0	0	5.77	0.0454	171	0.478	1.07	13.07	6	1.42	1	2.84	10.42	13.07	10.13	400.00	382.20	2.989	4.412	23.74	35.03	200.7	1699	2	100.6	1.03	-0.158	0.134	0.0189	0.0499	0.0161	0.7	-0.22	2.74	1.00	0.00	0.16	111115
97	"13:05:12"	4011.5	0	5.78	0.0455	171	0.479	1.07	13.08	6	1.42	1	2.84	10.42	13.08	10.13	400.02	382.18	2.989	4.416	23.73	35.06	200.7	1699	2	100.6	1.03	-0.158	0.134	0.0189	0.0499	0.0161	0.7	-0.22	2.74	1.00	0.00	0.16	111115
98	"13:05:13"	4012.0	0	5.8	0.0455	170	0.479	1.07	13.08	6	1.42	1	2.84	10.42	13.08	10.13	400.04	382.14	2.989	4.416	23.73	35.06	200.7	1699	2	100.6	1.03	-0.158	0.134	0.0189	0.0499	0.0161	1.0	-0.22	2.74	1.00	0.00	0.16	111115
99	"13:05:13"	4013.0	0	5.81	0.0455	170	0.48	1.07	13.10	6	1.42	1	2.84	10.42	13.10	10.13	400.06	382.12	2.989	4.418	23.73	35.06	200.6	1699	2	100.6	1.03	-0.158	0.134	0.0189	0.0499	0.0161	1.0	-0.22	2.74	1.00	0.00	0.16	111115
100	"13:05:14"	4013.5	0	5.82	0.0455	170	0.48	1.07	13.10	6	1.42	1	2.84	10.42	13.10	10.13	400.08	382.14	2.989	4.418	23.72	35.06	200.6	1699	2	100.6	1.03	-0.158	0.134	0.0189	0.0499	0.0161	1.0	-0.22	2.74	1.00	0.00	0.16	111115
"13:06:59 Flow: Fixed -> 200 umol/s"
101	"13:07:00"	4121.0	0	5.21	0.0425	178	0.463	1.1	13.56	6	1.42	1	2.84	10.64	13.56	10.12	398.36	382.24	3.157	4.536	24.70	35.48	200.6	1700	1	100.6	1.41	-0.15	0.0847	0.00155	0.0322	0.00296	1.0	-0.22	2.74	1.00	0.00	0.16	111115
102	"13:07:00"	4121.0	0	5.21	0.0425	178	0.463	1.1	13.56	6	1.42	1	2.84	10.64	13.56	10.12	398.36	382.24	3.157	4.536	24.70	35.48	200.6	1700	1	100.6	1.41	-0.15	0.0847	0.00155	0.0322	0.00296	1.0	-0.22	2.74	1.00	0.00	0.16	111115
103	"13:07:01"	4121.5	0	5.24	0.0438	183	0.478	1.1	13.56	6	1.42	1	2.84	10.64	13.56	10.12	398.77	382.54	3.108	4.531	24.31	35.44	200.6	1700	2	100.6	1.41	-0.15	0.0847	0.00155	0.0322	0.00296	1.0	-0.22	2.74	1.00	0.00	0.16	111115
104	"13:07:01"	4122.0	0	5.27	0.0445	186	0.485	1.1	13.55	6	1.42	1	2.84	10.64	13.55	10.11	399.01	382.68	3.082	4.527	24.11	35.41	200.6	1700	2	100.6	1.41	-0.15	0.0847	0.00155	0.0322	0.00296	1.0	-0.22	2.74	1.00	0.00	0.16	111115
105	"13:07:02"	4122.5	0	5.33	0.0449	185	0.49	1.1	13.56	6	1.42	1	2.84	10.64	13.56	10.11	399.17	382.66	3.066	4.525	23.98	35.39	200.6	1700	2	100.6	1.41	-0.15	0.0847	0.00155	0.0322	0.00296	1.0	-0.22	2.74	1.00	0.00	0.16	111115
106	"13:07:02"	4123.0	0	5.34	0.0453	187	0.494	1.1	13.56	6	1.42	1	2.84	10.64	13.56	10.11	399.28	382.74	3.054	4.526	23.89	35.40	200.6	1700	2	100.6	1.41	-0.15	0.0847	0.00155	0.0322	0.00296	1.0	-0.22	2.74	1.00	0.00	0.16	111115
107	"13:07:03"	4123.5	0	5.39	0.0456	186	0.496	1.1	13.55	6	1.42	1	2.84	10.64	13.55	10.11	399.37	382.67	3.047	4.525	23.83	35.39	200.6	1700	2	100.6	1.41	-0.15	0.0847	0.00155	0.0322	0.00296	1.0	-0.22	2.74	1.00	0.00	0.16	111115
108	"13:07:04"	4124.0	0	5.41	0.0457	186	0.498	1.1	13.55	6	1.42	1	2.84	10.64	13.55	10.11	399.42	382.66	3.041	4.524	23.78	35.38	200.6	1700	2	100.6	1.41	-0.15	0.0847	0.00155	0.0322	0.00296	1.0	-0.22	2.74	1.00	0.00	0.16	111115
109	"13:07:04"	4124.5	0	5.52	0.0467	186	0.509	1.1	13.54	6	1.42	1	2.84	10.64	13.54	10.11	399.77	382.69	3.005	4.520	23.50	35.35	200.7	1700	2	100.6	1.41	-0.15	0.0847	0.00155	0.0322	0.00296	1.0	-0.22	2.74	1.00	0.00	0.16	111115
110	"13:07:05"	4125.0	0	5.48	0.0468	188	0.51	1.1	13.53	6	1.42	1	2.84	10.64	13.53	10.11	399.78	382.80	3.000	4.517	23.47	35.33	200.7	1700	2	100.6	1.41	-0.15	0.0847	0.00155	0.0322	0.00296	1.0	-0.22	2.74	1.00	0.00	0.16	111115
111	"13:07:05"	4125.5	0	5.53	0.0468	186	0.509	1.1	13.53	6	1.42	1	2.84	10.64	13.53	10.11	399.82	382.70	2.999	4.516	23.46	35.32	200.6	1700	2	100.6	1.41	-0.15	0.0847	0.00155	0.0322	0.00296	1.0	-0.22	2.74	1.00	0.00	0.16	111115
112	"13:07:06"	4126.0	0	5.57	0.0469	185	0.51	1.1	13.52	6	1.42	1	2.84	10.64	13.52	10.10	399.86	382.61	2.998	4.516	23.45	35.32	200.7	1700	2	100.6	1.41	-0.15	0.0847	0.00155	0.0322	0.00296	1.0	-0.22	2.74	1.00	0.00	0.16	111115
113	"13:07:06"	4126.5	0	5.55	0.0469	186	0.51	1.1	13.52	6	1.42	1	2.84	10.64	13.52	10.10	399.86	382.67	2.997	4.515	23.44	35.31	200.7	1700	2	100.6	1.41	-0.15	0.0847	0.00155	0.0322	0.00296	1.0	-0.22	2.74	1.00	0.00	0.16	111115
114	"13:07:07"	4127.0	0	5.57	0.0469	185	0.509	1.1	13.51	6	1.42	1	2.84	10.64	13.51	10.10	399.86	382.62	2.997	4.513	23.44	35.29	200.7	1700	2	100.6	1.41	-0.15	0.0847	0.00155	0.0322	0.00296	1.0	-0.22	2.74	1.00	0.00	0.16	111115
115	"13:07:07"	4128.0	0	5.53	0.0469	187	0.51	1.1	13.52	6	1.42	1	2.84	10.64	13.52	10.10	399.85	382.74	2.996	4.514	23.43	35.30	200.7	1700	2	100.6	1.41	-0.15	0.0847	0.00155	0.0322	0.00296	1.0	-0.22	2.74	1.00	0.00	0.16	111115
116	"13:07:08"	4128.5	0	5.54	0.047	186	0.511	1.1	13.52	6	1.42	1	2.84	10.64	13.52	10.10	399.86	382.71	2.996	4.515	23.43	35.31	200.7	1699	2	100.6	1.41	-0.15	0.0847	0.00155	0.0322	0.00296	1.0	-0.22	2.74	1.00	0.00	0.16	111115
117	"13:07:08"	4129.0	0	5.57	0.047	185	0.511	1.1	13.52	6	1.42	1	2.84	10.64	13.52	10.11	399.89	382.64	2.996	4.518	23.43	35.33	200.7	1699	2	100.6	1.41	-0.15	0.0847	0.00155	0.0322	0.00296	1.0	-0.22	2.74	1.00	0.00	0.16	111115
118	"13:07:09"	4129.5	0	5.56	0.0472	186	0.513	1.1	13.53	6	1.42	1	2.84	10.65	13.53	10.11	399.88	382.68	2.994	4.521	23.41	35.35	200.7	1699	2	100.6	1.41	-0.15	0.0847	0.00155	0.0322	0.00296	1.0	-0.22	2.74	1.00	0.00	0.16	111115
119	"13:07:10"	4130.0	0	5.55	0.0472	187	0.513	1.1	13.54	6	1.42	1	2.84	10.65	13.54	10.11	399.88	382.69	2.995	4.522	23.42	35.35	200.7	1699	1	100.6	1.41	-0.15	0.0847	0.00155	0.0322	0.00296	1.0	-0.22	2.74	1.00	0.00	0.16	111115
120	"13:07:11"	4130.5	0	5.6	0.0471	185	0.513	1.1	13.54	6	1.42	1	2.84	10.65	13.54	10.11	399.91	382.59	2.995	4.521	23.42	35.35	200.7	1699	1	100.6	1.41	-0.15	0.0847	0.00155	0.0322	0.00296	1.0	-0.22	2.74	1.00	0.00	0.16	111115
121	"13:07:11"	4131.5	0	5.61	0.0472	184	0.514	1.1	13.55	6	1.42	1	2.84	10.65	13.55	10.11	399.96	382.58	2.995	4.523	23.41	35.36	200.7	1699	1	100.6	1.41	-0.15	0.0847	0.00155	0.0322	0.00296	1.0	-0.22	2.74	1.00	0.00	0.16	111115
122	"13:07:12"	4132.0	0	5.63	0.0471	183	0.513	1.1	13.55	6	1.42	1	2.84	10.65	13.55	10.12	399.99	382.57	2.995	4.521	23.41	35.34	200.7	1699	1	100.6	1.41	-0.15	0.0847	0.00155	0.0322	0.00296	1.0	-0.22	2.74	1.00	0.00	0.16	111115
"13:08:27 Coolers: Tblock -> 15.00 C"
"13:12:00 Flow: Fixed -> 200 umol/s"
123	"13:12:02"	4423.0	0	5.39	0.0428	173	0.529	1.25	15.85	6	1.42	1	2.84	14.72	15.85	15.13	399.32	382.58	3.982	5.556	23.84	33.26	200.6	1700	2	100.6	0.827	-0.172	0.0792	0.00561	0.0786	0.00706	0.7	-0.22	2.74	1.00	0.00	0.16	111115
124	"13:12:03"	4423.0	0	5.39	0.0428	173	0.529	1.25	15.85	6	1.42	1	2.84	14.72	15.85	15.13	399.32	382.58	3.982	5.556	23.84	33.26	200.6	1700	2	100.6	0.827	-0.172	0.0792	0.00561	0.0786	0.00706	0.7	-0.22	2.74	1.00	0.00	0.16	111115
125	"13:12:03"	4423.5	0	5.46	0.0433	172	0.535	1.25	15.85	6	1.42	1	2.84	14.72	15.85	15.13	399.45	382.50	3.965	5.557	23.74	33.26	200.6	1700	2	100.6	0.827	-0.172	0.0792	0.00561	0.0786	0.00706	0.7	-0.22	2.74	1.00	0.00	0.16	111115
126	"13:12:04"	4424.0	0	5.46	0.0437	174	0.539	1.25	15.84	6	1.42	1	2.84	14.72	15.84	15.13	399.55	382.60	3.954	5.559	23.67	33.28	200.6	1700	2	100.6	0.827	-0.172	0.0792	0.00561	0.0786	0.00706	0.7	-0.22	2.74	1.00	0.00	0.16	111115
127	"13:12:04"	4424.5	0	5.5	0.0439	174	0.542	1.25	15.84	6	1.42	1	2.84	14.72	15.84	15.13	399.60	382.54	3.946	5.559	23.62	33.28	200.6	1700	2	100.6	0.827	-0.172	0.0792	0.00561	0.0786	0.00706	0.7	-0.22	2.74	1.00	0.00	0.16	111115
128	"13:12:05"	4425.0	0	5.52	0.044	174	0.544	1.25	15.84	6	1.42	1	2.84	14.72	15.84	15.13	399.66	382.53	3.940	5.557	23.59	33.27	200.6	1700	2	100.6	0.827	-0.172	0.0792	0.00561	0.0786	0.00706	0.7	-0.22	2.74	1.00	0.00	0.16	111115
129	"13:12:05"	4425.5	0	5.6	0.045	175	0.556	1.25	15.85	6	1.42	1	2.84	14.72	15.85	15.13	400.00	382.63	3.904	5.557	23.37	33.26	200.6	1700	2	100.6	0.827	-0.172	0.0792	0.00561	0.0786	0.00706	0.7	-0.22	2.74	1.00	0.00	0.16	111115
130	"13:12:06"	4426.0	0	5.62	0.045	174	0.556	1.25	15.85	6	1.42	1	2.84	14.72	15.85	15.13	400.02	382.57	3.901	5.553	23.35	33.24	200.6	1700	2	100.6	0.827	-0.172	0.0792	0.00561	0.0786	0.00706	0.7	-0.22	2.74	1.00	0.00	0.16	111115
131	"13:12:07"	4426.5	0	5.6	0.045	175	0.556	1.25	15.85	6	1.42	1	2.84	14.72	15.85	15.13	400.02	382.63	3.899	5.553	23.34	33.24	200.6	1700	2	100.6	0.827	-0.172	0.0792	0.00561	0.0786	0.00706	0.7	-0.22	2.74	1.00	0.00	0.16	111115
132	"13:12:07"	4427.5	0	5.59	0.0449	175	0.555	1.25	15.85	6	1.42	1	2.84	14.72	15.85	15.13	400.03	382.67	3.899	5.550	23.34	33.22	200.6	1700	2	100.6	0.827	-0.172	0.0792	0.00561	0.0786	0.00706	0.7	-0.22	2.74	1.00	0.00	0.16	111115
133	"13:12:08"	4428.0	0	5.63	0.0448	173	0.554	1.25	15.85	6	1.42	1	2.84	14.72	15.85	15.12	400.02	382.55	3.899	5.547	23.33	33.20	200.7	1700	1	100.6	0.827	-0.172	0.0792	0.00561	0.0786	0.00706	0.7	-0.22	2.74	1.00	0.00	0.16	111115
134	"13:12:08"	4428.5	0	5.62	0.0448	174	0.555	1.25	15.85	6	1.42	1	2.84	14.73	15.85	15.13	400.06	382.64	3.898	5.548	23.33	33.19	200.7	1700	2	100.6	0.827	-0.172	0.0792	0.00561	0.0786	0.00706	0.7	-0.22	2.74	1.00	0.00	0.16	111115
135	"13:12:09"	4429.0	0	5.61	0.0448	174	0.554	1.25	15.85	6	1.42	1	2.84	14.73	15.85	15.12	400.07	382.65	3.898	5.546	23.32	33.18	200.7	1700	2	100.6	0.827	-0.172	0.0792	0.00561	0.0786	0.00706	0.7	-0.22	2.74	1.00	0.00	0.16	111115
136	"13:12:09"	4429.5	0	5.6	0.0448	174	0.554	1.25	15.85	6	1.42	1	2.84	14.73	15.85	15.12	400.00	382.63	3.898	5.546	23.32	33.18	200.6	1700	2	100.6	0.827	-0.172	0.0792	0.00561	0.0786	0.00706	0.7	-0.22	2.74	1.00	0.00	0.16	111115
137	"13:12:10"	4430.0	0	5.58	0.0449	176	0.556	1.25	15.86	6	1.42	1	2.84	14.73	15.86	15.12	399.99	382.67	3.898	5.550	23.32	33.20	200.6	1700	2	100.6	0.827	-0.172	0.0792	0.00561	0.0786	0.00706	0.7	-0.22	2.74	1.00	0.00	0.16	111115
138	"13:12:11"	4430.5	0	5.61	0.045	175	0.556	1.25	15.86	6	1.42	1	2.84	14.73	15.86	15.12	399.99	382.57	3.897	5.551	23.31	33.21	200.7	1700	2	100.6	0.827	-0.172	0.0792	0.00561	0.0786	0.00706	0.7	-0.22	2.74	1.00	0.00	0.16	111115
139	"13:12:11"	4431.0	0	5.62	0.0449	174	0.556	1.25	15.86	6	1.42	1	2.84	14.73	15.86	15.12	400.00	382.56	3.897	5.550	23.31	33.19	200.6	1700	1	100.6	0.827	-0.172	0.0792	0.00561	0.0786	0.00706	0.7	-0.22	2.74	1.00	0.00	0.16	111115
140	"13:12:12"	4431.5	0	5.65	0.0449	173	0.557	1.25	15.87	6	1.42	1	2.84	14.74	15.87	15.12	400.00	382.48	3.897	5.552	23.31	33.20	200.6	1700	1	100.6	0.827	-0.172	0.0792	0.00561	0.0786	0.00706	0.7	-0.22	2.74	1.00	0.00	0.16	111115
141	"13:12:12"	4432.0	0	5.62	0.045	174	0.558	1.25	15.87	6	1.42	1	2.84	14.74	15.87	15.13	400.01	382.56	3.897	5.555	23.30	33.22	200.6	1700	2	100.6	0.827	-0.172	0.0792	0.00561	0.0786	0.00706	0.7	-0.22	2.74	1.00	0.00	0.16	111115
142	"13:12:13"	4432.5	0	5.63	0.045	174	0.557	1.25	15.88	6	1.42	1	2.84	14.74	15.88	15.13	399.99	382.53	3.897	5.554	23.30	33.21	200.6	1700	1	100.6	0.827	-0.172	0.0792	0.00561	0.0786	0.00706	0.7	-0.22	2.74	1.00	0.00	0.16	111115
"13:13:07 Coolers: Tblock -> 20.00 C"
"13:17:17 Flow: Fixed -> 200 umol/s"
143	"13:17:19"	4739.5	0	5.39	0.0409	162	0.577	1.42	18.76	6	1.42	1	2.84	19.09	18.76	20.13	399.31	382.52	5.756	7.469	26.12	33.89	200.6	1699	2	100.6	0.481	-0.198	0.102	0.0127	0.0266	0.00873	1.0	-0.22	2.74	1.00	0.00	0.16	111115
144	"13:17:19"	4739.5	0	5.39	0.0409	162	0.577	1.42	18.76	6	1.42	1	2.84	19.09	18.76	20.13	399.31	382.52	5.756	7.469	26.12	33.89	200.6	1699	2	100.6	0.481	-0.198	0.102	0.0127	0.0266	0.00873	1.0	-0.22	2.74	1.00	0.00	0.16	111115
145	"13:17:20"	4740.0	0	5.48	0.0415	163	0.587	1.42	18.76	6	1.42	1	2.84	19.09	18.76	20.13	399.51	382.45	5.729	7.470	26.00	33.90	200.6	1699	2	100.6	0.481	-0.198	0.102	0.0127	0.0266	0.00873	1.0	-0.22	2.74	1.00	0.00	0.16	111115
146	"13:17:20"	4740.5	0	5.53	0.0419	163	0.592	1.42	18.75	6	1.42	1	2.84	19.09	18.75	20.13	399.59	382.38	5.713	7.469	25.92	33.89	200.6	1699	1	100.6	0.481	-0.198	0.102	0.0127	0.0266	0.00873	1.0	-0.22	2.74	1.00	0.00	0.16	111115
147	"13:17:21"	4741.0	0	5.53	0.0422	163	0.595	1.42	18.76	6	1.42	1	2.84	19.09	18.76	20.13	399.63	382.40	5.702	7.468	25.87	33.89	200.6	1699	1	100.6	0.481	-0.198	0.102	0.0127	0.0266	0.00873	1.0	-0.22	2.74	1.00	0.00	0.16	111115
148	"13:17:21"	4741.5	0	5.55	0.0424	164	0.599	1.42	18.76	6	1.42	1	2.84	19.09	18.76	20.13	399.71	382.43	5.693	7.471	25.83	33.90	200.6	1699	2	100.6	0.481	-0.198	0.102	0.0127	0.0266	0.00873	1.0	-0.22	2.74	1.00	0.00	0.16	111115
149	"13:17:22"	4742.0	0	5.56	0.0427	165	0.602	1.42	18.76	6	1.42	1	2.84	19.09	18.76	20.13	399.75	382.42	5.687	7.474	25.81	33.91	200.6	1699	2	100.6	0.481	-0.198	0.102	0.0127	0.0266	0.00873	1.0	-0.22	2.74	1.00	0.00	0.16	111115
150	"13:17:23"	4742.5	0	5.69	0.0435	164	0.615	1.42	18.77	6	1.42	1	2.84	19.09	18.77	20.14	400.08	382.38	5.650	7.475	25.64	33.91	200.6	1699	2	100.6	0.481	-0.198	0.102	0.0127	0.0266	0.00873	0.7	-0.22	2.74	1.00	0.00	0.16	111115
151	"13:17:23"	4743.0	0	5.67	0.0436	165	0.616	1.42	18.78	6	1.42	1	2.84	19.09	18.78	20.14	400.07	382.41	5.647	7.477	25.62	33.92	200.6	1699	2	100.6	0.481	-0.198	0.102	0.0127	0.0266	0.00873	0.7	-0.22	2.74	1.00	0.00	0.16	111115
152	"13:17:24"	4743.5	0	5.65	0.0437	167	0.618	1.42	18.79	6	1.42	1	2.84	19.09	18.79	20.14	400.05	382.46	5.646	7.479	25.61	33.93	200.7	1699	2	100.6	0.481	-0.198	0.102	0.0127	0.0266	0.00873	0.7	-0.22	2.74	1.00	0.00	0.16	111115
153	"13:17:24"	4744.5	0	5.65	0.0436	166	0.618	1.43	18.81	6	1.42	1	2.84	19.10	18.81	20.15	400.07	382.46	5.645	7.479	25.60	33.92	200.7	1699	2	100.6	0.481	-0.198	0.102	0.0127	0.0266	0.00873	0.7	-0.22	2.74	1.00	0.00	0.16	111115
154	"13:17:25"	4745.0	0	5.64	0.0437	167	0.619	1.43	18.81	6	1.42	1	2.84	19.10	18.81	20.15	400.08	382.50	5.645	7.481	25.60	33.93	200.7	1699	2	100.6	0.481	-0.198	0.102	0.0127	0.0266	0.00873	0.7	-0.22	2.74	1.00	0.00	0.16	111115
155	"13:17:25"	4745.5	0	5.64	0.0435	166	0.618	1.43	18.83	6	1.42	1	2.84	19.10	18.83	20.15	400.07	382.50	5.645	7.478	25.60	33.91	200.7	1699	2	100.6	0.481	-0.198	0.102	0.0127	0.0266	0.00873	0.7	-0.22	2.74	1.00	0.00	0.16	111115
156	"13:17:26"	4746.0	0	5.64	0.0434	165	0.617	1.43	18.83	6	1.42	1	2.84	19.10	18.83	20.15	400.10	382.52	5.644	7.475	25.59	33.89	200.7	1699	2	100.6	0.481	-0.198	0.102	0.0127	0.0266	0.00873	0.7	-0.22	2.74	1.00	0.00	0.16	111115
157	"13:17:27"	4746.5	0	5.61	0.0435	167	0.618	1.43	18.84	6	1.42	1	2.84	19.10	18.84	20.15	400.05	382.56	5.644	7.478	25.59	33.90	200.7	1699	2	100.6	0.481	-0.198	0.102	0.0127	0.0266	0.00873	0.7	-0.22	2.74	1.00	0.00	0.16	111115
158	"13:17:29"	4747.5	0	5.61	0.0434	167	0.617	1.43	18.84	6	1.42	1	2.84	19.11	18.84	20.15	400.06	382.59	5.644	7.474	25.58	33.88	200.7	1699	1	100.6	0.481	-0.198	0.102	0.0127	0.0266	0.00873	0.7	-0.22	2.74	1.00	0.00	0.16	111115
159	"13:17:29"	4748.0	0	5.59	0.0434	168	0.617	1.43	18.83	6	1.42	1	2.84	19.11	18.83	20.15	400.07	382.64	5.645	7.476	25.58	33.88	200.7	1699	2	100.6	0.481	-0.198	0.102	0.0127	0.0266	0.00873	0.7	-0.22	2.74	1.00	0.00	0.16	111115
160	"13:17:30"	4750.0	0	5.55	0.0435	169	0.618	1.43	18.85	6	1.42	1	2.84	19.11	18.85	20.14	400.00	382.69	5.645	7.480	25.57	33.89	200.6	1699	2	100.6	0.481	-0.198	0.102	0.0127	0.0266	0.00873	0.7	-0.22	2.74	1.00	0.00	0.16	111115
161	"13:17:31"	4750.5	0	5.57	0.0435	169	0.618	1.43	18.84	6	1.42	1	2.84	19.11	18.84	20.14	400.02	382.65	5.645	7.480	25.57	33.89	200.7	1699	2	100.6	0.481	-0.198	0.102	0.0127	0.0266	0.00873	0.7	-0.22	2.74	1.00	0.00	0.16	111115
162	"13:17:32"	4751.0	0	5.54	0.0435	170	0.618	1.43	18.84	6	1.42	1	2.84	19.12	18.84	20.14	399.97	382.71	5.645	7.481	25.57	33.89	200.7	1699	2	100.6	0.481	-0.198	0.102	0.0127	0.0266	0.00873	0.7	-0.22	2.74	1.00	0.00	0.16	111115
163	"13:17:32"	4752.0	0	5.54	0.0435	170	0.618	1.43	18.85	6	1.42	1	2.84	19.12	18.85	20.14	399.96	382.69	5.646	7.480	25.57	33.88	200.6	1699	1	100.6	0.481	-0.198	0.102	0.0127	0.0266	0.00873	1.0	-0.22	2.74	1.00	0.00	0.16	111115
164	"13:17:33"	4752.5	0	5.54	0.0435	170	0.618	1.43	18.85	6	1.42	1	2.84	19.12	18.85	20.14	399.96	382.68	5.645	7.481	25.57	33.88	200.6	1699	2	100.6	0.481	-0.198	0.102	0.0127	0.0266	0.00873	1.0	-0.22	2.74	1.00	0.00	0.16	111115
165	"13:17:35"	4753.5	0	5.59	0.0435	168	0.619	1.43	18.85	6	1.42	1	2.84	19.12	18.85	20.14	400.01	382.58	5.645	7.482	25.56	33.88	200.6	1699	2	100.6	0.481	-0.198	0.102	0.0127	0.0266	0.00873	1.0	-0.22	2.74	1.00	0.00	0.16	111115
166	"13:17:35"	4754.0	0	5.57	0.0435	169	0.619	1.43	18.85	6	1.42	1	2.84	19.12	18.85	20.14	400.07	382.72	5.646	7.482	25.57	33.88	200.6	1699	2	100.6	0.481	-0.198	0.102	0.0127	0.0266	0.00873	1.0	-0.22	2.74	1.00	0.00	0.16	111115
"13:23:06 Coolers: Tblock -> 25.00 C"
"13:27:49 Flow: Fixed -> 200 umol/s"
167	"13:27:50"	5370.5	0	4.58	0.0368	174	0.656	1.79	21.80	6	1.42	1	2.84	23.51	21.80	25.13	397.67	383.22	6.349	8.295	21.97	28.71	200.7	1699	1	100.6	0.412	-0.207	0.0539	0.00564	0.0229	0.00457	1.0	-0.22	2.74	1.00	0.00	0.16	111115
168	"13:27:50"	5370.5	0	4.58	0.0368	174	0.656	1.79	21.80	6	1.42	1	2.84	23.51	21.80	25.13	397.67	383.22	6.349	8.295	21.97	28.71	200.7	1699	1	100.6	0.412	-0.207	0.0539	0.00564	0.0229	0.00457	1.0	-0.22	2.74	1.00	0.00	0.16	111115
169	"13:27:51"	5371.0	0	4.99	0.0404	175	0.718	1.78	21.78	6	1.42	1	2.84	23.50	21.78	25.13	398.72	382.98	6.178	8.306	21.38	28.75	200.7	1699	1	100.6	0.412	-0.207	0.0539	0.00564	0.0229	0.00457	1.0	-0.22	2.74	1.00	0.00	0.16	111115
170	"13:27:51"	5371.5	0	5.13	0.0415	175	0.737	1.78	21.78	6	1.42	1	2.84	23.50	21.78	25.12	399.23	383.06	6.118	8.305	21.18	28.75	200.6	1699	1	100.6	0.412	-0.207	0.0539	0.00564	0.0229	0.00457	1.0	-0.22	2.74	1.00	0.00	0.16	111115
171	"13:27:52"	5372.0	0	5.17	0.0421	176	0.747	1.78	21.77	6	1.42	1	2.84	23.50	21.77	25.12	399.42	383.09	6.085	8.301	21.07	28.73	200.6	1699	1	100.6	0.412	-0.207	0.0539	0.00564	0.0229	0.00457	1.0	-0.22	2.74	1.00	0.00	0.16	111115
172	"13:27:52"	5372.5	0	5.22	0.0424	175	0.753	1.78	21.78	6	1.42	1	2.84	23.50	21.78	25.12	399.57	383.08	6.066	8.299	21.00	28.73	200.6	1700	1	100.6	0.412	-0.207	0.0539	0.00564	0.0229	0.00457	1.0	-0.22	2.74	1.00	0.00	0.16	111115
173	"13:27:53"	5373.0	0	5.21	0.0426	177	0.757	1.78	21.79	6	1.42	1	2.84	23.50	21.79	25.12	399.59	383.16	6.053	8.297	20.95	28.72	200.6	1700	1	100.6	0.412	-0.207	0.0539	0.00564	0.0229	0.00457	1.0	-0.22	2.74	1.00	0.00	0.16	111115
174	"13:27:53"	5373.5	0	5.22	0.0428	177	0.761	1.79	21.79	6	1.42	1	2.84	23.50	21.79	25.12	399.67	383.19	6.043	8.300	20.92	28.73	200.6	1700	1	100.6	0.412	-0.207	0.0539	0.00564	0.0229	0.00457	1.0	-0.22	2.74	1.00	0.00	0.16	111115
175	"13:27:54"	5374.0	0	5.23	0.0429	178	0.764	1.79	21.80	6	1.42	1	2.84	23.50	21.80	25.12	399.74	383.23	6.036	8.301	20.90	28.74	200.6	1700	1	100.6	0.412	-0.207	0.0539	0.00564	0.0229	0.00457	1.0	-0.22	2.74	1.00	0.00	0.16	111115
176	"13:27:55"	5374.5	0	5.3	0.0438	179	0.779	1.78	21.79	6	1.42	1	2.84	23.50	21.79	25.12	400.03	383.28	5.991	8.301	20.74	28.74	200.6	1699	1	100.6	0.412	-0.207	0.0539	0.00564	0.0229	0.00457	1.0	-0.22	2.74	1.00	0.00	0.16	111115
177	"13:27:55"	5375.0	0	5.3	0.0438	179	0.779	1.79	21.79	6	1.42	1	2.84	23.50	21.79	25.11	400.07	383.33	5.989	8.298	20.73	28.73	200.6	1699	1	100.6	0.412	-0.207	0.0539	0.00564	0.0229	0.00457	1.0	-0.22	2.74	1.00	0.00	0.16	111115
178	"13:27:56"	5375.5	0	5.3	0.0438	179	0.779	1.79	21.80	6	1.42	1	2.84	23.50	21.80	25.11	400.05	383.32	5.987	8.297	20.73	28.72	200.6	1699	1	100.6	0.412	-0.207	0.0539	0.00564	0.0229	0.00457	1.0	-0.22	2.74	1.00	0.00	0.16	111115
179	"13:27:56"	5376.0	0	5.3	0.0438	179	0.78	1.79	21.81	6	1.42	1	2.84	23.50	21.81	25.11	400.09	383.35	5.987	8.300	20.72	28.73	200.6	1700	1	100.6	0.412	-0.207	0.0539	0.00564	0.0229	0.00457	1.0	-0.22	2.74	1.00	0.00	0.16	111115
180	"13:27:57"	5376.5	0	5.29	0.0439	180	0.781	1.79	21.81	6	1.42	1	2.84	23.50	21.81	25.11	400.09	383.38	5.987	8.302	20.72	28.74	200.6	1700	1	100.6	0.412	-0.207	0.0539	0.00564	0.0229	0.00457	1.0	-0.22	2.74	1.00	0.00	0.16	111115
181	"13:27:57"	5377.0	0	5.34	0.0439	178	0.781	1.79	21.81	6	1.42	1	2.84	23.50	21.81	25.11	400.16	383.29	5.987	8.303	20.72	28.74	200.6	1699	1	100.6	0.412	-0.207	0.0539	0.00564	0.0229	0.00457	1.0	-0.22	2.74	1.00	0.00	0.16	111115
182	"13:27:58"	5377.5	0	5.35	0.0439	178	0.781	1.79	21.80	6	1.42	1	2.84	23.50	21.80	25.11	400.15	383.26	5.986	8.301	20.72	28.73	200.6	1699	1	100.6	0.412	-0.207	0.0539	0.00564	0.0229	0.00457	1.0	-0.22	2.74	1.00	0.00	0.16	111115
183	"13:27:58"	5378.0	0	5.38	0.0439	176	0.781	1.79	21.80	6	1.42	1	2.84	23.51	21.80	25.11	400.17	383.18	5.986	8.301	20.72	28.73	200.6	1700	1	100.6	0.412	-0.207	0.0539	0.00564	0.0229	0.00457	1.0	-0.22	2.74	1.00	0.00	0.16	111115
184	"13:27:59"	5378.5	0	5.42	0.0439	175	0.781	1.79	21.81	6	1.42	1	2.84	23.51	21.81	25.11	400.21	383.11	5.986	8.302	20.71	28.73	200.6	1700	1	100.6	0.412	-0.207	0.0539	0.00564	0.0229	0.00457	1.0	-0.22	2.74	1.00	0.00	0.16	111115
185	"13:27:59"	5379.0	0	5.41	0.0438	175	0.781	1.79	21.81	6	1.42	1	2.84	23.51	21.81	25.11	400.22	383.16	5.986	8.302	20.71	28.73	200.6	1700	1	100.6	0.412	-0.207	0.0539	0.00564	0.0229	0.00457	1.0	-0.22	2.74	1.00	0.00	0.16	111115
186	"13:28:00"	5379.5	0	5.39	0.0439	176	0.781	1.79	21.81	6	1.42	1	2.84	23.51	21.81	25.11	400.26	383.23	5.986	8.303	20.71	28.73	200.6	1700	2	100.6	0.412	-0.207	0.0539	0.00564	0.0229	0.00457	1.0	-0.22	2.74	1.00	0.00	0.16	111115
187	"13:28:00"	5380.0	0	5.4	0.0439	176	0.78	1.79	21.80	6	1.42	1	2.84	23.51	21.80	25.11	400.25	383.21	5.986	8.301	20.72	28.73	200.6	1699	2	100.6	0.412	-0.207	0.0539	0.00564	0.0229	0.00457	1.0	-0.22	2.74	1.00	0.00	0.16	111115
188	"13:28:01"	5380.5	0	5.38	0.0439	177	0.781	1.79	21.80	6	1.42	1	2.84	23.51	21.80	25.11	400.21	383.23	5.986	8.303	20.71	28.73	200.6	1699	2	100.6	0.412	-0.207	0.0539	0.00564	0.0229	0.00457	1.0	-0.22	2.74	1.00	0.00	0.16	111115
189	"13:28:01"	5381.0	0	5.35	0.0439	178	0.781	1.79	21.80	6	1.42	1	2.84	23.51	21.80	25.11	400.16	383.27	5.986	8.303	20.71	28.73	200.6	1699	2	100.6	0.412	-0.207	0.0539	0.00564	0.0229	0.00457	1.0	-0.22	2.74	1.00	0.00	0.16	111115
"13:28:56 Coolers: Tblock -> 30.00 C"
"13:32:44 Flow: Fixed -> 200 umol/s"
190	"13:32:45"	5665.0	0	5.16	0.0351	137	0.665	1.89	24.91	6	1.42	1	2.84	27.89	24.91	30.14	398.90	382.71	10.691	12.655	28.54	33.78	200.6	1698	3	100.6	-0.23	-0.3	0.0601	0.0209	0.0558	0.0258	1.0	-0.22	2.74	1.00	0.00	0.16	111115
191	"13:32:45"	5665.0	0	5.16	0.0351	137	0.665	1.89	24.91	6	1.42	1	2.84	27.89	24.91	30.14	398.90	382.71	10.691	12.655	28.54	33.78	200.6	1698	3	100.6	-0.23	-0.3	0.0601	0.0209	0.0558	0.0258	1.0	-0.22	2.74	1.00	0.00	0.16	111115
192	"13:32:46"	5665.5	0	5.27	0.036	138	0.683	1.89	24.91	6	1.42	1	2.84	27.89	24.91	30.14	399.40	382.84	10.639	12.655	28.40	33.78	200.6	1699	3	100.6	-0.23	-0.3	0.0601	0.0209	0.0558	0.0258	1.0	-0.22	2.74	1.00	0.00	0.16	111115
193	"13:32:46"	5666.0	0	5.4	0.0366	136	0.695	1.89	24.92	6	1.42	1	2.84	27.89	24.92	30.13	399.62	382.66	10.612	12.664	28.32	33.80	200.6	1699	2	100.6	-0.23	-0.3	0.0601	0.0209	0.0558	0.0258	1.0	-0.22	2.74	1.00	0.00	0.16	111115
194	"13:32:47"	5666.5	0	5.46	0.037	136	0.701	1.89	24.92	6	1.42	1	2.84	27.89	24.92	30.13	399.75	382.60	10.595	12.667	28.28	33.81	200.6	1698	2	100.6	-0.23	-0.3	0.0601	0.0209	0.0558	0.0258	0.7	-0.22	2.74	1.00	0.00	0.16	111115
195	"13:32:47"	5667.0	0	5.46	0.0372	137	0.705	1.89	24.92	6	1.42	1	2.84	27.89	24.92	30.13	399.82	382.67	10.584	12.665	28.25	33.80	200.6	1698	2	100.6	-0.23	-0.3	0.0601	0.0209	0.0558	0.0258	0.7	-0.22	2.74	1.00	0.00	0.16	111115
196	"13:32:48"	5667.5	0	5.46	0.0373	138	0.707	1.89	24.92	6	1.42	1	2.84	27.89	24.92	30.13	399.86	382.71	10.576	12.665	28.22	33.80	200.6	1699	2	100.6	-0.23	-0.3	0.0601	0.0209	0.0558	0.0258	0.7	-0.22	2.74	1.00	0.00	0.16	111115
197	"13:32:48"	5668.0	0	5.44	0.0374	139	0.709	1.89	24.91	6	1.42	1	2.84	27.89	24.91	30.13	399.89	382.79	10.571	12.665	28.21	33.80	200.6	1699	2	100.6	-0.23	-0.3	0.0601	0.0209	0.0558	0.0258	0.7	-0.22	2.74	1.00	0.00	0.16	111115
198	"13:32:49"	5668.5	0	5.53	0.0382	141	0.725	1.89	24.92	6	1.42	1	2.84	27.89	24.92	30.12	400.17	382.79	10.532	12.673	28.10	33.81	200.6	1699	2	100.6	-0.23	-0.3	0.0601	0.0209	0.0558	0.0258	0.7	-0.22	2.74	1.00	0.00	0.16	111115
199	"13:32:49"	5669.0	0	5.58	0.0382	139	0.725	1.89	24.92	6	1.42	1	2.84	27.89	24.92	30.12	400.26	382.74	10.532	12.673	28.10	33.81	200.6	1699	2	100.6	-0.23	-0.3	0.0601	0.0209	0.0558	0.0258	0.7	-0.22	2.74	1.00	0.00	0.16	111115
200	"13:32:50"	5669.5	0	5.6	0.0383	138	0.726	1.89	24.93	6	1.42	1	2.84	27.90	24.93	30.12	400.24	382.66	10.531	12.677	28.09	33.81	200.6	1699	2	100.6	-0.23	-0.3	0.0601	0.0209	0.0558	0.0258	0.7	-0.22	2.74	1.00	0.00	0.16	111115
201	"13:32:50"	5670.0	0	5.56	0.0383	140	0.726	1.89	24.93	6	1.42	1	2.84	27.90	24.93	30.12	400.25	382.79	10.532	12.677	28.09	33.81	200.6	1699	2	100.6	-0.23	-0.3	0.0601	0.0209	0.0558	0.0258	0.7	-0.22	2.74	1.00	0.00	0.16	111115
202	"13:32:51"	5670.5	0	5.53	0.0383	141	0.726	1.89	24.93	6	1.42	1	2.84	27.90	24.93	30.12	400.25	382.86	10.532	12.677	28.09	33.80	200.6	1699	2	100.6	-0.23	-0.3	0.0601	0.0209	0.0558	0.0258	0.7	-0.22	2.74	1.00	0.00	0.16	111115
203	"13:32:51"	5671.0	0	5.54	0.0383	141	0.726	1.89	24.93	6	1.42	1	2.84	27.90	24.93	30.12	400.26	382.86	10.532	12.676	28.08	33.80	200.6	1700	2	100.6	-0.23	-0.3	0.0601	0.0209	0.0558	0.0258	0.7	-0.22	2.74	1.00	0.00	0.16	111115
204	"13:32:52"	5671.5	0	5.54	0.0383	140	0.727	1.89	24.95	6	1.42	1	2.84	27.91	24.95	30.12	400.28	382.87	10.533	12.679	28.08	33.80	200.6	1700	2	100.6	-0.23	-0.3	0.0601	0.0209	0.0558	0.0258	0.7	-0.22	2.74	1.00	0.00	0.16	111115
205	"13:32:53"	5672.0	0	5.55	0.0382	140	0.726	1.89	24.95	6	1.42	1	2.84	27.91	24.95	30.11	400.28	382.85	10.532	12.677	28.08	33.80	200.6	1700	2	100.6	-0.23	-0.3	0.0601	0.0209	0.0558	0.0258	0.7	-0.22	2.74	1.00	0.00	0.16	111115
206	"13:32:53"	5672.5	0	5.55	0.0382	140	0.726	1.89	24.95	6	1.42	1	2.84	27.91	24.95	30.12	400.26	382.84	10.533	12.675	28.07	33.79	200.6	1700	2	100.6	-0.23	-0.3	0.0601	0.0209	0.0558	0.0258	0.7	-0.22	2.74	1.00	0.00	0.16	111115
207	"13:32:54"	5673.5	0	5.51	0.0383	142	0.727	1.89	24.95	6	1.42	1	2.84	27.91	24.95	30.12	400.24	382.92	10.532	12.681	28.07	33.79	200.6	1699	3	100.6	-0.23	-0.3	0.0601	0.0209	0.0558	0.0258	0.7	-0.22	2.74	1.00	0.00	0.16	111115
208	"13:32:54"	5674.0	0	5.53	0.0383	141	0.728	1.89	24.95	6	1.42	1	2.84	27.92	24.95	30.12	400.23	382.85	10.532	12.683	28.06	33.80	200.6	1699	3	100.6	-0.23	-0.3	0.0601	0.0209	0.0558	0.0258	0.7	-0.22	2.74	1.00	0.00	0.16	111115
209	"13:32:55"	5674.5	0	5.56	0.0384	140	0.73	1.9	24.96	6	1.42	1	2.84	27.92	24.96	30.12	400.23	382.76	10.533	12.687	28.06	33.80	200.6	1699	3	100.6	-0.23	-0.3	0.0601	0.0209	0.0558	0.0258	0.7	-0.22	2.74	1.00	0.00	0.16	111115
210	"13:32:55"	5675.0	0	5.55	0.0384	141	0.73	1.9	24.96	6	1.42	1	2.84	27.92	24.96	30.12	400.20	382.76	10.533	12.687	28.06	33.80	200.6	1699	2	100.6	-0.23	-0.3	0.0601	0.0209	0.0558	0.0258	0.7	-0.22	2.74	1.00	0.00	0.16	111115
211	"13:32:56"	5675.5	0	5.53	0.0384	142	0.73	1.9	24.97	6	1.42	1	2.84	27.92	24.97	30.12	400.19	382.82	10.534	12.688	28.06	33.79	200.7	1699	2	100.6	-0.23	-0.3	0.0601	0.0209	0.0558	0.0258	0.7	-0.22	2.74	1.00	0.00	0.16	111115
212	"13:32:57"	5676.0	0	5.54	0.0384	142	0.732	1.9	24.98	6	1.42	1	2.84	27.93	24.98	30.12	400.20	382.81	10.533	12.693	28.05	33.80	200.7	1699	2	100.6	-0.23	-0.3	0.0601	0.0209	0.0558	0.0258	0.7	-0.22	2.74	1.00	0.00	0.16	111115
213	"13:32:57"	5676.5	0	5.51	0.0385	143	0.733	1.9	24.98	6	1.42	1	2.84	27.93	24.98	30.12	400.22	382.89	10.533	12.696	28.05	33.81	200.6	1699	2	100.6	-0.23	-0.3	0.0601	0.0209	0.0558	0.0258	0.7	-0.22	2.74	1.00	0.00	0.16	111115
214	"13:32:58"	5677.0	0	5.48	0.0384	144	0.732	1.9	24.99	6	1.42	1	2.84	27.93	24.99	30.12	400.19	382.97	10.534	12.695	28.05	33.80	200.6	1700	2	100.6	-0.23	-0.3	0.0601	0.0209	0.0558	0.0258	0.7	-0.22	2.74	1.00	0.00	0.16	111115
215	"13:32:58"	5678.0	0	5.42	0.0385	147	0.733	1.9	25.00	6	1.42	1	2.84	27.93	25.00	30.12	400.16	383.11	10.535	12.700	28.04	33.81	200.6	1699	2	100.6	-0.23	-0.3	0.0601	0.0209	0.0558	0.0258	0.7	-0.22	2.74	1.00	0.00	0.16	111115
216	"13:32:59"	5678.5	0	5.38	0.0385	149	0.734	1.9	25.00	6	1.42	1	2.84	27.93	25.00	30.12	400.18	383.25	10.534	12.702	28.04	33.81	200.6	1699	2	100.6	-0.23	-0.3	0.0601	0.0209	0.0558	0.0258	1.0	-0.22	2.74	1.00	0.00	0.16	111115
"13:33:58 Coolers: Tblock -> 35.00 C"
"13:36:38 Flow: Fixed -> 200 umol/s"
217	"13:36:39"	5900.0	0	4.38	0.0358	176	0.876	2.43	27.92	6	1.42	1	2.84	32.27	27.92	35.14	399.14	385.03	10.820	13.405	22.45	27.82	200.7	1699	2	100.6	0.0631	-0.304	0.105	0.00544	0.0192	0.00512	1.0	-0.22	2.74	1.00	0.00	0.16	111115
218	"13:36:39"	5900.0	0	4.38	0.0358	176	0.876	2.43	27.92	6	1.42	1	2.84	32.27	27.92	35.14	399.14	385.03	10.820	13.405	22.45	27.82	200.7	1699	2	100.6	0.0631	-0.304	0.105	0.00544	0.0192	0.00512	1.0	-0.22	2.74	1.00	0.00	0.16	111115
219	"13:36:40"	5900.5	0	4.6	0.037	173	0.904	2.43	27.91	6	1.42	1	2.84	32.27	27.91	35.13	399.42	384.63	10.750	13.418	22.31	27.85	200.6	1699	2	100.6	0.0631	-0.304	0.105	0.00544	0.0192	0.00512	1.0	-0.22	2.74	1.00	0.00	0.16	111115
220	"13:36:40"	5901.0	0	4.66	0.0374	172	0.912	2.42	27.90	6	1.42	1	2.84	32.27	27.90	35.13	399.63	384.65	10.718	13.411	22.25	27.84	200.6	1699	2	100.6	0.0631	-0.304	0.105	0.00544	0.0192	0.00512	1.0	-0.22	2.74	1.00	0.00	0.16	111115
221	"13:36:41"	5901.5	0	4.66	0.0377	173	0.919	2.42	27.90	6	1.42	1	2.84	32.27	27.90	35.13	399.75	384.74	10.698	13.411	22.21	27.84	200.6	1699	2	100.6	0.0631	-0.304	0.105	0.00544	0.0192	0.00512	1.0	-0.22	2.74	1.00	0.00	0.16	111115
222	"13:36:42"	5902.0	0	4.69	0.0379	173	0.924	2.42	27.90	6	1.42	1	2.84	32.27	27.90	35.13	399.85	384.75	10.685	13.411	22.18	27.84	200.6	1699	2	100.6	0.0631	-0.304	0.105	0.00544	0.0192	0.00512	1.0	-0.22	2.74	1.00	0.00	0.16	111115
223	"13:36:42"	5902.5	0	4.72	0.038	173	0.926	2.42	27.90	6	1.42	1	2.84	32.27	27.90	35.12	399.94	384.75	10.675	13.408	22.16	27.83	200.6	1699	2	100.6	0.0631	-0.304	0.105	0.00544	0.0192	0.00512	1.0	-0.22	2.74	1.00	0.00	0.16	111115
224	"13:36:43"	5903.0	0	4.73	0.0381	173	0.929	2.42	27.89	6	1.42	1	2.84	32.27	27.89	35.12	399.98	384.77	10.667	13.408	22.14	27.83	200.6	1699	2	100.6	0.0631	-0.304	0.105	0.00544	0.0192	0.00512	1.0	-0.22	2.74	1.00	0.00	0.16	111115
225	"13:36:43"	5903.5	0	4.81	0.0389	174	0.948	2.42	27.89	6	1.42	1	2.84	32.27	27.89	35.12	400.26	384.77	10.618	13.414	22.04	27.84	200.6	1699	2	100.6	0.0631	-0.304	0.105	0.00544	0.0192	0.00512	1.0	-0.22	2.74	1.00	0.00	0.16	111115
226	"13:36:44"	5904.0	0	4.81	0.0389	174	0.947	2.42	27.88	6	1.42	1	2.84	32.27	27.88	35.11	400.28	384.80	10.617	13.412	22.03	27.83	200.6	1699	2	100.6	0.0631	-0.304	0.105	0.00544	0.0192	0.00512	1.0	-0.22	2.74	1.00	0.00	0.16	111115
227	"13:36:44"	5904.5	0	4.79	0.0388	174	0.945	2.42	27.89	6	1.42	1	2.84	32.27	27.89	35.11	400.31	384.90	10.618	13.407	22.03	27.82	200.6	1699	2	100.6	0.0631	-0.304	0.105	0.00544	0.0192	0.00512	1.0	-0.22	2.74	1.00	0.00	0.16	111115
228	"13:36:45"	5905.0	0	4.8	0.0389	174	0.947	2.42	27.89	6	1.42	1	2.84	32.28	27.89	35.11	400.31	384.88	10.617	13.410	22.03	27.82	200.6	1698	2	100.6	0.0631	-0.304	0.105	0.00544	0.0192	0.00512	1.0	-0.22	2.74	1.00	0.00	0.16	111115
229	"13:36:45"	5905.5	0	4.79	0.0389	174	0.947	2.42	27.89	6	1.42	1	2.84	32.28	27.89	35.11	400.32	384.90	10.615	13.409	22.02	27.82	200.6	1698	2	100.6	0.0631	-0.304	0.105	0.00544	0.0192	0.00512	1.0	-0.22	2.74	1.00	0.00	0.16	111115
230	"13:36:46"	5906.0	0	4.79	0.0388	174	0.946	2.42	27.89	6	1.42	1	2.84	32.28	27.89	35.10	400.30	384.88	10.615	13.407	22.02	27.82	200.6	1699	2	100.6	0.0631	-0.304	0.105	0.00544	0.0192	0.00512	1.0	-0.22	2.74	1.00	0.00	0.16	111115
231	"13:36:46"	5906.5	0	4.75	0.0389	176	0.947	2.42	27.89	6	1.42	1	2.84	32.28	27.89	35.10	400.25	384.95	10.615	13.409	22.02	27.82	200.6	1699	2	100.6	0.0631	-0.304	0.105	0.00544	0.0192	0.00512	1.0	-0.22	2.74	1.00	0.00	0.16	111115
232	"13:36:47"	5907.0	0	4.74	0.0388	176	0.947	2.42	27.90	6	1.42	1	2.84	32.28	27.90	35.10	400.23	384.95	10.615	13.409	22.02	27.82	200.6	1699	2	100.6	0.0631	-0.304	0.105	0.00544	0.0192	0.00512	1.0	-0.22	2.74	1.00	0.00	0.16	111115
233	"13:36:47"	5907.5	0	4.73	0.0387	176	0.945	2.42	27.90	6	1.42	1	2.84	32.28	27.90	35.10	400.19	384.96	10.615	13.402	22.02	27.81	200.6	1699	2	100.6	0.0631	-0.304	0.105	0.00544	0.0192	0.00512	1.0	-0.22	2.74	1.00	0.00	0.16	111115
234	"13:36:48"	5908.0	0	4.72	0.0388	177	0.946	2.42	27.90	6	1.42	1	2.84	32.28	27.90	35.10	400.19	384.99	10.614	13.404	22.02	27.81	200.6	1699	2	100.6	0.0631	-0.304	0.105	0.00544	0.0192	0.00512	1.0	-0.22	2.74	1.00	0.00	0.16	111115
235	"13:36:49"	5909.0	0	4.68	0.0389	179	0.947	2.42	27.89	6	1.42	1	2.84	32.28	27.89	35.10	400.14	385.05	10.612	13.408	22.02	27.82	200.6	1699	2	100.6	0.0631	-0.304	0.105	0.00544	0.0192	0.00512	1.0	-0.22	2.74	1.00	0.00	0.16	111115
236	"13:36:49"	5909.5	0	4.68	0.0389	179	0.948	2.42	27.89	6	1.42	1	2.84	32.28	27.89	35.11	400.13	385.05	10.612	13.409	22.01	27.81	200.6	1699	2	100.6	0.0631	-0.304	0.105	0.00544	0.0192	0.00512	1.0	-0.22	2.74	1.00	0.00	0.16	111115
237	"13:36:50"	5910.5	0	4.7	0.0389	178	0.948	2.42	27.89	6	1.42	1	2.84	32.28	27.89	35.11	400.16	385.02	10.612	13.410	22.01	27.81	200.6	1699	2	100.6	0.0631	-0.304	0.105	0.00544	0.0192	0.00512	1.0	-0.22	2.74	1.00	0.00	0.16	111115
238	"13:36:51"	5911.0	0	4.67	0.0389	180	0.949	2.42	27.90	6	1.42	1	2.84	32.28	27.90	35.11	400.16	385.09	10.611	13.413	22.01	27.81	200.6	1699	2	100.6	0.0631	-0.304	0.105	0.00544	0.0192	0.00512	1.0	-0.22	2.74	1.00	0.00	0.16	111115
239	"13:36:52"	5912.0	0	4.66	0.039	180	0.95	2.42	27.91	6	1.42	1	2.84	32.29	27.91	35.12	400.17	385.12	10.613	13.417	22.00	27.82	200.6	1699	2	100.6	0.0631	-0.304	0.105	0.00544	0.0192	0.00512	1.0	-0.22	2.74	1.00	0.00	0.16	111115
240	"13:36:53"	5912.5	0	4.64	0.0388	181	0.949	2.43	27.93	6	1.42	1	2.84	32.29	27.93	35.12	400.19	385.22	10.615	13.415	22.00	27.81	200.6	1698	2	100.6	0.0631	-0.304	0.105	0.00544	0.0192	0.00512	1.0	-0.22	2.74	1.00	0.00	0.16	111115
241	"13:36:53"	5913.5	0	4.68	0.0388	179	0.948	2.43	27.94	6	1.42	1	2.84	32.29	27.94	35.12	400.23	385.14	10.615	13.413	22.00	27.80	200.6	1699	2	100.6	0.0631	-0.304	0.105	0.00544	0.0192	0.00512	1.0	-0.22	2.74	1.00	0.00	0.16	111115
242	"13:36:54"	5914.0	0	4.68	0.0388	179	0.949	2.43	27.94	6	1.42	1	2.84	32.30	27.94	35.13	400.24	385.16	10.615	13.417	22.00	27.80	200.6	1699	2	100.6	0.0631	-0.304	0.105	0.00544	0.0192	0.00512	1.0	-0.22	2.74	1.00	0.00	0.16	111115
243	"13:36:54"	5915.0	0	4.61	0.0387	182	0.948	2.43	27.95	6	1.42	1	2.84	32.30	27.95	35.13	400.20	385.32	10.615	13.413	21.99	27.79	200.6	1699	2	100.6	0.0631	-0.304	0.105	0.00544	0.0192	0.00512	1.0	-0.22	2.74	1.00	0.00	0.16	111115
"13:37:50 Coolers: Tblock -> 40.00 C"
"13:40:48 Flow: Fixed -> 200 umol/s"
244	"13:40:55"	6156.5	0	4.26	0.0393	196	1.14	2.89	30.16	6	1.42	1	2.84	36.54	30.16	40.13	399.90	385.82	10.659	14.034	17.45	22.97	200.6	1699	1	100.6	-0.0825	-0.31	0.0893	0.009	0.0606	0.0076	1.0	-0.22	2.74	1.00	0.00	0.16	111115
245	"13:40:56"	6157.0	0	4.27	0.0392	196	1.14	2.89	30.16	6	1.42	1	2.84	36.54	30.16	40.13	399.88	385.78	10.658	14.032	17.44	22.96	200.5	1699	1	100.6	-0.0825	-0.31	0.0893	0.009	0.0606	0.0076	1.0	-0.22	2.74	1.00	0.00	0.16	111115
246	"13:40:56"	6157.0	0	4.27	0.0392	196	1.14	2.89	30.16	6	1.42	1	2.84	36.54	30.16	40.13	399.88	385.78	10.658	14.032	17.44	22.96	200.5	1699	1	100.6	-0.0825	-0.31	0.0893	0.009	0.0606	0.0076	1.0	-0.22	2.74	1.00	0.00	0.16	111115
247	"13:40:57"	6157.0	0	4.27	0.0392	196	1.14	2.89	30.16	6	1.42	1	2.84	36.54	30.16	40.13	399.88	385.78	10.658	14.032	17.44	22.96	200.5	1699	1	100.6	-0.0825	-0.31	0.0893	0.009	0.0606	0.0076	1.0	-0.22	2.74	1.00	0.00	0.16	111115
248	"13:40:57"	6157.5	0	4.28	0.0392	195	1.14	2.89	30.18	6	1.42	1	2.84	36.55	30.18	40.13	399.90	385.76	10.658	14.034	17.44	22.96	200.5	1699	1	100.6	-0.0825	-0.31	0.0893	0.009	0.0606	0.0076	1.0	-0.22	2.74	1.00	0.00	0.16	111115
249	"13:40:58"	6158.0	0	4.26	0.0392	196	1.14	2.89	30.18	6	1.42	1	2.84	36.55	30.18	40.14	399.91	385.83	10.659	14.033	17.44	22.96	200.6	1699	1	100.6	-0.0825	-0.31	0.0893	0.009	0.0606	0.0076	1.0	-0.22	2.74	1.00	0.00	0.16	111115
250	"13:40:58"	6158.5	0	4.25	0.0391	196	1.14	2.9	30.21	6	1.42	1	2.84	36.55	30.21	40.14	399.91	385.87	10.658	14.030	17.44	22.95	200.5	1699	1	100.6	-0.0825	-0.31	0.0893	0.009	0.0606	0.0076	1.0	-0.22	2.74	1.00	0.00	0.16	111115
251	"13:40:59"	6159.0	0	4.24	0.0391	196	1.14	2.9	30.22	6	1.42	1	2.84	36.55	30.22	40.14	399.90	385.90	10.658	14.033	17.43	22.95	200.5	1699	1	100.6	-0.0825	-0.31	0.0893	0.009	0.0606	0.0076	1.0	-0.22	2.74	1.00	0.00	0.16	111115
252	"13:40:59"	6159.5	0	4.25	0.039	196	1.15	2.91	30.24	6	1.42	1	2.84	36.55	30.24	40.14	399.91	385.87	10.657	14.035	17.43	22.95	200.6	1699	1	100.6	-0.0825	-0.31	0.0893	0.009	0.0606	0.0076	1.0	-0.22	2.74	1.00	0.00	0.16	111115
253	"13:41:00"	6160.0	0	4.27	0.039	195	1.14	2.91	30.26	6	1.42	1	2.84	36.56	30.26	40.14	399.96	385.87	10.657	14.033	17.43	22.95	200.5	1699	1	100.6	-0.0825	-0.31	0.0893	0.009	0.0606	0.0076	1.0	-0.22	2.74	1.00	0.00	0.16	111115
254	"13:41:00"	6160.5	0	4.31	0.0389	193	1.14	2.91	30.27	6	1.42	1	2.84	36.56	30.27	40.14	399.98	385.78	10.657	14.034	17.42	22.95	200.5	1699	1	100.6	-0.0825	-0.31	0.0893	0.009	0.0606	0.0076	1.0	-0.22	2.74	1.00	0.00	0.16	111115
255	"13:41:01"	6161.0	0	4.31	0.0389	193	1.15	2.92	30.29	6	1.42	1	2.84	36.56	30.29	40.14	400.03	385.81	10.658	14.038	17.42	22.95	200.5	1699	2	100.6	-0.0825	-0.31	0.0893	0.009	0.0606	0.0076	1.0	-0.22	2.74	1.00	0.00	0.16	111115
256	"13:41:01"	6161.5	0	4.29	0.0389	193	1.15	2.92	30.31	6	1.42	1	2.84	36.57	30.31	40.15	400.02	385.85	10.658	14.039	17.42	22.95	200.5	1699	1	100.6	-0.0825	-0.31	0.0893	0.009	0.0606	0.0076	1.0	-0.22	2.74	1.00	0.00	0.16	111115
257	"13:41:02"	6162.0	0	4.31	0.0388	192	1.15	2.93	30.31	6	1.42	1	2.84	36.57	30.31	40.15	400.04	385.83	10.658	14.038	17.42	22.94	200.6	1699	1	100.6	-0.0825	-0.31	0.0893	0.009	0.0606	0.0076	1.0	-0.22	2.74	1.00	0.00	0.16	111115
258	"13:41:02"	6162.5	0	4.33	0.0388	192	1.15	2.92	30.31	6	1.42	1	2.84	36.57	30.31	40.15	400.10	385.82	10.659	14.040	17.42	22.94	200.6	1699	1	100.6	-0.0825	-0.31	0.0893	0.009	0.0606	0.0076	1.0	-0.22	2.74	1.00	0.00	0.16	111115
259	"13:41:04"	6165.5	0	4.32	0.0387	191	1.14	2.93	30.32	6	1.42	1	2.84	36.59	30.32	40.15	400.22	385.97	10.658	14.029	17.40	22.90	200.6	1699	2	100.6	-0.0825	-0.31	0.0893	0.009	0.0606	0.0076	0.7	-0.22	2.74	1.00	0.00	0.16	111115
260	"13:41:05"	6165.5	0	4.32	0.0387	191	1.14	2.93	30.32	6	1.42	1	2.84	36.59	30.32	40.15	400.22	385.97	10.658	14.029	17.40	22.90	200.6	1699	2	100.6	-0.0825	-0.31	0.0893	0.009	0.0606	0.0076	0.7	-0.22	2.74	1.00	0.00	0.16	111115
261	"13:41:05"	6166.0	0	4.31	0.0387	192	1.14	2.93	30.32	6	1.42	1	2.84	36.59	30.32	40.15	400.22	386.02	10.658	14.033	17.40	22.91	200.6	1699	2	100.6	-0.0825	-0.31	0.0893	0.009	0.0606	0.0076	0.7	-0.22	2.74	1.00	0.00	0.16	111115
"13:42:02 Coolers: Tblock -> 45.00 C"
"13:50:46 Flow: Fixed -> 200 umol/s"
262	"13:50:47"	6748.0	0	3.57	0.0363	210	1.34	3.64	33.30	6	1.42	1	2.84	41.25	33.30	45.18	399.32	387.08	10.926	14.880	13.88	18.91	200.5	1700	1	100.6	-0.283	-0.318	0.0519	0.00892	0.0214	0.00554	1.0	-0.22	2.74	1.00	0.00	0.16	111115
263	"13:50:47"	6748.0	0	3.57	0.0363	210	1.34	3.64	33.30	6	1.42	1	2.84	41.25	33.30	45.18	399.32	387.08	10.926	14.880	13.88	18.91	200.5	1700	1	100.6	-0.283	-0.318	0.0519	0.00892	0.0214	0.00554	1.0	-0.22	2.74	1.00	0.00	0.16	111115
264	"13:50:48"	6748.5	0	3.66	0.0371	210	1.37	3.64	33.29	6	1.42	1	2.84	41.25	33.29	45.18	399.55	387.02	10.838	14.877	13.77	18.90	200.5	1700	1	100.6	-0.283	-0.318	0.0519	0.00892	0.0214	0.00554	1.0	-0.22	2.74	1.00	0.00	0.16	111115
265	"13:50:48"	6749.0	0	3.66	0.0377	212	1.39	3.64	33.29	6	1.42	1	2.84	41.25	33.29	45.18	399.60	387.03	10.791	14.885	13.71	18.91	200.4	1700	1	100.6	-0.283	-0.318	0.0519	0.00892	0.0214	0.00554	1.0	-0.22	2.74	1.00	0.00	0.16	111115
266	"13:50:49"	6749.5	0	3.67	0.0379	213	1.4	3.64	33.29	6	1.42	1	2.84	41.25	33.29	45.17	399.70	387.10	10.763	14.882	13.67	18.91	200.4	1700	1	100.6	-0.283	-0.318	0.0519	0.00892	0.0214	0.00554	1.0	-0.22	2.74	1.00	0.00	0.16	111115
267	"13:50:49"	6750.0	0	3.68	0.038	212	1.4	3.64	33.29	6	1.42	1	2.84	41.25	33.29	45.17	399.76	387.10	10.745	14.880	13.65	18.90	200.4	1700	1	100.6	-0.283	-0.318	0.0519	0.00892	0.0214	0.00554	1.0	-0.22	2.74	1.00	0.00	0.16	111115
268	"13:50:50"	6750.5	0	3.68	0.0382	213	1.41	3.64	33.29	6	1.42	1	2.84	41.25	33.29	45.17	399.76	387.12	10.732	14.884	13.63	18.91	200.4	1700	1	100.6	-0.283	-0.318	0.0519	0.00892	0.0214	0.00554	1.0	-0.22	2.74	1.00	0.00	0.16	111115
269	"13:50:50"	6751.0	0	3.68	0.0383	214	1.41	3.63	33.27	6	1.42	1	2.84	41.25	33.27	45.17	399.78	387.12	10.722	14.881	13.62	18.90	200.5	1700	1	100.6	-0.283	-0.318	0.0519	0.00892	0.0214	0.00554	1.0	-0.22	2.74	1.00	0.00	0.16	111115
270	"13:50:51"	6751.5	0	3.71	0.0389	215	1.43	3.63	33.26	6	1.42	1	2.84	41.25	33.26	45.17	399.91	387.15	10.657	14.878	13.54	18.90	200.4	1700	1	100.6	-0.283	-0.318	0.0519	0.00892	0.0214	0.00554	1.0	-0.22	2.74	1.00	0.00	0.16	111115
271	"13:50:52"	6752.0	0	3.73	0.039	214	1.43	3.62	33.24	6	1.42	1	2.84	41.25	33.24	45.16	399.94	387.12	10.654	14.876	13.53	18.89	200.4	1700	1	100.6	-0.283	-0.318	0.0519	0.00892	0.0214	0.00554	1.0	-0.22	2.74	1.00	0.00	0.16	111115
272	"13:50:52"	6752.5	0	3.73	0.0391	215	1.43	3.62	33.22	6	1.42	1	2.84	41.25	33.22	45.16	399.94	387.11	10.653	14.877	13.53	18.89	200.4	1700	1	100.6	-0.283	-0.318	0.0519	0.00892	0.0214	0.00554	1.0	-0.22	2.74	1.00	0.00	0.16	111115
273	"13:50:53"	6753.0	0	3.74	0.0391	214	1.43	3.62	33.21	6	1.42	1	2.84	41.25	33.21	45.16	399.99	387.13	10.653	14.873	13.53	18.89	200.5	1700	1	100.6	-0.283	-0.318	0.0519	0.00892	0.0214	0.00554	1.0	-0.22	2.74	1.00	0.00	0.16	111115
274	"13:50:53"	6753.5	0	3.74	0.039	214	1.43	3.62	33.22	6	1.42	1	2.84	41.26	33.22	45.15	399.99	387.13	10.653	14.872	13.53	18.89	200.5	1700	1	100.6	-0.283	-0.318	0.0519	0.00892	0.0214	0.00554	1.0	-0.22	2.74	1.00	0.00	0.16	111115
275	"13:50:54"	6754.0	0	3.77	0.0391	213	1.43	3.62	33.21	6	1.42	1	2.84	41.26	33.21	45.15	400.01	387.06	10.652	14.874	13.53	18.89	200.5	1700	1	100.6	-0.283	-0.318	0.0519	0.00892	0.0214	0.00554	1.0	-0.22	2.74	1.00	0.00	0.16	111115
276	"13:50:54"	6754.5	0	3.8	0.0391	212	1.43	3.62	33.21	6	1.42	1	2.84	41.26	33.21	45.15	400.06	387.04	10.652	14.870	13.53	18.88	200.5	1700	1	100.6	-0.283	-0.318	0.0519	0.00892	0.0214	0.00554	1.0	-0.22	2.74	1.00	0.00	0.16	111115
277	"13:50:55"	6755.0	0	3.83	0.039	210	1.43	3.62	33.22	6	1.42	1	2.84	41.26	33.22	45.15	400.09	386.96	10.653	14.871	13.53	18.88	200.5	1700	1	100.6	-0.283	-0.318	0.0519	0.00892	0.0214	0.00554	1.0	-0.22	2.74	1.00	0.00	0.16	111115
278	"13:50:55"	6755.5	0	3.85	0.039	209	1.43	3.62	33.24	6	1.42	1	2.84	41.26	33.24	45.15	400.10	386.91	10.652	14.875	13.53	18.89	200.5	1700	1	100.6	-0.283	-0.318	0.0519	0.00892	0.0214	0.00554	1.0	-0.22	2.74	1.00	0.00	0.16	111115
279	"13:50:56"	6756.0	0	3.83	0.039	210	1.43	3.63	33.25	6	1.42	1	2.84	41.26	33.25	45.15	400.06	386.94	10.652	14.875	13.53	18.89	200.5	1700	1	100.6	-0.283	-0.318	0.0519	0.00892	0.0214	0.00554	1.0	-0.22	2.74	1.00	0.00	0.16	111115
280	"13:50:56"	6756.5	0	3.85	0.0389	209	1.43	3.63	33.27	6	1.42	1	2.84	41.26	33.27	45.15	400.10	386.91	10.652	14.873	13.52	18.88	200.5	1700	1	100.6	-0.283	-0.318	0.0519	0.00892	0.0214	0.00554	1.0	-0.22	2.74	1.00	0.00	0.16	111115
281	"13:50:57"	6757.0	0	3.87	0.0389	208	1.43	3.64	33.29	6	1.42	1	2.84	41.26	33.29	45.15	400.12	386.90	10.653	14.875	13.53	18.89	200.6	1700	1	100.6	-0.283	-0.318	0.0519	0.00892	0.0214	0.00554	1.0	-0.22	2.74	1.00	0.00	0.16	111115
282	"13:50:57"	6757.5	0	3.87	0.0389	208	1.43	3.64	33.29	6	1.42	1	2.84	41.26	33.29	45.15	400.12	386.87	10.653	14.877	13.52	18.89	200.6	1700	1	100.7	-0.283	-0.318	0.0519	0.00892	0.0214	0.00554	1.0	-0.22	2.74	1.00	0.00	0.16	111115
283	"13:50:58"	6758.0	0	3.85	0.0389	209	1.43	3.64	33.29	6	1.42	1	2.84	41.26	33.29	45.16	400.12	386.95	10.651	14.876	13.52	18.89	200.5	1700	1	100.7	-0.283	-0.318	0.0519	0.00892	0.0214	0.00554	1.0	-0.22	2.74	1.00	0.00	0.16	111115
284	"13:50:58"	6758.5	0	3.84	0.0388	209	1.43	3.64	33.30	6	1.42	1	2.84	41.26	33.30	45.16	400.12	386.97	10.651	14.872	13.52	18.88	200.5	1700	1	100.7	-0.283	-0.318	0.0519	0.00892	0.0214	0.00554	1.0	-0.22	2.74	1.00	0.00	0.16	111115
285	"13:50:59"	6759.0	0	3.81	0.0388	210	1.43	3.64	33.30	6	1.42	1	2.84	41.26	33.30	45.16	400.12	387.05	10.649	14.871	13.52	18.88	200.5	1700	1	100.7	-0.283	-0.318	0.0519	0.00892	0.0214	0.00554	1.0	-0.22	2.74	1.00	0.00	0.16	111115
286	"13:51:00"	6760.0	0	3.81	0.0389	211	1.43	3.63	33.27	6	1.42	1	2.84	41.27	33.27	45.17	400.17	387.10	10.649	14.872	13.52	18.88	200.5	1700	1	100.7	-0.283	-0.318	0.0519	0.00892	0.0214	0.00554	1.0	-0.22	2.74	1.00	0.00	0.16	111115
"13:51:32 Coolers: Tblock -> 50.00 C"
"13:56:07 Flow: Fixed -> 200 umol/s"
287	"13:56:09"	7069.0	0	3.04	0.0381	238	1.58	4.07	35.00	6	1.42	1	2.84	45.16	35.00	49.91	399.01	388.08	10.984	15.632	11.38	16.19	200.6	1698	1	100.7	-0.535	-0.357	0.0615	0.022	0.0438	0.0219	1.0	-0.22	2.74	1.00	0.00	0.16	111115
288	"13:56:09"	7069.0	0	3.04	0.0381	238	1.58	4.07	35.00	6	1.42	1	2.84	45.16	35.00	49.91	399.01	388.08	10.984	15.632	11.38	16.19	200.6	1698	1	100.7	-0.535	-0.357	0.0615	0.022	0.0438	0.0219	1.0	-0.22	2.74	1.00	0.00	0.16	111115
289	"13:56:10"	7069.5	0	3.21	0.0391	234	1.62	4.07	34.98	6	1.42	1	2.84	45.16	34.98	49.91	399.41	387.93	10.878	15.637	11.27	16.20	200.6	1698	1	100.7	-0.535	-0.357	0.0615	0.022	0.0438	0.0219	1.0	-0.22	2.74	1.00	0.00	0.16	111115
290	"13:56:10"	7070.0	0	3.18	0.0395	237	1.63	4.07	34.98	6	1.42	1	2.84	45.16	34.98	49.91	399.49	388.07	10.822	15.630	11.21	16.19	200.5	1698	1	100.7	-0.535	-0.357	0.0615	0.022	0.0438	0.0219	1.0	-0.22	2.74	1.00	0.00	0.16	111115
291	"13:56:11"	7070.5	0	3.23	0.0397	235	1.64	4.07	35.00	6	1.42	1	2.84	45.16	35.00	49.91	399.56	387.98	10.790	15.628	11.18	16.19	200.5	1698	1	100.7	-0.535	-0.357	0.0615	0.022	0.0438	0.0219	1.0	-0.22	2.74	1.00	0.00	0.16	111115
292	"13:56:11"	7071.0	0	3.25	0.0398	235	1.65	4.08	35.01	6	1.42	1	2.84	45.16	35.01	49.90	399.63	387.98	10.768	15.625	11.15	16.18	200.5	1698	2	100.7	-0.535	-0.357	0.0615	0.022	0.0438	0.0219	1.0	-0.22	2.74	1.00	0.00	0.16	111115
293	"13:56:12"	7071.5	0	3.25	0.0399	235	1.66	4.08	35.03	6	1.42	1	2.84	45.16	35.03	49.90	399.63	387.99	10.752	15.629	11.14	16.19	200.5	1698	1	100.7	-0.535	-0.357	0.0615	0.022	0.0438	0.0219	1.0	-0.22	2.74	1.00	0.00	0.16	111115
294	"13:56:13"	7072.5	0	3.34	0.0406	234	1.69	4.09	35.06	6	1.42	1	2.84	45.16	35.06	49.90	399.88	387.93	10.663	15.633	11.04	16.19	200.5	1699	2	100.7	-0.535	-0.357	0.0615	0.022	0.0438	0.0219	1.0	-0.22	2.74	1.00	0.00	0.16	111115
295	"13:56:13"	7073.0	0	3.36	0.0406	233	1.69	4.1	35.07	6	1.42	1	2.84	45.17	35.07	49.89	399.91	387.88	10.658	15.634	11.03	16.19	200.5	1699	2	100.7	-0.535	-0.357	0.0615	0.022	0.0438	0.0219	1.0	-0.22	2.74	1.00	0.00	0.16	111115
296	"13:56:14"	7073.5	0	3.36	0.0405	233	1.69	4.1	35.08	6	1.42	1	2.84	45.17	35.08	49.89	399.89	387.88	10.657	15.632	11.03	16.18	200.4	1699	2	100.7	-0.535	-0.357	0.0615	0.022	0.0438	0.0219	1.0	-0.22	2.74	1.00	0.00	0.16	111115
297	"13:56:15"	7074.5	0	3.39	0.0406	232	1.69	4.1	35.08	6	1.42	1	2.84	45.18	35.08	49.89	399.96	387.83	10.656	15.639	11.03	16.19	200.5	1699	2	100.7	-0.535	-0.357	0.0615	0.022	0.0438	0.0219	1.0	-0.22	2.74	1.00	0.00	0.16	111115
298	"13:56:16"	7075.0	0	3.41	0.0407	231	1.69	4.1	35.08	6	1.42	1	2.84	45.18	35.08	49.89	399.96	387.80	10.655	15.643	11.02	16.19	200.5	1699	2	100.7	-0.535	-0.357	0.0615	0.022	0.0438	0.0219	1.0	-0.22	2.74	1.00	0.00	0.16	111115
299	"13:56:16"	7076.0	0	3.45	0.0407	230	1.69	4.1	35.07	6	1.42	1	2.84	45.18	35.07	49.89	400.01	387.72	10.655	15.642	11.02	16.18	200.5	1699	2	100.7	-0.535	-0.357	0.0615	0.022	0.0438	0.0219	1.0	-0.22	2.74	1.00	0.00	0.16	111115
300	"13:56:18"	7076.5	0	3.42	0.0407	231	1.69	4.09	35.05	6	1.42	1	2.84	45.19	35.05	49.89	399.97	387.78	10.655	15.642	11.02	16.18	200.5	1699	2	100.7	-0.535	-0.357	0.0615	0.022	0.0438	0.0219	1.0	-0.22	2.74	1.00	0.00	0.16	111115
301	"13:56:18"	7077.5	0	3.41	0.0408	232	1.69	4.09	35.05	6	1.42	1	2.84	45.19	35.05	49.89	399.96	387.80	10.655	15.646	11.02	16.18	200.5	1699	1	100.7	-0.535	-0.357	0.0615	0.022	0.0438	0.0219	1.0	-0.22	2.74	1.00	0.00	0.16	111115
302	"13:56:19"	7078.5	0	3.4	0.0407	232	1.69	4.1	35.07	6	1.42	1	2.84	45.20	35.07	49.89	399.97	387.83	10.656	15.646	11.01	16.17	200.5	1699	1	100.7	-0.535	-0.357	0.0615	0.022	0.0438	0.0219	1.0	-0.22	2.74	1.00	0.00	0.16	111115
303	"13:56:20"	7079.5	0	3.36	0.0407	233	1.7	4.1	35.09	6	1.42	1	2.84	45.21	35.09	49.89	399.93	387.90	10.655	15.650	11.01	16.17	200.5	1699	1	100.7	-0.535	-0.357	0.0615	0.022	0.0438	0.0219	1.0	-0.22	2.74	1.00	0.00	0.16	111115
304	"13:56:21"	7080.0	0	3.38	0.0406	232	1.7	4.11	35.11	6	1.42	1	2.84	45.21	35.11	49.89	399.95	387.86	10.655	15.651	11.01	16.17	200.5	1699	1	100.7	-0.535	-0.357	0.0615	0.022	0.0438	0.0219	1.0	-0.22	2.74	1.00	0.00	0.16	111115
305	"13:56:21"	7081.0	0	3.38	0.0405	232	1.7	4.12	35.16	6	1.42	1	2.84	45.22	35.16	49.89	400.01	387.91	10.655	15.653	11.00	16.17	200.5	1699	2	100.7	-0.535	-0.357	0.0615	0.022	0.0438	0.0219	1.0	-0.22	2.74	1.00	0.00	0.16	111115
306	"13:56:22"	7081.5	0	3.38	0.0404	231	1.7	4.13	35.19	6	1.42	1	2.84	45.22	35.19	49.90	400.00	387.91	10.655	15.652	11.00	16.16	200.5	1699	2	100.7	-0.535	-0.357	0.0615	0.022	0.0438	0.0219	1.0	-0.22	2.74	1.00	0.00	0.16	111115
307	"13:56:24"	7082.5	0	3.37	0.0404	232	1.7	4.14	35.21	6	1.42	1	2.84	45.23	35.21	49.90	399.98	387.93	10.654	15.660	11.00	16.16	200.5	1699	2	100.7	-0.535	-0.357	0.0615	0.022	0.0438	0.0219	1.0	-0.22	2.74	1.00	0.00	0.16	111115
308	"13:56:25"	7083.0	0	3.37	0.0403	231	1.7	4.14	35.22	6	1.42	1	2.84	45.23	35.22	49.90	400.00	387.93	10.656	15.659	11.00	16.16	200.5	1699	2	100.7	-0.535	-0.357	0.0615	0.022	0.0438	0.0219	1.0	-0.22	2.74	1.00	0.00	0.16	111115
309	"13:56:26"	7085.5	0	3.41	0.0406	231	1.7	4.13	35.17	6	1.42	1	2.84	45.25	35.17	49.91	400.17	387.98	10.655	15.664	10.99	16.15	200.5	1700	1	100.7	-0.535	-0.357	0.0615	0.022	0.0438	0.0219	1.0	-0.22	2.74	1.00	0.00	0.16	111115
310	"13:56:26"	7086.0	0	3.4	0.0406	231	1.7	4.12	35.16	6	1.42	1	2.84	45.25	35.16	49.91	400.18	388.02	10.655	15.663	10.98	16.15	200.4	1700	1	100.7	-0.535	-0.357	0.0615	0.022	0.0438	0.0219	1.0	-0.22	2.74	1.00	0.00	0.16	111115
311	"13:56:27"	7086.5	0	3.42	0.0406	230	1.7	4.12	35.16	6	1.42	1	2.84	45.25	35.16	49.91	400.21	387.99	10.655	15.664	10.98	16.14	200.4	1700	1	100.7	-0.535	-0.357	0.0615	0.022	0.0438	0.0219	1.0	-0.22	2.74	1.00	0.00	0.16	111115
312	"13:56:28"	7087.5	0	3.44	0.0406	230	1.7	4.12	35.16	6	1.42	1	2.84	45.26	35.16	49.91	400.23	387.94	10.655	15.668	10.98	16.14	200.4	1700	1	100.7	-0.535	-0.357	0.0615	0.022	0.0438	0.0219	1.0	-0.22	2.74	1.00	0.00	0.16	111115
