"OPEN 6.3.4"
"Sat Jul 21 2018 07:46:54"
<open><version>"6.3.4"</version></open>
<open><configfile>"/User/Configs/UserPrefs/LED2x3.xml"</configfile></open>
<open><light><source>"6400-02 or -02B LED Source"</source><par_in>1<sensor>"SI-2503"<cal>-0.86<actinity>1.00</actinity><transm>1.00</transm></cal></sensor><transm>1</transm></par_in><par_out>1<sensor>"Q40491"<cal>6.5</cal></sensor></par_out></light></open>
<open><comps><file>"/User/Configs/Comps/StdComps_6.1"<header>""</header><extras></extras></file><energybal>no<f_parIn>1</f_parIn><f_parOut>0</f_parOut><alphaK>0.16</alphaK></energybal><bc_total>2.840<stomatal_ratio>1</stomatal_ratio><bc_oneside>1.420<type>2</type><table>"/Sys/Lib/StdBLCTable"</table><area>6</area><slope>-0.219565</slope><offset>2.73739</offset><fan>5</fan></bc_oneside></bc_total></comps></open>
<open><prompts><onlog>off</onlog><items>"Default (none)"</items></prompts></open>
<open><constants><oxygen>21 %</oxygen><bb_vapor>1.5</bb_vapor><bb_oxy>0.9</bb_oxy></constants></open>
<open><stability><items>"Std Stability"<items[1]><id>-2</id><size>15</size><pcv><onoff>0</onoff><value>1</value></pcv><std><onoff>0</onoff><value>1</value></std><slp><onoff>1</onoff><value>1</value></slp></items[1]><items[2]><id>-5</id><size>15</size><pcv><onoff>0</onoff><value>1</value></pcv><std><onoff>0</onoff><value>1</value></std><slp><onoff>1</onoff><value>1</value></slp></items[2]><items[3]><id>-7</id><size>15</size><pcv><onoff>0</onoff><value>1</value></pcv><std><onoff>0</onoff><value>1</value></std><slp><onoff>1</onoff><value>1</value></slp></items[3]></items></stability></open>
<open><log><format>"StdLogFmt_6.0"<items>{ -35 -21 -70 -69 -76 30 23 36 21 25 221 -33 111 -34 11 -9 -10 -8 -1 -2 -4 -5 -14 -15 -7 -12 -13 -11 -65 -66 -72 -18 -19 -77 -78 -79 -23  }<hdr>{  }</hdr></items></format><options><beep>on</beep><match>"never"<time>30</time><co2>100</co2><delta>10</delta></match><hdr>normal</hdr><rem>normal</rem><stab>no</stab><stats>no<mean>no</mean><file>no</file><period>15</period></stats><excel>yes</excel><controls>yes</controls><comm>no</comm></options><datafile>"/User/0000-AAA8891-210718"</datafile><button><action>"Normal Log"<code>" LogOneObsManual "</code></action></button><autoprog>"/User/Configs/AutoProgs/AutoLog2"<active>no</active></autoprog></log></open>
<open><a2d><avgtime>4.0 secs</avgtime><userchans><ch20>"Off"</ch20><ch21>"Off"</ch21><ch22>"Off"</ch22><ch23>"Off"</ch23></userchans></a2d></open>
<open><matching><type>0</type><disp>'a'</disp><settings>><CO2Limit>10.0</CO2Limit><H2OLimit>1.0</H2OLimit><MaxAutoTime>60</MaxAutoTime><AverageTime>10</AverageTime></settings></matching></open>
<li6400><factory><unit>"PSC-2470"</unit><serviced>"5 Feb 2018"</serviced><fuseaware>0</fuseaware><co2mixer>yes</co2mixer><co2><coeffs>{ 0 0.214772 2.55802e-05 1.93228e-08 -3.02262e-12 2.75724e-16  }</coeffs><dvdt>-4</dvdt><xs>{ 9.11e-05 0.00178  }</xs></co2><h2o><coeffs>{ 0 0.00581526 2.16703e-06 7.69607e-12  }</coeffs><dvdt>-2.9</dvdt><xs>{ -0.000111 -0.00256  }</xs></h2o><flow>{ 0 0.3696  }</flow><press>{ 86.913 0.00551  }</press></factory></li6400>
<li6400><user><flow_zero>35.5</flow_zero><irga_zero><co2>113.5 152.5<at>27.1329</at></co2><h2o>-3.5 -3.5<at>28.1091</at></h2o></irga_zero><irga_span><co2>{ 0.990134 0.992694  }</co2><h2o>{ 0.996743 0.99801  }</h2o></irga_span><irga_match><co2>{ 0.110267 5.15457  }</co2><h2o>{ -0.0816591 0.0288572  }</h2o></irga_match><co2_mixer><pump_mv>4500</pump_mv><ppm>{ 2352.67 1117.67 439.284 266.3 121.188 70.6751 48.8233 48.8102  }</ppm><mv>{ 5000 3000 1500 1000 500 300 200 100  }</mv></co2_mixer><parin_offset>-0.211894</parin_offset><led_cal><unit>"SI-2503"</unit><mv>{ 10 25 50 100 1000 2000 3000 4000 5000  }</mv><qntm>{ 1.83047 9.20354 23.3042 57.5395 736.221 1467.2 2160.1 2821.48 3447.04  }</qntm></led_cal><lcf_cal><unit>"LCF-0981"</unit><red><mv>{ 50 100 200 400 800 1500  }</mv><qntm>{ 64.6036 145.758 312.409 661.73 1377.94 2641.23  }</qntm></red><blue><mv>{ 100 500 1000 2000 3000 4000 5000  }</mv><qntm>{ 11.107 44.4539 81.9578 145.168 203.372 256.093 300.56  }</qntm></blue></lcf_cal></user></li6400>
"07:46:56 "
$STARTOFDATA$
"Obs"	"HHMMSS"	"YYYYMMDD"	"DOY"	"EBal?"	"Photo"	"Cond"	"Ci"	"Trmmol"	"VpdL"	"CTleaf"	"Area"	"BLC_1"	"StmRat"	"BLCond"	"Tair"	"Tleaf"	"TBlk"	"CO2R"	"CO2S"	"H2OR"	"H2OS"	"RH_R"	"RH_S"	"Flow"	"PARi"	"PARo"	"Press"	"CsMch"	"HsMch"	"StableF"	"BLCslope"	"BLCoffst"	"f_parin"	"f_parout"	"alphaK"	"Status"
"07:48:11 Flow: Fixed -> 500 umol/s"
"07:59:06 Flow: Fixed -> 400 umol/s"
"08:00:31 Flow: Fixed -> 300 umol/s"
"08:02:47 Flow: Fixed -> 200 umol/s"
"08:41:34 Coolers: Tblock -> 0.00 C"
"08:54:41 Coolers: Tblock -> 0.05 C"
"08:58:48 Flow: Fixed -> 200 umol/s"
1	"08:58:57"	20180721	202	0	7.08	0.0923	248	0.613	0.687	6.34	6	1.42	1	2.84	2.23	6.34	0.12	399.99	378.04	0.888	2.723	12.42	38.09	199.9	1701	3	100.8	5.15	0.0289	1.0	-0.22	2.74	1.00	0.00	0.16	111115
2	"08:58:57"	20180721	202	0	7.08	0.0923	248	0.613	0.687	6.34	6	1.42	1	2.84	2.23	6.34	0.12	399.99	378.04	0.888	2.723	12.42	38.09	199.9	1701	3	100.8	5.15	0.0289	1.0	-0.22	2.74	1.00	0.00	0.16	111115
3	"08:58:58"	20180721	202	0	7.08	0.0922	248	0.613	0.688	6.36	6	1.42	1	2.84	2.23	6.36	0.12	399.98	378.03	0.888	2.724	12.42	38.10	199.9	1701	3	100.8	5.15	0.0289	1.0	-0.22	2.74	1.00	0.00	0.16	111115
4	"08:58:59"	20180721	202	0	7.07	0.0923	249	0.613	0.687	6.35	6	1.42	1	2.84	2.23	6.35	0.12	399.99	378.07	0.889	2.724	12.43	38.10	199.9	1701	3	100.8	5.15	0.0289	1.0	-0.22	2.74	1.00	0.00	0.16	111115
5	"08:58:59"	20180721	202	0	7.08	0.0922	248	0.613	0.687	6.35	6	1.42	1	2.84	2.23	6.35	0.12	400.02	378.08	0.889	2.723	12.43	38.09	199.9	1701	3	100.8	5.15	0.0289	1.0	-0.22	2.74	1.00	0.00	0.16	111115
6	"08:59:00"	20180721	202	0	7.11	0.0923	248	0.613	0.687	6.35	6	1.42	1	2.84	2.23	6.35	0.12	400.07	378.02	0.889	2.725	12.43	38.11	199.8	1701	3	100.8	5.15	0.0289	1.0	-0.22	2.74	1.00	0.00	0.16	111115
7	"08:59:00"	20180721	202	0	7.13	0.0924	248	0.614	0.687	6.35	6	1.42	1	2.84	2.23	6.35	0.12	400.08	377.99	0.888	2.725	12.42	38.12	199.8	1701	3	100.8	5.15	0.0289	1.0	-0.22	2.74	1.00	0.00	0.16	111115
8	"08:59:01"	20180721	202	0	7.12	0.0923	248	0.613	0.687	6.35	6	1.42	1	2.84	2.23	6.35	0.13	400.07	377.99	0.888	2.725	12.42	38.11	199.8	1701	3	100.8	5.15	0.0289	1.0	-0.22	2.74	1.00	0.00	0.16	111115
9	"08:59:01"	20180721	202	0	7.12	0.0919	247	0.613	0.689	6.38	6	1.42	1	2.84	2.23	6.38	0.13	400.09	378.03	0.888	2.722	12.42	38.07	199.8	1701	3	100.8	5.15	0.0289	1.0	-0.22	2.74	1.00	0.00	0.16	111115
10	"08:59:02"	20180721	202	0	7.12	0.0919	247	0.613	0.689	6.38	6	1.42	1	2.84	2.23	6.38	0.13	400.09	378.03	0.888	2.722	12.41	38.07	199.9	1701	3	100.8	5.15	0.0289	1.0	-0.22	2.74	1.00	0.00	0.16	111115
11	"08:59:02"	20180721	202	0	7.13	0.0919	247	0.613	0.689	6.38	6	1.42	1	2.84	2.23	6.38	0.13	400.10	377.99	0.888	2.722	12.41	38.07	199.9	1701	3	100.8	5.15	0.0289	1.0	-0.22	2.74	1.00	0.00	0.16	111115
12	"08:59:03"	20180721	202	0	7.13	0.092	247	0.613	0.689	6.37	6	1.42	1	2.84	2.24	6.37	0.13	400.07	377.98	0.887	2.722	12.41	38.06	199.8	1701	3	100.8	5.15	0.0289	1.0	-0.22	2.74	1.00	0.00	0.16	111115
13	"08:59:04"	20180721	202	0	7.12	0.092	247	0.613	0.688	6.37	6	1.42	1	2.84	2.24	6.37	0.13	400.07	378.00	0.887	2.722	12.40	38.06	199.8	1701	3	100.8	5.15	0.0289	1.0	-0.22	2.74	1.00	0.00	0.16	111115
14	"08:59:04"	20180721	202	0	7.11	0.092	248	0.612	0.688	6.36	6	1.42	1	2.84	2.24	6.36	0.13	400.05	378.03	0.887	2.721	12.40	38.04	199.9	1701	3	100.8	5.15	0.0289	1.0	-0.22	2.74	1.00	0.00	0.16	111115
15	"08:59:05"	20180721	202	0	7.11	0.0922	248	0.613	0.687	6.34	6	1.42	1	2.84	2.24	6.34	0.13	400.07	378.03	0.887	2.721	12.41	38.05	199.9	1701	3	100.8	5.15	0.0289	1.0	-0.22	2.74	1.00	0.00	0.16	111115
16	"08:59:05"	20180721	202	0	7.14	0.0923	247	0.613	0.687	6.34	6	1.42	1	2.84	2.24	6.34	0.13	400.12	377.98	0.887	2.722	12.40	38.06	199.9	1701	3	100.8	5.15	0.0289	1.0	-0.22	2.74	1.00	0.00	0.16	111115
17	"08:59:06"	20180721	202	0	7.14	0.0923	247	0.612	0.686	6.33	6	1.42	1	2.84	2.24	6.33	0.13	400.12	377.99	0.887	2.721	12.41	38.04	199.8	1701	3	100.8	5.15	0.0289	1.0	-0.22	2.74	1.00	0.00	0.16	111115
"08:59:50 Coolers: Tblock -> 5.00 C"
18	"09:03:47"	20180721	202	0	7.81	0.096	238	0.731	0.788	8.79	6	1.42	1	2.84	6.21	8.79	5.09	400.00	375.71	1.267	3.455	13.40	36.55	199.9	1700	2	100.8	5.15	0.0289	1.0	-0.22	2.74	1.00	0.00	0.16	111115
19	"09:03:47"	20180721	202	0	7.81	0.096	238	0.731	0.788	8.79	6	1.42	1	2.84	6.21	8.79	5.09	400.00	375.71	1.267	3.455	13.40	36.55	199.9	1700	2	100.8	5.15	0.0289	1.0	-0.22	2.74	1.00	0.00	0.16	111115
20	"09:03:48"	20180721	202	0	7.83	0.0961	238	0.731	0.787	8.78	6	1.42	1	2.84	6.21	8.78	5.09	400.03	375.70	1.267	3.456	13.41	36.55	199.9	1700	2	100.8	5.15	0.0289	1.0	-0.22	2.74	1.00	0.00	0.16	111115
21	"09:03:48"	20180721	202	0	7.84	0.0961	238	0.731	0.787	8.78	6	1.42	1	2.84	6.22	8.78	5.09	400.03	375.68	1.267	3.455	13.41	36.55	199.8	1700	2	100.8	5.15	0.0289	1.0	-0.22	2.74	1.00	0.00	0.16	111115
22	"09:03:49"	20180721	202	0	7.83	0.0961	238	0.731	0.787	8.78	6	1.42	1	2.84	6.22	8.78	5.09	400.00	375.65	1.267	3.455	13.41	36.54	199.8	1700	2	100.8	5.15	0.0289	1.0	-0.22	2.74	1.00	0.00	0.16	111115
23	"09:03:49"	20180721	202	0	7.81	0.0961	238	0.731	0.787	8.78	6	1.42	1	2.84	6.22	8.78	5.09	399.96	375.69	1.267	3.455	13.41	36.54	199.9	1700	2	100.8	5.15	0.0289	1.0	-0.22	2.74	1.00	0.00	0.16	111115
24	"09:03:50"	20180721	202	0	7.8	0.0961	238	0.731	0.787	8.78	6	1.42	1	2.84	6.22	8.78	5.09	399.96	375.72	1.267	3.455	13.40	36.54	199.9	1700	2	100.8	5.15	0.0289	1.0	-0.22	2.74	1.00	0.00	0.16	111115
25	"09:03:50"	20180721	202	0	7.81	0.096	238	0.731	0.788	8.79	6	1.42	1	2.84	6.22	8.79	5.09	399.97	375.70	1.267	3.455	13.40	36.54	199.9	1700	2	100.8	5.15	0.0289	1.0	-0.22	2.74	1.00	0.00	0.16	111115
26	"09:03:51"	20180721	202	0	7.81	0.0961	238	0.731	0.787	8.78	6	1.42	1	2.84	6.22	8.78	5.09	399.98	375.70	1.267	3.454	13.40	36.53	199.9	1700	2	100.8	5.15	0.0289	1.0	-0.22	2.74	1.00	0.00	0.16	111115
27	"09:03:51"	20180721	202	0	7.8	0.0961	238	0.731	0.786	8.77	6	1.42	1	2.84	6.22	8.77	5.09	399.95	375.71	1.267	3.453	13.40	36.52	199.9	1700	2	100.8	5.15	0.0289	1.0	-0.22	2.74	1.00	0.00	0.16	111115
28	"09:03:52"	20180721	202	0	7.8	0.0963	239	0.731	0.785	8.75	6	1.42	1	2.84	6.22	8.75	5.09	399.96	375.72	1.267	3.453	13.40	36.52	199.9	1700	2	100.8	5.15	0.0289	1.0	-0.22	2.74	1.00	0.00	0.16	111115
29	"09:03:52"	20180721	202	0	7.8	0.0963	239	0.731	0.785	8.75	6	1.42	1	2.84	6.22	8.75	5.09	399.95	375.72	1.267	3.453	13.40	36.52	199.9	1700	2	100.8	5.15	0.0289	1.0	-0.22	2.74	1.00	0.00	0.16	111115
30	"09:03:53"	20180721	202	0	7.81	0.0963	238	0.731	0.785	8.75	6	1.42	1	2.84	6.22	8.75	5.09	399.98	375.72	1.267	3.453	13.39	36.52	199.9	1700	2	100.8	5.15	0.0289	1.0	-0.22	2.74	1.00	0.00	0.16	111115
31	"09:03:53"	20180721	202	0	7.83	0.0963	238	0.731	0.785	8.75	6	1.42	1	2.84	6.22	8.75	5.09	400.03	375.70	1.267	3.453	13.40	36.51	199.9	1700	2	100.8	5.15	0.0289	1.0	-0.22	2.74	1.00	0.00	0.16	111115
32	"09:03:54"	20180721	202	0	7.86	0.0962	237	0.731	0.786	8.76	6	1.42	1	2.84	6.22	8.76	5.09	400.07	375.66	1.267	3.453	13.39	36.51	199.9	1700	2	100.8	5.15	0.0289	1.0	-0.22	2.74	1.00	0.00	0.16	111115
"09:04:14 Coolers: Tblock -> 10.00 C"
33	"09:06:57"	20180721	202	0	8.35	0.0949	225	0.804	0.874	11.14	6	1.42	1	2.84	10.24	11.14	10.09	399.88	373.89	2.119	4.521	17.05	36.38	199.8	1700	3	100.8	5.15	0.0289	1.0	-0.22	2.74	1.00	0.00	0.16	111115
34	"09:06:57"	20180721	202	0	8.35	0.0949	225	0.804	0.874	11.14	6	1.42	1	2.84	10.24	11.14	10.09	399.88	373.89	2.119	4.521	17.05	36.38	199.8	1700	3	100.8	5.15	0.0289	1.0	-0.22	2.74	1.00	0.00	0.16	111115
35	"09:06:58"	20180721	202	0	8.33	0.095	226	0.804	0.874	11.13	6	1.42	1	2.84	10.25	11.13	10.09	399.87	373.96	2.119	4.522	17.04	36.38	199.8	1700	3	100.8	5.15	0.0289	1.0	-0.22	2.74	1.00	0.00	0.16	111115
36	"09:06:58"	20180721	202	0	8.33	0.0951	226	0.804	0.873	11.13	6	1.42	1	2.84	10.25	11.13	10.09	399.88	373.97	2.119	4.522	17.04	36.37	199.8	1700	3	100.8	5.15	0.0289	1.0	-0.22	2.74	1.00	0.00	0.16	111115
37	"09:06:59"	20180721	202	0	8.33	0.0952	226	0.805	0.873	11.13	6	1.42	1	2.84	10.25	11.13	10.09	399.89	373.97	2.119	4.523	17.04	36.38	199.9	1700	3	100.8	5.15	0.0289	1.0	-0.22	2.74	1.00	0.00	0.16	111115
38	"09:06:59"	20180721	202	0	8.33	0.0953	226	0.805	0.872	11.13	6	1.42	1	2.84	10.25	11.13	10.09	399.92	373.99	2.119	4.525	17.04	36.39	199.9	1700	3	100.8	5.15	0.0289	1.0	-0.22	2.74	1.00	0.00	0.16	111115
39	"09:07:00"	20180721	202	0	8.34	0.0953	226	0.805	0.873	11.13	6	1.42	1	2.84	10.25	11.13	10.09	399.94	373.99	2.119	4.526	17.04	36.39	199.8	1700	3	100.8	5.15	0.0289	1.0	-0.22	2.74	1.00	0.00	0.16	111115
40	"09:07:00"	20180721	202	0	8.36	0.0953	225	0.806	0.873	11.14	6	1.42	1	2.84	10.26	11.14	10.09	399.99	373.97	2.119	4.528	17.04	36.40	199.8	1700	3	100.8	5.15	0.0289	1.0	-0.22	2.74	1.00	0.00	0.16	111115
41	"09:07:01"	20180721	202	0	8.37	0.0952	225	0.806	0.875	11.16	6	1.42	1	2.84	10.26	11.16	10.10	400.01	373.98	2.120	4.531	17.04	36.42	199.8	1700	3	100.8	5.15	0.0289	1.0	-0.22	2.74	1.00	0.00	0.16	111115
42	"09:07:01"	20180721	202	0	8.39	0.0952	225	0.807	0.875	11.16	6	1.42	1	2.84	10.26	11.16	10.10	400.02	373.91	2.120	4.531	17.04	36.42	199.9	1699	3	100.8	5.15	0.0289	1.0	-0.22	2.74	1.00	0.00	0.16	111115
43	"09:07:02"	20180721	202	0	8.41	0.0953	224	0.807	0.875	11.17	6	1.42	1	2.84	10.26	11.17	10.10	400.04	373.88	2.120	4.533	17.04	36.42	199.8	1699	3	100.8	5.15	0.0289	1.0	-0.22	2.74	1.00	0.00	0.16	111115
44	"09:07:03"	20180721	202	0	8.41	0.0953	224	0.808	0.875	11.17	6	1.42	1	2.84	10.27	11.17	10.10	400.04	373.87	2.120	4.534	17.04	36.43	199.8	1699	3	100.8	5.15	0.0289	1.0	-0.22	2.74	1.00	0.00	0.16	111115
45	"09:07:03"	20180721	202	0	8.42	0.0953	224	0.808	0.875	11.17	6	1.42	1	2.84	10.27	11.17	10.10	399.99	373.81	2.120	4.534	17.03	36.43	199.8	1700	3	100.8	5.15	0.0289	1.0	-0.22	2.74	1.00	0.00	0.16	111115
46	"09:07:04"	20180721	202	0	8.41	0.0953	225	0.808	0.875	11.17	6	1.42	1	2.84	10.27	11.17	10.10	399.95	373.81	2.120	4.535	17.03	36.43	199.8	1700	3	100.8	5.15	0.0289	1.0	-0.22	2.74	1.00	0.00	0.16	111115
47	"09:07:04"	20180721	202	0	8.4	0.0954	225	0.808	0.875	11.16	6	1.42	1	2.84	10.27	11.16	10.10	399.95	373.83	2.120	4.535	17.03	36.42	199.8	1700	3	100.8	5.15	0.0289	1.0	-0.22	2.74	1.00	0.00	0.16	111115
"09:07:27 Coolers: Tblock -> 15.00 C"
48	"09:12:18"	20180721	202	0	8.16	0.0782	199	0.799	1.05	14.44	6	1.42	1	2.84	14.79	14.44	15.09	400.05	374.65	3.611	5.995	21.56	35.79	199.8	1700	3	100.8	5.15	0.0289	1.0	-0.22	2.74	1.00	0.00	0.16	111115
49	"09:12:18"	20180721	202	0	8.16	0.0782	199	0.799	1.05	14.44	6	1.42	1	2.84	14.79	14.44	15.09	400.05	374.65	3.611	5.995	21.56	35.79	199.8	1700	3	100.8	5.15	0.0289	1.0	-0.22	2.74	1.00	0.00	0.16	111115
50	"09:12:18"	20180721	202	0	8.16	0.0781	199	0.798	1.05	14.44	6	1.42	1	2.84	14.79	14.44	15.09	400.05	374.64	3.611	5.995	21.56	35.78	199.8	1700	3	100.8	5.15	0.0289	0.7	-0.22	2.74	1.00	0.00	0.16	111115
51	"09:12:19"	20180721	202	0	8.16	0.0781	199	0.799	1.05	14.44	6	1.42	1	2.84	14.80	14.44	15.09	400.06	374.66	3.611	5.996	21.55	35.78	199.8	1700	3	100.8	5.15	0.0289	0.7	-0.22	2.74	1.00	0.00	0.16	111115
52	"09:12:20"	20180721	202	0	8.18	0.0781	198	0.798	1.05	14.45	6	1.42	1	2.84	14.80	14.45	15.09	400.08	374.63	3.612	5.994	21.56	35.78	199.8	1700	3	100.8	5.15	0.0289	0.7	-0.22	2.74	1.00	0.00	0.16	111115
53	"09:12:20"	20180721	202	0	8.19	0.0781	198	0.798	1.05	14.45	6	1.42	1	2.84	14.80	14.45	15.09	400.09	374.61	3.612	5.995	21.56	35.78	199.8	1700	3	100.8	5.15	0.0289	0.7	-0.22	2.74	1.00	0.00	0.16	111115
54	"09:12:21"	20180721	202	0	8.2	0.0781	198	0.798	1.05	14.45	6	1.42	1	2.84	14.80	14.45	15.09	400.11	374.58	3.612	5.995	21.55	35.78	199.8	1700	3	100.8	5.15	0.0289	1.0	-0.22	2.74	1.00	0.00	0.16	111115
55	"09:12:21"	20180721	202	0	8.18	0.078	198	0.798	1.05	14.45	6	1.42	1	2.84	14.80	14.45	15.09	400.05	374.59	3.612	5.993	21.55	35.76	199.8	1700	3	100.8	5.15	0.0289	1.0	-0.22	2.74	1.00	0.00	0.16	111115
56	"09:12:22"	20180721	202	0	8.18	0.078	198	0.797	1.05	14.45	6	1.42	1	2.84	14.80	14.45	15.08	400.05	374.57	3.612	5.992	21.55	35.76	199.8	1700	3	100.8	5.15	0.0289	1.0	-0.22	2.74	1.00	0.00	0.16	111115
57	"09:12:22"	20180721	202	0	8.18	0.0778	198	0.796	1.05	14.45	6	1.42	1	2.84	14.80	14.45	15.08	400.06	374.60	3.614	5.991	21.56	35.74	199.8	1700	3	100.8	5.15	0.0289	1.0	-0.22	2.74	1.00	0.00	0.16	111115
58	"09:12:23"	20180721	202	0	8.18	0.0777	198	0.796	1.05	14.45	6	1.42	1	2.84	14.80	14.45	15.08	400.04	374.58	3.614	5.989	21.56	35.74	199.8	1700	2	100.8	5.15	0.0289	1.0	-0.22	2.74	1.00	0.00	0.16	111115
59	"09:12:23"	20180721	202	0	8.17	0.0777	198	0.795	1.05	14.45	6	1.42	1	2.84	14.80	14.45	15.08	400.04	374.62	3.614	5.989	21.56	35.73	199.8	1700	3	100.8	5.15	0.0289	1.0	-0.22	2.74	1.00	0.00	0.16	111115
60	"09:12:24"	20180721	202	0	8.14	0.0778	198	0.796	1.05	14.45	6	1.42	1	2.84	14.80	14.45	15.08	400.03	374.68	3.614	5.990	21.56	35.73	199.8	1700	3	100.8	5.15	0.0289	1.0	-0.22	2.74	1.00	0.00	0.16	111115
61	"09:12:24"	20180721	202	0	8.14	0.0777	199	0.796	1.05	14.45	6	1.42	1	2.84	14.80	14.45	15.08	400.02	374.70	3.613	5.988	21.55	35.72	199.8	1700	2	100.8	5.15	0.0289	1.0	-0.22	2.74	1.00	0.00	0.16	111115
62	"09:12:25"	20180721	202	0	8.14	0.0777	198	0.795	1.05	14.45	6	1.42	1	2.84	14.80	14.45	15.08	400.07	374.72	3.613	5.987	21.55	35.71	199.8	1700	2	100.8	5.15	0.0289	1.0	-0.22	2.74	1.00	0.00	0.16	111115
63	"09:12:25"	20180721	202	0	8.15	0.0776	198	0.795	1.05	14.46	6	1.42	1	2.84	14.81	14.46	15.08	400.08	374.71	3.613	5.987	21.55	35.71	199.8	1700	3	100.8	5.15	0.0289	1.0	-0.22	2.74	1.00	0.00	0.16	111115
64	"09:12:26"	20180721	202	0	8.14	0.0777	198	0.795	1.05	14.46	6	1.42	1	2.84	14.81	14.46	15.08	400.09	374.75	3.613	5.987	21.55	35.71	199.8	1700	3	100.8	5.15	0.0289	1.0	-0.22	2.74	1.00	0.00	0.16	111115
65	"09:12:27"	20180721	202	0	8.14	0.0777	198	0.796	1.05	14.45	6	1.42	1	2.84	14.81	14.45	15.08	400.09	374.74	3.612	5.987	21.54	35.71	199.8	1700	2	100.8	5.15	0.0289	1.0	-0.22	2.74	1.00	0.00	0.16	111115
66	"09:12:27"	20180721	202	0	8.14	0.0777	198	0.796	1.05	14.46	6	1.42	1	2.84	14.81	14.46	15.08	400.09	374.76	3.612	5.986	21.54	35.70	199.8	1700	2	100.8	5.15	0.0289	1.0	-0.22	2.74	1.00	0.00	0.16	111115
67	"09:12:28"	20180721	202	0	8.15	0.0776	198	0.795	1.05	14.46	6	1.42	1	2.84	14.81	14.46	15.08	400.09	374.73	3.612	5.985	21.54	35.69	199.8	1700	2	100.8	5.15	0.0289	1.0	-0.22	2.74	1.00	0.00	0.16	111115
68	"09:12:28"	20180721	202	0	8.15	0.0775	198	0.795	1.05	14.46	6	1.42	1	2.84	14.81	14.46	15.08	400.10	374.75	3.613	5.986	21.54	35.69	199.8	1700	2	100.8	5.15	0.0289	1.0	-0.22	2.74	1.00	0.00	0.16	111115
"09:12:46 Coolers: Tblock -> 20.00 C"
69	"09:24:22"	20180721	202	0	3.94	0.0251	130	0.339	1.35	18.03	6	1.42	1	2.84	19.44	18.03	20.07	400.08	387.87	6.152	7.162	27.37	31.86	199.8	1700	3	100.8	5.15	0.0289	1.0	-0.22	2.74	1.00	0.00	0.16	111115
70	"09:24:23"	20180721	202	0	3.94	0.0251	130	0.339	1.35	18.02	6	1.42	1	2.84	19.44	18.02	20.07	400.11	387.89	6.152	7.163	27.37	31.86	199.8	1700	3	100.8	5.15	0.0289	1.0	-0.22	2.74	1.00	0.00	0.16	111115
71	"09:24:23"	20180721	202	0	3.94	0.0251	130	0.339	1.35	18.02	6	1.42	1	2.84	19.44	18.02	20.07	400.11	387.89	6.152	7.163	27.37	31.86	199.8	1700	3	100.8	5.15	0.0289	1.0	-0.22	2.74	1.00	0.00	0.16	111115
72	"09:24:24"	20180721	202	0	3.95	0.0252	129	0.339	1.35	18.02	6	1.42	1	2.84	19.44	18.02	20.07	400.14	387.88	6.152	7.163	27.37	31.87	199.8	1700	3	100.8	5.15	0.0289	1.0	-0.22	2.74	1.00	0.00	0.16	111115
73	"09:24:24"	20180721	202	0	3.95	0.0251	129	0.339	1.35	18.02	6	1.42	1	2.84	19.44	18.02	20.07	400.14	387.89	6.152	7.161	27.37	31.86	199.8	1700	3	100.8	5.15	0.0289	1.0	-0.22	2.74	1.00	0.00	0.16	111115
74	"09:24:25"	20180721	202	0	3.96	0.0252	128	0.339	1.35	18.02	6	1.42	1	2.84	19.44	18.02	20.07	400.18	387.88	6.152	7.163	27.37	31.87	199.8	1700	3	100.8	5.15	0.0289	1.0	-0.22	2.74	1.00	0.00	0.16	111115
75	"09:24:25"	20180721	202	0	3.97	0.0252	128	0.339	1.35	18.02	6	1.42	1	2.84	19.44	18.02	20.07	400.20	387.88	6.152	7.163	27.37	31.87	199.8	1700	3	100.8	5.15	0.0289	1.0	-0.22	2.74	1.00	0.00	0.16	111115
76	"09:24:26"	20180721	202	0	3.98	0.0252	127	0.339	1.35	18.02	6	1.42	1	2.84	19.44	18.02	20.07	400.22	387.86	6.152	7.164	27.37	31.87	199.8	1700	3	100.8	5.15	0.0289	1.0	-0.22	2.74	1.00	0.00	0.16	111115
77	"09:24:27"	20180721	202	0	3.99	0.0251	127	0.339	1.35	18.02	6	1.42	1	2.84	19.44	18.02	20.07	400.23	387.86	6.153	7.163	27.37	31.87	199.8	1700	3	100.8	5.15	0.0289	1.0	-0.22	2.74	1.00	0.00	0.16	111115
78	"09:24:27"	20180721	202	0	3.98	0.0251	127	0.339	1.35	18.02	6	1.42	1	2.84	19.44	18.02	20.07	400.20	387.85	6.153	7.162	27.37	31.86	199.8	1700	3	100.8	5.15	0.0289	1.0	-0.22	2.74	1.00	0.00	0.16	111115
79	"09:24:28"	20180721	202	0	3.97	0.0251	127	0.339	1.35	18.03	6	1.42	1	2.84	19.44	18.03	20.07	400.18	387.86	6.153	7.163	27.37	31.86	199.9	1700	3	100.8	5.15	0.0289	1.0	-0.22	2.74	1.00	0.00	0.16	111115
80	"09:24:28"	20180721	202	0	3.96	0.0251	128	0.339	1.35	18.03	6	1.42	1	2.84	19.44	18.03	20.07	400.15	387.85	6.153	7.164	27.37	31.87	199.8	1700	3	100.8	5.15	0.0289	1.0	-0.22	2.74	1.00	0.00	0.16	111115
81	"09:24:29"	20180721	202	0	3.93	0.0251	130	0.339	1.35	18.03	6	1.42	1	2.84	19.44	18.03	20.06	400.09	387.89	6.154	7.165	27.38	31.87	199.8	1700	3	100.8	5.15	0.0289	1.0	-0.22	2.74	1.00	0.00	0.16	111115
82	"09:24:30"	20180721	202	0	3.92	0.0252	131	0.34	1.35	18.04	6	1.42	1	2.84	19.44	18.04	20.07	400.04	387.89	6.153	7.165	27.37	31.88	199.8	1700	3	100.8	5.15	0.0289	1.0	-0.22	2.74	1.00	0.00	0.16	111115
83	"09:24:30"	20180721	202	0	3.88	0.0251	133	0.339	1.35	18.04	6	1.42	1	2.84	19.44	18.04	20.07	399.97	387.92	6.152	7.164	27.37	31.87	199.8	1700	3	100.8	5.15	0.0289	1.0	-0.22	2.74	1.00	0.00	0.16	111115
84	"09:24:31"	20180721	202	0	3.86	0.0252	135	0.34	1.35	18.04	6	1.42	1	2.84	19.44	18.04	20.07	399.95	387.95	6.152	7.166	27.37	31.88	199.8	1700	3	100.8	5.15	0.0289	1.0	-0.22	2.74	1.00	0.00	0.16	111115
85	"09:24:32"	20180721	202	0	3.85	0.0252	136	0.34	1.35	18.04	6	1.42	1	2.84	19.44	18.04	20.07	399.92	387.96	6.152	7.166	27.37	31.88	199.8	1700	3	100.8	5.15	0.0289	1.0	-0.22	2.74	1.00	0.00	0.16	111115
86	"09:24:32"	20180721	202	0	3.85	0.0251	136	0.34	1.35	18.04	6	1.42	1	2.84	19.44	18.04	20.06	399.92	387.98	6.153	7.165	27.37	31.87	199.8	1700	3	100.8	5.15	0.0289	1.0	-0.22	2.74	1.00	0.00	0.16	111115
87	"09:24:33"	20180721	202	0	3.86	0.0252	135	0.34	1.35	18.04	6	1.42	1	2.84	19.44	18.04	20.06	399.94	387.96	6.152	7.166	27.37	31.88	199.8	1700	3	100.8	5.15	0.0289	1.0	-0.22	2.74	1.00	0.00	0.16	111115
88	"09:24:33"	20180721	202	0	3.85	0.0252	136	0.34	1.35	18.04	6	1.42	1	2.84	19.44	18.04	20.06	399.91	387.95	6.152	7.167	27.37	31.88	199.8	1700	3	100.8	5.15	0.0289	1.0	-0.22	2.74	1.00	0.00	0.16	111115
89	"09:24:34"	20180721	202	0	3.84	0.0253	137	0.341	1.35	18.04	6	1.42	1	2.84	19.44	18.04	20.06	399.90	387.96	6.153	7.169	27.37	31.89	199.8	1700	3	100.8	5.15	0.0289	1.0	-0.22	2.74	1.00	0.00	0.16	111115
90	"09:24:34"	20180721	202	0	3.82	0.0253	139	0.341	1.35	18.04	6	1.42	1	2.84	19.44	18.04	20.06	399.88	388.00	6.152	7.170	27.37	31.90	199.8	1700	3	100.8	5.15	0.0289	1.0	-0.22	2.74	1.00	0.00	0.16	111115
91	"09:24:35"	20180721	202	0	3.83	0.0253	138	0.341	1.35	18.04	6	1.42	1	2.84	19.44	18.04	20.06	399.87	387.97	6.151	7.168	27.37	31.89	199.8	1700	3	100.8	5.15	0.0289	1.0	-0.22	2.74	1.00	0.00	0.16	111115
92	"09:24:36"	20180721	202	0	3.83	0.0253	139	0.342	1.35	18.04	6	1.42	1	2.84	19.44	18.04	20.06	399.84	387.95	6.151	7.170	27.37	31.90	199.8	1700	3	100.8	5.15	0.0289	1.0	-0.22	2.74	1.00	0.00	0.16	111115
93	"09:24:36"	20180721	202	0	3.81	0.0253	139	0.342	1.35	18.04	6	1.42	1	2.84	19.44	18.04	20.06	399.78	387.94	6.151	7.169	27.37	31.90	199.8	1700	3	100.8	5.15	0.0289	1.0	-0.22	2.74	1.00	0.00	0.16	111115
94	"09:24:37"	20180721	202	0	3.8	0.0252	139	0.341	1.35	18.04	6	1.42	1	2.84	19.43	18.04	20.06	399.77	387.95	6.152	7.168	27.37	31.89	199.8	1700	3	100.8	5.15	0.0289	1.0	-0.22	2.74	1.00	0.00	0.16	111115
95	"09:24:37"	20180721	202	0	3.8	0.0253	140	0.341	1.35	18.04	6	1.42	1	2.84	19.43	18.04	20.06	399.76	387.95	6.152	7.168	27.37	31.89	199.8	1700	3	100.8	5.15	0.0289	1.0	-0.22	2.74	1.00	0.00	0.16	111115
96	"09:24:38"	20180721	202	0	3.82	0.0253	139	0.341	1.35	18.03	6	1.42	1	2.84	19.43	18.03	20.06	399.78	387.92	6.152	7.169	27.37	31.90	199.8	1700	3	100.8	5.15	0.0289	1.0	-0.22	2.74	1.00	0.00	0.16	111115
97	"09:24:38"	20180721	202	0	3.81	0.0253	139	0.341	1.35	18.02	6	1.42	1	2.84	19.43	18.02	20.06	399.73	387.90	6.153	7.169	27.38	31.90	199.8	1700	3	100.8	5.15	0.0289	1.0	-0.22	2.74	1.00	0.00	0.16	111115
98	"09:24:39"	20180721	202	0	3.81	0.0253	139	0.341	1.35	18.02	6	1.42	1	2.84	19.43	18.02	20.06	399.72	387.88	6.153	7.169	27.38	31.90	199.8	1700	3	100.8	5.15	0.0289	1.0	-0.22	2.74	1.00	0.00	0.16	111115
99	"09:24:40"	20180721	202	0	3.82	0.0253	139	0.341	1.35	18.03	6	1.42	1	2.84	19.43	18.03	20.06	399.76	387.90	6.153	7.169	27.38	31.90	199.8	1700	3	100.8	5.15	0.0289	1.0	-0.22	2.74	1.00	0.00	0.16	111115
100	"09:24:40"	20180721	202	0	3.82	0.0253	139	0.341	1.35	18.03	6	1.42	1	2.84	19.43	18.03	20.06	399.79	387.91	6.153	7.171	27.38	31.91	199.8	1700	3	100.8	5.15	0.0289	1.0	-0.22	2.74	1.00	0.00	0.16	111115
101	"09:24:41"	20180721	202	0	3.81	0.0254	140	0.342	1.35	18.03	6	1.42	1	2.84	19.43	18.03	20.06	399.71	387.88	6.152	7.172	27.37	31.91	199.8	1700	3	100.8	5.15	0.0289	1.0	-0.22	2.74	1.00	0.00	0.16	111115
102	"09:24:42"	20180721	202	0	3.79	0.0254	142	0.343	1.35	18.03	6	1.42	1	2.84	19.43	18.03	20.06	399.66	387.88	6.151	7.174	27.37	31.92	199.8	1700	3	100.8	5.15	0.0289	1.0	-0.22	2.74	1.00	0.00	0.16	111115
103	"09:24:42"	20180721	202	0	3.79	0.0254	142	0.343	1.35	18.03	6	1.42	1	2.84	19.43	18.03	20.07	399.68	387.89	6.151	7.173	27.37	31.92	199.8	1700	3	100.8	5.15	0.0289	1.0	-0.22	2.74	1.00	0.00	0.16	111115
104	"09:24:43"	20180721	202	0	3.8	0.0255	141	0.343	1.35	18.04	6	1.42	1	2.84	19.43	18.04	20.07	399.70	387.88	6.151	7.175	27.37	31.92	199.8	1700	3	100.8	5.15	0.0289	1.0	-0.22	2.74	1.00	0.00	0.16	111115
105	"09:24:43"	20180721	202	0	3.79	0.0254	142	0.343	1.35	18.04	6	1.42	1	2.84	19.43	18.04	20.07	399.67	387.88	6.152	7.175	27.37	31.93	199.8	1700	3	100.8	5.15	0.0289	1.0	-0.22	2.74	1.00	0.00	0.16	111115
"09:25:21 Coolers: Tblock -> 25.00 C"
106	"09:27:51"	20180721	202	0	3.82	0.0216	96.6	0.314	1.46	19.73	6	1.42	1	2.84	23.20	19.73	25.07	399.83	387.98	7.504	8.439	26.50	29.81	199.8	1699	4	100.8	5.15	0.0289	1.0	-0.22	2.74	1.00	0.00	0.16	111115
107	"09:27:51"	20180721	202	0	3.82	0.0216	96.6	0.314	1.46	19.73	6	1.42	1	2.84	23.20	19.73	25.07	399.83	387.98	7.504	8.439	26.50	29.81	199.8	1699	4	100.8	5.15	0.0289	1.0	-0.22	2.74	1.00	0.00	0.16	111115
108	"09:27:52"	20180721	202	0	3.83	0.0216	96.7	0.315	1.46	19.73	6	1.42	1	2.84	23.20	19.73	25.07	399.87	387.99	7.504	8.441	26.50	29.81	199.8	1699	4	100.8	5.15	0.0289	1.0	-0.22	2.74	1.00	0.00	0.16	111115
109	"09:27:52"	20180721	202	0	3.85	0.0217	96.7	0.316	1.46	19.73	6	1.42	1	2.84	23.21	19.73	25.07	399.89	387.97	7.505	8.445	26.50	29.82	199.8	1699	4	100.8	5.15	0.0289	1.0	-0.22	2.74	1.00	0.00	0.16	111115
110	"09:27:53"	20180721	202	0	3.84	0.0218	98	0.317	1.46	19.73	6	1.42	1	2.84	23.21	19.73	25.07	399.90	388.00	7.505	8.449	26.49	29.82	199.8	1699	4	100.8	5.15	0.0289	1.0	-0.22	2.74	1.00	0.00	0.16	111115
111	"09:27:53"	20180721	202	0	3.85	0.0219	98.4	0.318	1.46	19.74	6	1.42	1	2.84	23.21	19.74	25.07	399.92	387.98	7.505	8.453	26.49	29.83	199.8	1699	4	100.8	5.15	0.0289	1.0	-0.22	2.74	1.00	0.00	0.16	111115
112	"09:27:54"	20180721	202	0	3.85	0.0219	99.2	0.319	1.46	19.74	6	1.42	1	2.84	23.22	19.74	25.07	399.91	387.97	7.505	8.456	26.48	29.84	199.8	1699	4	100.8	5.15	0.0289	1.0	-0.22	2.74	1.00	0.00	0.16	111115
113	"09:27:54"	20180721	202	0	3.84	0.022	101	0.32	1.46	19.74	6	1.42	1	2.84	23.22	19.74	25.07	399.90	387.98	7.506	8.460	26.48	29.85	199.8	1699	4	100.8	5.15	0.0289	1.0	-0.22	2.74	1.00	0.00	0.16	111115
114	"09:27:55"	20180721	202	0	3.85	0.0221	102	0.322	1.45	19.73	6	1.42	1	2.84	23.22	19.73	25.07	399.91	387.97	7.506	8.465	26.48	29.86	199.8	1699	5	100.8	5.15	0.0289	1.0	-0.22	2.74	1.00	0.00	0.16	111115
115	"09:27:55"	20180721	202	0	3.88	0.0222	100	0.322	1.45	19.73	6	1.42	1	2.84	23.23	19.73	25.07	399.95	387.93	7.508	8.467	26.48	29.86	199.8	1699	5	100.8	5.15	0.0289	1.0	-0.22	2.74	1.00	0.00	0.16	111115
116	"09:27:56"	20180721	202	0	3.89	0.0223	101	0.324	1.45	19.73	6	1.42	1	2.84	23.23	19.73	25.06	399.98	387.93	7.508	8.472	26.47	29.87	199.8	1699	5	100.8	5.15	0.0289	1.0	-0.22	2.74	1.00	0.00	0.16	111115
117	"09:27:57"	20180721	202	0	3.89	0.0224	102	0.325	1.45	19.74	6	1.42	1	2.84	23.23	19.74	25.06	400.00	387.93	7.508	8.476	26.47	29.88	199.8	1699	5	100.8	5.15	0.0289	1.0	-0.22	2.74	1.00	0.00	0.16	111115
118	"09:27:57"	20180721	202	0	3.92	0.0224	100	0.326	1.45	19.74	6	1.42	1	2.84	23.23	19.74	25.06	400.03	387.88	7.509	8.479	26.47	29.89	199.8	1699	5	100.8	5.15	0.0289	1.0	-0.22	2.74	1.00	0.00	0.16	111115
119	"09:27:58"	20180721	202	0	3.95	0.0225	99.4	0.328	1.45	19.75	6	1.42	1	2.84	23.24	19.75	25.05	400.09	387.84	7.509	8.485	26.46	29.90	199.8	1699	5	100.8	5.15	0.0289	1.0	-0.22	2.74	1.00	0.00	0.16	111115
120	"09:27:58"	20180721	202	0	3.98	0.0226	98.9	0.329	1.46	19.75	6	1.42	1	2.84	23.24	19.75	25.05	400.13	387.81	7.509	8.489	26.46	29.91	199.8	1699	5	100.8	5.15	0.0289	1.0	-0.22	2.74	1.00	0.00	0.16	111115
121	"09:27:59"	20180721	202	0	3.97	0.0226	99.1	0.329	1.46	19.76	6	1.42	1	2.84	23.24	19.76	25.04	400.14	387.82	7.510	8.491	26.46	29.91	199.8	1699	5	100.8	5.15	0.0289	1.0	-0.22	2.74	1.00	0.00	0.16	111115
122	"09:27:59"	20180721	202	0	3.95	0.0227	102	0.33	1.46	19.77	6	1.42	1	2.84	23.25	19.77	25.04	400.09	387.85	7.510	8.493	26.45	29.92	199.8	1699	5	100.8	5.15	0.0289	1.0	-0.22	2.74	1.00	0.00	0.16	111115
123	"09:28:00"	20180721	202	0	3.95	0.0227	102	0.331	1.46	19.77	6	1.42	1	2.84	23.25	19.77	25.04	400.08	387.82	7.511	8.496	26.45	29.92	199.8	1699	5	100.8	5.15	0.0289	1.0	-0.22	2.74	1.00	0.00	0.16	111115
124	"09:28:01"	20180721	202	0	3.95	0.0228	103	0.332	1.46	19.77	6	1.42	1	2.84	23.25	19.77	25.03	400.06	387.80	7.511	8.500	26.45	29.93	199.8	1699	5	100.8	5.15	0.0289	1.0	-0.22	2.74	1.00	0.00	0.16	111115
125	"09:28:01"	20180721	202	0	3.95	0.0229	105	0.334	1.46	19.79	6	1.42	1	2.84	23.25	19.79	25.02	400.08	387.84	7.512	8.507	26.45	29.95	199.8	1699	5	100.8	5.15	0.0289	1.0	-0.22	2.74	1.00	0.00	0.16	111115
"09:28:43 Coolers: Tblock -> 30.00 C"
126	"09:32:30"	20180721	202	0	4.16	0.0293	150	0.53	1.81	22.45	6	1.42	1	2.84	27.57	22.45	30.07	399.89	386.77	7.557	9.133	20.59	24.88	199.8	1699	4	100.8	5.15	0.0289	1.0	-0.22	2.74	1.00	0.00	0.16	111115
127	"09:32:31"	20180721	202	0	4.16	0.0293	150	0.53	1.81	22.45	6	1.42	1	2.84	27.57	22.45	30.07	399.89	386.77	7.557	9.133	20.59	24.88	199.8	1699	4	100.8	5.15	0.0289	1.0	-0.22	2.74	1.00	0.00	0.16	111115
128	"09:32:31"	20180721	202	0	4.17	0.0293	149	0.529	1.81	22.45	6	1.42	1	2.84	27.57	22.45	30.07	399.93	386.78	7.558	9.133	20.59	24.88	199.8	1699	4	100.8	5.15	0.0289	1.0	-0.22	2.74	1.00	0.00	0.16	111115
129	"09:32:32"	20180721	202	0	4.18	0.0293	148	0.529	1.81	22.45	6	1.42	1	2.84	27.57	22.45	30.07	399.91	386.74	7.557	9.131	20.58	24.87	199.8	1699	5	100.8	5.15	0.0289	1.0	-0.22	2.74	1.00	0.00	0.16	111115
130	"09:32:32"	20180721	202	0	4.18	0.0292	148	0.529	1.81	22.46	6	1.42	1	2.84	27.58	22.46	30.07	399.89	386.74	7.558	9.131	20.58	24.86	199.8	1699	5	100.8	5.15	0.0289	1.0	-0.22	2.74	1.00	0.00	0.16	111115
131	"09:32:33"	20180721	202	0	4.19	0.0293	148	0.529	1.81	22.46	6	1.42	1	2.84	27.58	22.46	30.07	399.90	386.69	7.557	9.132	20.58	24.86	199.8	1699	5	100.8	5.15	0.0289	1.0	-0.22	2.74	1.00	0.00	0.16	111115
132	"09:32:33"	20180721	202	0	4.18	0.0292	148	0.529	1.81	22.47	6	1.42	1	2.84	27.58	22.47	30.06	399.92	386.77	7.558	9.131	20.57	24.86	199.8	1699	5	100.8	5.15	0.0289	1.0	-0.22	2.74	1.00	0.00	0.16	111115
133	"09:32:34"	20180721	202	0	4.2	0.0292	147	0.53	1.81	22.50	6	1.42	1	2.84	27.59	22.50	30.06	400.00	386.78	7.557	9.132	20.57	24.85	199.8	1699	5	100.8	5.15	0.0289	1.0	-0.22	2.74	1.00	0.00	0.16	111115
134	"09:32:35"	20180721	202	0	4.21	0.0292	146	0.529	1.82	22.50	6	1.42	1	2.84	27.59	22.50	30.06	400.04	386.76	7.557	9.133	20.56	24.85	199.8	1699	5	100.8	5.15	0.0289	1.0	-0.22	2.74	1.00	0.00	0.16	111115
135	"09:32:35"	20180721	202	0	4.21	0.0292	146	0.529	1.82	22.50	6	1.42	1	2.84	27.59	22.50	30.06	400.04	386.77	7.556	9.132	20.56	24.84	199.8	1699	5	100.8	5.15	0.0289	1.0	-0.22	2.74	1.00	0.00	0.16	111115
136	"09:32:36"	20180721	202	0	4.21	0.0292	146	0.53	1.82	22.51	6	1.42	1	2.84	27.60	22.51	30.06	400.05	386.79	7.556	9.135	20.55	24.85	199.8	1699	5	100.8	5.15	0.0289	1.0	-0.22	2.74	1.00	0.00	0.16	111115
137	"09:32:36"	20180721	202	0	4.21	0.0292	147	0.531	1.82	22.51	6	1.42	1	2.84	27.60	22.51	30.07	400.07	386.82	7.557	9.136	20.55	24.85	199.8	1699	5	100.8	5.15	0.0289	1.0	-0.22	2.74	1.00	0.00	0.16	111115
138	"09:32:37"	20180721	202	0	4.21	0.0292	146	0.53	1.82	22.51	6	1.42	1	2.84	27.60	22.51	30.07	400.09	386.83	7.557	9.136	20.55	24.84	199.8	1699	5	100.8	5.15	0.0289	1.0	-0.22	2.74	1.00	0.00	0.16	111115
139	"09:32:37"	20180721	202	0	4.23	0.0292	145	0.531	1.82	22.52	6	1.42	1	2.84	27.60	22.52	30.07	400.09	386.77	7.557	9.137	20.55	24.84	199.8	1699	5	100.8	5.15	0.0289	1.0	-0.22	2.74	1.00	0.00	0.16	111115
140	"09:32:38"	20180721	202	0	4.22	0.0293	146	0.532	1.82	22.52	6	1.42	1	2.84	27.61	22.52	30.07	400.05	386.77	7.557	9.140	20.54	24.85	199.8	1699	5	100.8	5.15	0.0289	1.0	-0.22	2.74	1.00	0.00	0.16	111115
141	"09:32:38"	20180721	202	0	4.21	0.0292	146	0.531	1.82	22.53	6	1.42	1	2.84	27.61	22.53	30.07	400.01	386.74	7.558	9.139	20.54	24.84	199.8	1699	5	100.8	5.15	0.0289	1.0	-0.22	2.74	1.00	0.00	0.16	111115
142	"09:32:39"	20180721	202	0	4.21	0.0292	147	0.532	1.82	22.53	6	1.42	1	2.84	27.61	22.53	30.07	399.99	386.74	7.557	9.140	20.54	24.84	199.8	1699	5	100.8	5.15	0.0289	1.0	-0.22	2.74	1.00	0.00	0.16	111115
143	"09:32:40"	20180721	202	0	4.2	0.0291	146	0.531	1.82	22.55	6	1.42	1	2.84	27.62	22.55	30.06	400.00	386.77	7.558	9.138	20.54	24.83	199.8	1699	6	100.8	5.15	0.0289	1.0	-0.22	2.74	1.00	0.00	0.16	111115
"09:32:52 Coolers: Tblock -> 35.00 C"
144	"09:34:32"	20180721	202	0	4.18	0.0304	156	0.648	2.13	24.49	6	1.42	1	2.84	31.55	24.49	35.11	399.99	386.70	7.579	9.505	16.41	20.58	199.8	1700	5	100.8	5.15	0.0289	1.0	-0.22	2.74	1.00	0.00	0.16	111115
145	"09:34:32"	20180721	202	0	4.18	0.0304	156	0.648	2.13	24.49	6	1.42	1	2.84	31.55	24.49	35.11	399.99	386.70	7.579	9.505	16.41	20.58	199.8	1700	5	100.8	5.15	0.0289	1.0	-0.22	2.74	1.00	0.00	0.16	111115
146	"09:34:33"	20180721	202	0	4.18	0.0304	155	0.648	2.13	24.49	6	1.42	1	2.84	31.56	24.49	35.11	400.01	386.70	7.580	9.507	16.41	20.58	199.8	1700	5	100.8	5.15	0.0289	1.0	-0.22	2.74	1.00	0.00	0.16	111115
147	"09:34:33"	20180721	202	0	4.15	0.0304	157	0.648	2.13	24.49	6	1.42	1	2.84	31.57	24.49	35.11	399.96	386.75	7.581	9.508	16.40	20.57	199.8	1700	5	100.8	5.15	0.0289	1.0	-0.22	2.74	1.00	0.00	0.16	111115
148	"09:34:34"	20180721	202	0	4.13	0.0304	158	0.648	2.13	24.50	6	1.42	1	2.84	31.57	24.50	35.11	399.91	386.76	7.581	9.509	16.40	20.57	199.8	1700	5	100.8	5.15	0.0289	1.0	-0.22	2.74	1.00	0.00	0.16	111115
149	"09:34:35"	20180721	202	0	4.13	0.0304	158	0.648	2.13	24.50	6	1.42	1	2.84	31.58	24.50	35.11	399.92	386.76	7.581	9.510	16.39	20.56	199.8	1700	5	100.8	5.15	0.0289	1.0	-0.22	2.74	1.00	0.00	0.16	111115
150	"09:34:35"	20180721	202	0	4.14	0.0304	157	0.648	2.13	24.50	6	1.42	1	2.84	31.59	24.50	35.11	399.93	386.73	7.581	9.509	16.39	20.55	199.8	1700	4	100.8	5.15	0.0289	1.0	-0.22	2.74	1.00	0.00	0.16	111115
151	"09:34:36"	20180721	202	0	4.15	0.0304	157	0.648	2.13	24.52	6	1.42	1	2.84	31.59	24.52	35.11	399.94	386.72	7.581	9.510	16.38	20.55	199.8	1700	4	100.8	5.15	0.0289	1.0	-0.22	2.74	1.00	0.00	0.16	111115
152	"09:34:36"	20180721	202	0	4.15	0.0304	157	0.649	2.13	24.52	6	1.42	1	2.84	31.60	24.52	35.12	399.94	386.72	7.581	9.511	16.37	20.54	199.8	1700	4	100.8	5.15	0.0289	1.0	-0.22	2.74	1.00	0.00	0.16	111115
153	"09:34:37"	20180721	202	0	4.18	0.0304	155	0.649	2.13	24.53	6	1.42	1	2.84	31.61	24.53	35.12	399.98	386.69	7.581	9.511	16.36	20.53	199.8	1700	4	100.8	5.15	0.0289	1.0	-0.22	2.74	1.00	0.00	0.16	111115
154	"09:34:37"	20180721	202	0	4.22	0.0303	153	0.649	2.14	24.55	6	1.42	1	2.84	31.62	24.55	35.12	400.05	386.63	7.581	9.512	16.36	20.52	199.8	1700	4	100.8	5.15	0.0289	1.0	-0.22	2.74	1.00	0.00	0.16	111115
155	"09:34:38"	20180721	202	0	4.24	0.0303	152	0.649	2.14	24.55	6	1.42	1	2.84	31.62	24.55	35.12	400.10	386.61	7.581	9.512	16.35	20.52	199.8	1700	4	100.8	5.15	0.0289	1.0	-0.22	2.74	1.00	0.00	0.16	111115
156	"09:34:39"	20180721	202	0	4.26	0.0303	151	0.65	2.14	24.56	6	1.42	1	2.84	31.63	24.56	35.12	400.11	386.57	7.581	9.514	16.35	20.51	199.8	1700	4	100.8	5.15	0.0289	1.0	-0.22	2.74	1.00	0.00	0.16	111115
157	"09:34:39"	20180721	202	0	4.27	0.0303	150	0.65	2.14	24.58	6	1.42	1	2.84	31.63	24.58	35.12	400.13	386.57	7.582	9.516	16.34	20.51	199.8	1700	4	100.8	5.15	0.0289	1.0	-0.22	2.74	1.00	0.00	0.16	111115
158	"09:34:40"	20180721	202	0	4.26	0.0303	150	0.65	2.14	24.58	6	1.42	1	2.84	31.64	24.58	35.12	400.12	386.57	7.583	9.516	16.34	20.51	199.8	1700	4	100.8	5.15	0.0289	1.0	-0.22	2.74	1.00	0.00	0.16	111115
159	"09:34:40"	20180721	202	0	4.25	0.0303	150	0.65	2.14	24.59	6	1.42	1	2.84	31.65	24.59	35.12	400.07	386.56	7.583	9.516	16.34	20.50	199.8	1700	4	100.8	5.15	0.0289	1.0	-0.22	2.74	1.00	0.00	0.16	111115
160	"09:34:41"	20180721	202	0	4.22	0.0303	152	0.651	2.15	24.60	6	1.42	1	2.84	31.65	24.60	35.12	400.02	386.59	7.583	9.519	16.33	20.50	199.8	1700	4	100.8	5.15	0.0289	1.0	-0.22	2.74	1.00	0.00	0.16	111115
161	"09:34:42"	20180721	202	0	4.21	0.0302	153	0.651	2.15	24.61	6	1.42	1	2.84	31.66	24.61	35.12	400.00	386.62	7.583	9.519	16.32	20.48	199.8	1700	4	100.8	5.15	0.0289	1.0	-0.22	2.74	1.00	0.00	0.16	111115
162	"09:34:42"	20180721	202	0	4.21	0.0302	153	0.651	2.15	24.63	6	1.42	1	2.84	31.67	24.63	35.12	400.01	386.62	7.584	9.520	16.32	20.48	199.8	1700	4	100.8	5.15	0.0289	1.0	-0.22	2.74	1.00	0.00	0.16	111115
"09:34:59 Coolers: Tblock -> 40.00 C"
163	"09:37:25"	20180721	202	0	4.02	0.0288	150	0.755	2.61	27.15	6	1.42	1	2.84	35.96	27.15	40.11	400.17	387.20	7.634	9.880	12.92	16.72	199.8	1700	5	100.8	5.15	0.0289	1.0	-0.22	2.74	1.00	0.00	0.16	111115
164	"09:37:26"	20180721	202	0	4.02	0.0288	150	0.755	2.61	27.15	6	1.42	1	2.84	35.96	27.15	40.11	400.17	387.20	7.634	9.880	12.92	16.72	199.8	1700	5	100.8	5.15	0.0289	1.0	-0.22	2.74	1.00	0.00	0.16	111115
165	"09:37:26"	20180721	202	0	4.02	0.0287	150	0.755	2.62	27.16	6	1.42	1	2.84	35.97	27.16	40.11	400.17	387.22	7.635	9.880	12.92	16.72	199.8	1700	5	100.8	5.15	0.0289	1.0	-0.22	2.74	1.00	0.00	0.16	111115
166	"09:37:27"	20180721	202	0	4.02	0.0287	150	0.755	2.62	27.17	6	1.42	1	2.84	35.98	27.17	40.11	400.16	387.22	7.635	9.879	12.91	16.71	199.8	1700	5	100.8	5.15	0.0289	1.0	-0.22	2.74	1.00	0.00	0.16	111115
167	"09:37:27"	20180721	202	0	4.01	0.0287	150	0.755	2.62	27.18	6	1.42	1	2.84	35.98	27.18	40.11	400.15	387.23	7.635	9.882	12.91	16.71	199.8	1700	5	100.8	5.15	0.0289	1.0	-0.22	2.74	1.00	0.00	0.16	111115
168	"09:37:28"	20180721	202	0	4.01	0.0287	151	0.756	2.62	27.17	6	1.42	1	2.84	35.99	27.17	40.11	400.13	387.21	7.635	9.883	12.90	16.70	199.8	1700	5	100.8	5.15	0.0289	1.0	-0.22	2.74	1.00	0.00	0.16	111115
169	"09:37:29"	20180721	202	0	4.01	0.0287	151	0.757	2.62	27.18	6	1.42	1	2.84	36.00	27.18	40.11	400.12	387.21	7.635	9.884	12.90	16.70	199.8	1699	5	100.8	5.15	0.0289	1.0	-0.22	2.74	1.00	0.00	0.16	111115
170	"09:37:29"	20180721	202	0	4.01	0.0287	151	0.756	2.62	27.19	6	1.42	1	2.84	36.01	27.19	40.11	400.11	387.21	7.636	9.884	12.89	16.69	199.8	1699	5	100.8	5.15	0.0289	1.0	-0.22	2.74	1.00	0.00	0.16	111115
171	"09:37:30"	20180721	202	0	4	0.0287	151	0.757	2.62	27.19	6	1.42	1	2.84	36.01	27.19	40.11	400.10	387.20	7.636	9.885	12.89	16.69	199.8	1699	5	100.8	5.15	0.0289	1.0	-0.22	2.74	1.00	0.00	0.16	111115
172	"09:37:30"	20180721	202	0	4	0.0287	150	0.756	2.62	27.20	6	1.42	1	2.84	36.02	27.20	40.11	400.09	387.19	7.636	9.885	12.88	16.68	199.8	1699	4	100.8	5.15	0.0289	1.0	-0.22	2.74	1.00	0.00	0.16	111115
173	"09:37:31"	20180721	202	0	4	0.0287	151	0.757	2.63	27.21	6	1.42	1	2.84	36.03	27.21	40.11	400.11	387.22	7.636	9.888	12.88	16.67	199.8	1699	5	100.8	5.15	0.0289	1.0	-0.22	2.74	1.00	0.00	0.16	111115
174	"09:37:31"	20180721	202	0	4	0.0287	151	0.757	2.63	27.21	6	1.42	1	2.84	36.04	27.21	40.11	400.12	387.24	7.637	9.889	12.87	16.67	199.8	1699	5	100.8	5.15	0.0289	1.0	-0.22	2.74	1.00	0.00	0.16	111115
175	"09:37:32"	20180721	202	0	4.01	0.0287	150	0.757	2.63	27.22	6	1.42	1	2.84	36.04	27.22	40.11	400.14	387.23	7.638	9.888	12.87	16.66	199.8	1699	5	100.8	5.15	0.0289	1.0	-0.22	2.74	1.00	0.00	0.16	111115
176	"09:37:32"	20180721	202	0	4.01	0.0286	150	0.757	2.63	27.23	6	1.42	1	2.84	36.05	27.23	40.11	400.17	387.24	7.638	9.890	12.87	16.66	199.8	1699	5	100.8	5.15	0.0289	1.0	-0.22	2.74	1.00	0.00	0.16	111115
177	"09:37:33"	20180721	202	0	4.02	0.0286	149	0.757	2.63	27.24	6	1.42	1	2.84	36.06	27.24	40.11	400.17	387.23	7.639	9.891	12.86	16.66	199.8	1699	5	100.8	5.15	0.0289	1.0	-0.22	2.74	1.00	0.00	0.16	111115
178	"09:37:34"	20180721	202	0	4.02	0.0286	149	0.757	2.64	27.26	6	1.42	1	2.84	36.06	27.26	40.11	400.18	387.23	7.639	9.891	12.86	16.65	199.8	1699	5	100.8	5.15	0.0289	1.0	-0.22	2.74	1.00	0.00	0.16	111115
179	"09:37:34"	20180721	202	0	4.01	0.0286	149	0.758	2.64	27.27	6	1.42	1	2.84	36.07	27.27	40.11	400.18	387.25	7.639	9.892	12.86	16.65	199.8	1699	5	100.8	5.15	0.0289	1.0	-0.22	2.74	1.00	0.00	0.16	111115
180	"09:37:35"	20180721	202	0	4.04	0.0286	148	0.758	2.64	27.26	6	1.42	1	2.84	36.07	27.26	40.11	400.23	387.22	7.640	9.892	12.85	16.64	199.8	1699	5	100.8	5.15	0.0289	1.0	-0.22	2.74	1.00	0.00	0.16	111115
181	"09:37:35"	20180721	202	0	4.05	0.0286	147	0.758	2.64	27.26	6	1.42	1	2.84	36.08	27.26	40.11	400.24	387.21	7.640	9.892	12.85	16.64	199.8	1699	4	100.8	5.15	0.0289	1.0	-0.22	2.74	1.00	0.00	0.16	111115
182	"09:37:36"	20180721	202	0	4.07	0.0285	145	0.758	2.64	27.29	6	1.42	1	2.84	36.09	27.29	40.11	400.31	387.19	7.640	9.892	12.84	16.63	199.8	1699	5	100.8	5.15	0.0289	1.0	-0.22	2.74	1.00	0.00	0.16	111115
183	"09:37:36"	20180721	202	0	4.09	0.0285	144	0.758	2.65	27.30	6	1.42	1	2.84	36.10	27.30	40.11	400.31	387.16	7.639	9.892	12.83	16.62	199.8	1699	5	100.8	5.15	0.0289	1.0	-0.22	2.74	1.00	0.00	0.16	111115
"09:37:46 Coolers: Tblock -> 45.00 C"
"09:37:54 Lamp: ParIn ->  1700 uml"
"09:37:54 CO2 Mixer: CO2R -> 400 uml"
"09:37:54 Coolers: Tblock -> 45.00 C"
"09:37:54 Flow: Fixed -> 200 umol/s"
"09:38:02 Lamp: ParIn ->  1700 uml"
"09:38:02 CO2 Mixer: CO2R -> 400 uml"
"09:38:02 Coolers: Tblock -> 45.00 C"
"09:38:02 Flow: Fixed -> 200 umol/s"
184	"09:41:23"	20180721	202	0	3.37	0.0233	142	0.8	3.39	30.62	6	1.42	1	2.84	40.92	30.62	45.07	400.02	388.97	7.753	10.131	10.04	13.12	199.8	1700	3	100.8	5.15	0.0289	1.0	-0.22	2.74	1.00	0.00	0.16	111115
185	"09:41:23"	20180721	202	0	3.37	0.0233	142	0.8	3.39	30.62	6	1.42	1	2.84	40.92	30.62	45.07	400.02	388.97	7.753	10.131	10.04	13.12	199.8	1700	3	100.8	5.15	0.0289	1.0	-0.22	2.74	1.00	0.00	0.16	111115
186	"09:41:23"	20180721	202	0	3.36	0.0234	142	0.8	3.39	30.61	6	1.42	1	2.84	40.92	30.61	45.06	399.96	388.94	7.752	10.131	10.04	13.12	199.8	1700	3	100.8	5.15	0.0289	1.0	-0.22	2.74	1.00	0.00	0.16	111115
187	"09:41:24"	20180721	202	0	3.35	0.0234	143	0.8	3.38	30.59	6	1.42	1	2.84	40.93	30.59	45.06	399.93	388.93	7.753	10.131	10.03	13.11	199.8	1700	3	100.8	5.15	0.0289	0.7	-0.22	2.74	1.00	0.00	0.16	111115
188	"09:41:24"	20180721	202	0	3.35	0.0234	144	0.8	3.38	30.58	6	1.42	1	2.84	40.93	30.58	45.06	399.90	388.92	7.753	10.131	10.03	13.11	199.8	1700	3	100.8	5.15	0.0289	0.7	-0.22	2.74	1.00	0.00	0.16	111115
189	"09:41:24"	20180721	202	0	3.35	0.0234	144	0.8	3.38	30.58	6	1.42	1	2.84	40.93	30.58	45.06	399.90	388.92	7.753	10.131	10.03	13.11	199.8	1700	3	100.8	5.15	0.0289	0.7	-0.22	2.74	1.00	0.00	0.16	111115
190	"09:41:25"	20180721	202	0	3.35	0.0234	144	0.8	3.38	30.57	6	1.42	1	2.84	40.93	30.57	45.06	399.91	388.92	7.753	10.130	10.03	13.11	199.8	1700	3	100.8	5.15	0.0289	0.7	-0.22	2.74	1.00	0.00	0.16	111115
191	"09:41:25"	20180721	202	0	3.37	0.0234	143	0.8	3.37	30.54	6	1.42	1	2.84	40.94	30.54	45.06	399.95	388.90	7.753	10.131	10.03	13.11	199.8	1700	3	100.8	5.15	0.0289	0.7	-0.22	2.74	1.00	0.00	0.16	111115
192	"09:41:26"	20180721	202	0	3.35	0.0235	144	0.8	3.37	30.53	6	1.42	1	2.84	40.94	30.53	45.06	399.92	388.92	7.753	10.132	10.03	13.11	199.8	1700	3	100.8	5.15	0.0289	0.7	-0.22	2.74	1.00	0.00	0.16	111115
193	"09:41:26"	20180721	202	0	3.35	0.0235	144	0.8	3.37	30.53	6	1.42	1	2.84	40.94	30.53	45.06	399.89	388.91	7.753	10.131	10.03	13.10	199.8	1700	3	100.8	5.15	0.0289	0.7	-0.22	2.74	1.00	0.00	0.16	111115
194	"09:41:26"	20180721	202	0	3.35	0.0235	144	0.8	3.37	30.53	6	1.42	1	2.84	40.94	30.53	45.06	399.89	388.91	7.753	10.131	10.03	13.10	199.8	1700	3	100.8	5.15	0.0289	0.7	-0.22	2.74	1.00	0.00	0.16	111115
195	"09:41:27"	20180721	202	0	3.37	0.0235	143	0.799	3.37	30.53	6	1.42	1	2.84	40.94	30.53	45.07	399.93	388.89	7.753	10.130	10.03	13.10	199.8	1700	3	100.8	5.15	0.0289	0.7	-0.22	2.74	1.00	0.00	0.16	111115
196	"09:41:27"	20180721	202	0	3.37	0.0235	143	0.799	3.37	30.52	6	1.42	1	2.84	40.95	30.52	45.07	399.96	388.91	7.754	10.129	10.03	13.10	199.8	1700	3	100.8	5.15	0.0289	1.0	-0.22	2.74	1.00	0.00	0.16	111115
197	"09:41:28"	20180721	202	0	3.39	0.0234	141	0.799	3.37	30.53	6	1.42	1	2.84	40.95	30.53	45.07	399.99	388.88	7.754	10.128	10.03	13.10	199.8	1700	3	100.8	5.15	0.0289	1.0	-0.22	2.74	1.00	0.00	0.16	111115
198	"09:41:28"	20180721	202	0	3.39	0.0234	141	0.799	3.37	30.53	6	1.42	1	2.84	40.95	30.53	45.07	399.99	388.88	7.754	10.128	10.03	13.10	199.8	1700	3	100.8	5.15	0.0289	1.0	-0.22	2.74	1.00	0.00	0.16	111115
199	"09:41:28"	20180721	202	0	3.39	0.0234	141	0.799	3.37	30.54	6	1.42	1	2.84	40.95	30.54	45.07	400.01	388.90	7.754	10.128	10.02	13.09	199.7	1700	3	100.8	5.15	0.0289	1.0	-0.22	2.74	1.00	0.00	0.16	111115
200	"09:41:29"	20180721	202	0	3.37	0.0234	142	0.798	3.37	30.54	6	1.42	1	2.84	40.95	30.54	45.07	399.95	388.90	7.753	10.127	10.02	13.09	199.7	1700	3	100.8	5.15	0.0289	1.0	-0.22	2.74	1.00	0.00	0.16	111115
201	"09:41:29"	20180721	202	0	3.35	0.0234	143	0.799	3.38	30.57	6	1.42	1	2.84	40.96	30.57	45.07	399.91	388.91	7.754	10.129	10.02	13.09	199.8	1700	3	100.8	5.15	0.0289	1.0	-0.22	2.74	1.00	0.00	0.16	111115
202	"09:41:30"	20180721	202	0	3.36	0.0233	142	0.799	3.38	30.59	6	1.42	1	2.84	40.96	30.59	45.08	399.92	388.89	7.754	10.129	10.02	13.09	199.8	1700	3	100.8	5.15	0.0289	1.0	-0.22	2.74	1.00	0.00	0.16	111115
203	"09:41:30"	20180721	202	0	3.36	0.0233	142	0.799	3.38	30.59	6	1.42	1	2.84	40.96	30.59	45.08	399.92	388.89	7.754	10.129	10.02	13.09	199.8	1700	3	100.8	5.15	0.0289	1.0	-0.22	2.74	1.00	0.00	0.16	111115
"09:41:56 Coolers: Tblock -> 50.00 C"
"09:49:39 Coolers: Tblock -> 49.75 C"
204	"09:49:50"	20180721	202	0	3.22	0.0212	127	0.892	4.14	33.52	6	1.42	1	2.84	45.57	33.52	49.76	399.99	389.28	7.897	10.549	8.02	10.72	199.7	1699	2	100.8	5.15	0.0289	1.0	-0.22	2.74	1.00	0.00	0.16	111115
205	"09:49:50"	20180721	202	0	3.22	0.0212	127	0.892	4.14	33.52	6	1.42	1	2.84	45.57	33.52	49.76	399.99	389.28	7.897	10.549	8.02	10.72	199.7	1699	2	100.8	5.15	0.0289	1.0	-0.22	2.74	1.00	0.00	0.16	111115
206	"09:49:51"	20180721	202	0	3.22	0.0212	127	0.892	4.14	33.52	6	1.42	1	2.84	45.57	33.52	49.76	399.99	389.28	7.897	10.549	8.02	10.72	199.7	1699	2	100.8	5.15	0.0289	1.0	-0.22	2.74	1.00	0.00	0.16	111115
207	"09:49:51"	20180721	202	0	3.2	0.0212	129	0.892	4.14	33.52	6	1.42	1	2.84	45.57	33.52	49.76	399.96	389.31	7.898	10.550	8.02	10.72	199.7	1699	2	100.8	5.15	0.0289	1.0	-0.22	2.74	1.00	0.00	0.16	111115
208	"09:49:51"	20180721	202	0	3.19	0.0212	129	0.892	4.14	33.52	6	1.42	1	2.84	45.57	33.52	49.76	399.94	389.30	7.899	10.550	8.02	10.72	199.7	1699	2	100.8	5.15	0.0289	1.0	-0.22	2.74	1.00	0.00	0.16	111115
209	"09:49:52"	20180721	202	0	3.18	0.0212	130	0.892	4.14	33.52	6	1.42	1	2.84	45.58	33.52	49.76	399.94	389.34	7.899	10.550	8.02	10.71	199.7	1699	2	100.8	5.15	0.0289	1.0	-0.22	2.74	1.00	0.00	0.16	111115
210	"09:49:52"	20180721	202	0	3.18	0.0212	130	0.892	4.14	33.52	6	1.42	1	2.84	45.58	33.52	49.76	399.94	389.34	7.899	10.550	8.02	10.71	199.7	1699	2	100.8	5.15	0.0289	1.0	-0.22	2.74	1.00	0.00	0.16	111115
211	"09:49:53"	20180721	202	0	3.18	0.021	128	0.892	4.18	33.65	6	1.42	1	2.84	45.58	33.65	49.76	399.96	389.35	7.899	10.551	8.02	10.71	199.7	1699	2	100.8	5.15	0.0289	1.0	-0.22	2.74	1.00	0.00	0.16	111115
212	"09:49:53"	20180721	202	0	3.19	0.0207	123	0.892	4.24	33.88	6	1.42	1	2.84	45.58	33.88	49.76	399.97	389.35	7.900	10.552	8.02	10.71	199.7	1699	2	100.8	5.15	0.0289	1.0	-0.22	2.74	1.00	0.00	0.16	111115
213	"09:49:53"	20180721	202	0	3.18	0.0203	119	0.893	4.32	34.15	6	1.42	1	2.84	45.58	34.15	49.76	399.94	389.35	7.900	10.554	8.02	10.72	199.7	1699	2	100.8	5.15	0.0289	1.0	-0.22	2.74	1.00	0.00	0.16	111115
214	"09:49:54"	20180721	202	0	3.18	0.0203	119	0.893	4.32	34.15	6	1.42	1	2.84	45.58	34.15	49.76	399.94	389.35	7.900	10.554	8.02	10.72	199.7	1699	2	100.8	5.15	0.0289	1.0	-0.22	2.74	1.00	0.00	0.16	111115
215	"09:49:54"	20180721	202	0	3.16	0.0199	116	0.893	4.41	34.43	6	1.42	1	2.84	45.59	34.43	49.76	399.89	389.37	7.900	10.554	8.02	10.71	199.7	1699	2	100.8	5.15	0.0289	1.0	-0.22	2.74	1.00	0.00	0.16	111115
216	"09:49:54"	20180721	202	0	3.16	0.0195	110	0.893	4.5	34.71	6	1.42	1	2.84	45.59	34.71	49.76	399.90	389.37	7.901	10.555	8.02	10.71	199.7	1699	2	100.8	5.15	0.0289	1.0	-0.22	2.74	1.00	0.00	0.16	111115
217	"09:49:55"	20180721	202	0	3.17	0.0191	104	0.893	4.59	35.01	6	1.42	1	2.84	45.59	35.01	49.76	399.93	389.36	7.900	10.556	8.02	10.71	199.7	1699	2	100.8	5.15	0.0289	1.0	-0.22	2.74	1.00	0.00	0.16	111115
218	"09:49:55"	20180721	202	0	3.17	0.0191	104	0.893	4.59	35.01	6	1.42	1	2.84	45.59	35.01	49.76	399.93	389.36	7.900	10.556	8.02	10.71	199.7	1699	2	100.8	5.15	0.0289	1.0	-0.22	2.74	1.00	0.00	0.16	111115
219	"09:49:55"	20180721	202	0	3.15	0.0187	99.8	0.894	4.68	35.32	6	1.42	1	2.84	45.59	35.32	49.76	399.93	389.42	7.900	10.558	8.02	10.71	199.7	1699	2	100.8	5.15	0.0289	1.0	-0.22	2.74	1.00	0.00	0.16	111115
220	"09:49:56"	20180721	202	0	3.16	0.0183	93	0.893	4.77	35.60	6	1.42	1	2.84	45.59	35.60	49.76	399.94	389.39	7.901	10.557	8.02	10.71	199.7	1699	2	100.8	5.15	0.0289	1.0	-0.22	2.74	1.00	0.00	0.16	111115
221	"09:49:56"	20180721	202	0	3.17	0.0181	88.9	0.894	4.83	35.77	6	1.42	1	2.84	45.60	35.77	49.76	399.94	389.35	7.901	10.559	8.02	10.71	199.7	1699	2	100.8	5.15	0.0289	1.0	-0.22	2.74	1.00	0.00	0.16	111115
222	"09:49:57"	20180721	202	0	3.2	0.018	84.9	0.894	4.86	35.88	6	1.42	1	2.84	45.60	35.88	49.76	399.97	389.32	7.901	10.560	8.02	10.71	199.7	1699	2	100.8	5.15	0.0289	1.0	-0.22	2.74	1.00	0.00	0.16	111115
223	"09:49:57"	20180721	202	0	3.2	0.018	84.9	0.894	4.86	35.88	6	1.42	1	2.84	45.60	35.88	49.76	399.97	389.32	7.901	10.560	8.02	10.71	199.7	1699	2	100.8	5.15	0.0289	1.0	-0.22	2.74	1.00	0.00	0.16	111115
224	"09:49:58"	20180721	202	0	3.2	0.0179	83.4	0.894	4.88	35.94	6	1.42	1	2.84	45.60	35.94	49.76	399.99	389.34	7.902	10.559	8.02	10.71	199.7	1699	2	100.8	5.15	0.0289	1.0	-0.22	2.74	1.00	0.00	0.16	111115
225	"09:49:58"	20180721	202	0	3.21	0.0179	82	0.895	4.89	35.97	6	1.42	1	2.84	45.60	35.97	49.76	400.03	389.34	7.902	10.561	8.01	10.71	199.7	1699	2	100.8	5.15	0.0289	1.0	-0.22	2.74	1.00	0.00	0.16	111115
226	"09:49:58"	20180721	202	0	3.21	0.0179	81.2	0.895	4.91	36.01	6	1.42	1	2.84	45.60	36.01	49.76	400.05	389.36	7.902	10.562	8.02	10.71	199.7	1699	2	100.8	5.15	0.0289	1.0	-0.22	2.74	1.00	0.00	0.16	111115
227	"09:49:59"	20180721	202	0	3.2	0.0178	81.4	0.895	4.92	36.06	6	1.42	1	2.84	45.60	36.06	49.76	400.03	389.38	7.903	10.562	8.02	10.71	199.7	1699	2	100.8	5.15	0.0289	1.0	-0.22	2.74	1.00	0.00	0.16	111115
228	"09:49:59"	20180721	202	0	3.22	0.0177	78.7	0.895	4.94	36.12	6	1.42	1	2.84	45.60	36.12	49.76	400.07	389.36	7.902	10.563	8.01	10.71	199.7	1700	2	100.8	5.15	0.0289	1.0	-0.22	2.74	1.00	0.00	0.16	111115
229	"09:50:00"	20180721	202	0	3.2	0.0176	78.7	0.895	4.97	36.20	6	1.42	1	2.84	45.60	36.20	49.76	400.05	389.40	7.902	10.563	8.01	10.71	199.7	1700	3	100.8	5.15	0.0289	1.0	-0.22	2.74	1.00	0.00	0.16	111115
