"OPEN 6.3.3"
"Sat Jul 21 2018 08:33:20"
<open><version>"6.3.3"</version></open>
<open><configfile>"/User/Configs/UserPrefs/2x3 LED.xml"</configfile></open>
<open><light><source>"6400-02 or -02B LED Source"</source><par_in>1<sensor>"SI-4027"<cal>-1.00<actinity>1.00</actinity><transm>1.00</transm></cal></sensor><transm>1</transm></par_in><par_out>1<sensor>"Q51318"<cal>6.49</cal></sensor></par_out></light></open>
<open><comps><file>"/User/Configs/Comps/StdComps_6.3"<header>""</header><extras></extras></file><energybal>no<f_parIn>1</f_parIn><f_parOut>0</f_parOut><alphaK>0.16</alphaK></energybal><bc_total>2.840<stomatal_ratio>1</stomatal_ratio><bc_oneside>1.420<type>2</type><table>"/Sys/Lib/StdBLCTable"</table><area>6</area><slope>-0.219565</slope><offset>2.73739</offset><fan>5</fan></bc_oneside></bc_total></comps></open>
<open><prompts><onlog>off</onlog><items>"Default (none)"</items></prompts></open>
<open><constants><oxygen>21 %</oxygen><bb_vapor>1.5</bb_vapor><bb_oxy>0.9</bb_oxy></constants></open>
<open><stability><items>"Std Stability"<items[1]><id>-2</id><size>15</size><pcv><onoff>0</onoff><value>1</value></pcv><std><onoff>0</onoff><value>1</value></std><slp><onoff>1</onoff><value>1</value></slp></items[1]><items[2]><id>-5</id><size>15</size><pcv><onoff>0</onoff><value>1</value></pcv><std><onoff>0</onoff><value>1</value></std><slp><onoff>1</onoff><value>1</value></slp></items[2]><items[3]><id>-7</id><size>15</size><pcv><onoff>0</onoff><value>1</value></pcv><std><onoff>0</onoff><value>1</value></std><slp><onoff>1</onoff><value>1</value></slp></items[3]></items></stability></open>
<open><log><format>"StdLogFmt_6.3"<items>{ -35 -21 -36 -76 30 23 36 21 25 221 -33 111 -34 11 -9 -10 -8 -1 -2 -4 -5 -14 -15 -7 -12 -13 -11 -65 -66 -117 -119 -116 -118 -72 -18 -19 -77 -78 -79 -23  }<hdr>{  }</hdr></items></format><options><beep>on</beep><match>"never"<time>30</time><co2>100</co2><delta>10</delta></match><hdr>normal</hdr><rem>normal</rem><stab>no</stab><stats>no<mean>no</mean><file>no</file><period>15</period></stats><excel>yes</excel><controls>yes</controls><comm>no</comm></options><datafile>"/User/0000-AAF6802-21072018"</datafile><button><action>"Normal Log"<code>" LogOneObsManual "</code></action></button><autoprog>"/User/Configs/AutoProgs/AutoLog2"<active>no</active></autoprog></log></open>
<open><a2d><avgtime>4.0 secs</avgtime><userchans><ch20>"Off"</ch20><ch21>"Off"</ch21><ch22>"Off"</ch22><ch23>"Off"</ch23></userchans></a2d></open>
<open><matching><type>0</type><disp>'a'</disp><settings>><CO2Limit>10.0</CO2Limit><H2OLimit>1.0</H2OLimit><MaxAutoTime>60</MaxAutoTime><AverageTime>10</AverageTime></settings></matching></open>
<li6400><factory><unit>"PSC-4123"</unit><serviced>"19.01.2017"</serviced><fuseaware>0</fuseaware><co2mixer>yes</co2mixer><co2><coeffs>{ 0 0.219912 1.60869e-05 2.42627e-08 -3.602e-12 2.3711e-16  }</coeffs><dvdt>-4.1</dvdt><xs>{ -0.00117 -1.14e-05  }</xs></co2><h2o><coeffs>{ 0 0.00612804 1.69186e-06 1.49192e-10  }</coeffs><dvdt>-2.5</dvdt><xs>{ -0.000351 -0.00239  }</xs></h2o><flow>{ 0 0.3738  }</flow><press>{ 87.734 0.00547  }</press></factory></li6400>
<li6400><user><flow_zero>-547.7</flow_zero><irga_zero><co2>-79.5 -79.5<at>32.3675</at></co2><h2o>37.6 -1.4<at>33.9874</at></h2o></irga_zero><irga_span><co2>{ 0.985904 0.986618  }</co2><h2o>{ 1.00683 0.993449  }</h2o></irga_span><irga_match><co2>{ -1.70314 0.222215  }</co2><h2o>{ -0.0708174 -0.282007  }</h2o></irga_match><co2_mixer><pump_mv>4500</pump_mv><ppm>{ 2330.31 1136.88 449.46 273.386 125.406 73.118 48.0557 40.3927  }</ppm><mv>{ 5000 3000 1500 1000 500 300 200 100  }</mv></co2_mixer><parin_offset>0</parin_offset><led_cal><unit>"SI-4027"</unit><mv>{ 10 25 50 100 1000 2000 3000 4000 5000  }</mv><qntm>{ 3.39689 11.1502 23.8626 52.4799 561.717 1093.55 1598.71 2081.76 2538.89  }</qntm></led_cal><lcf_cal><unit>"unknown"</unit><red><mv>{ 50 100 500 1000 1500 5000  }</mv><qntm>{ 50 100 500 1000 2000 5000  }</qntm></red><blue><mv>{ 100 200 500 1000 2000 5000  }</mv><qntm>{ 10 20 50 100 200 500  }</qntm></blue></lcf_cal></user></li6400>
$STARTOFDATA$
"Obs"	"HHMMSS"	"FTime"	"EBal?"	"Photo"	"Cond"	"Ci"	"Trmmol"	"VpdL"	"CTleaf"	"Area"	"BLC_1"	"StmRat"	"BLCond"	"Tair"	"Tleaf"	"TBlk"	"CO2R"	"CO2S"	"H2OR"	"H2OS"	"RH_R"	"RH_S"	"Flow"	"PARi"	"PARo"	"Press"	"CsMch"	"HsMch"	"CsMchSD"	"HsMchSD"	"CrMchSD"	"HrMchSD"	"StableF"	"BLCslope"	"BLCoffst"	"f_parin"	"f_parout"	"alphaK"	"Status"
"08:34:35 CO2 Mixer: CO2R -> 400 uml"
"08:35:46 Lamp: ParIn ->  1700 uml"
"08:36:04 Flow: Fixed -> 500 umol/s"
"08:42:17 Coolers: Tblock -> 14.11 C"
"08:56:33 Flow: Fixed -> 500 umol/s"
"08:57:11 Coolers: Tblock -> 0.00 C"
"09:11:23 Flow: Fixed -> 500 umol/s"
1	"09:11:24"	2355.5	0	9.58	0.235	310	1.69	0.774	7.61	6	1.42	1	2.84	2.52	7.61	0.07	396.64	384.39	0.725	2.739	9.90	37.40	500.8	1701	1	100.4	1.76	-0.145	0.106	0.00402	0.0449	0.0019	1.0	-0.22	2.74	1.00	0.00	0.16	111115
2	"09:11:25"	2355.5	0	9.58	0.235	310	1.69	0.774	7.61	6	1.42	1	2.84	2.52	7.61	0.07	396.64	384.39	0.725	2.739	9.90	37.40	500.8	1701	1	100.4	1.76	-0.145	0.106	0.00402	0.0449	0.0019	1.0	-0.22	2.74	1.00	0.00	0.16	111115
3	"09:11:25"	2356.0	0	10.4	0.262	312	1.86	0.774	7.62	6	1.42	1	2.84	2.52	7.62	0.06	397.59	384.33	0.513	2.737	7.00	37.38	500.9	1701	1	100.4	1.76	-0.145	0.106	0.00402	0.0449	0.0019	1.0	-0.22	2.74	1.00	0.00	0.16	111115
4	"09:11:26"	2356.5	0	10.9	0.277	312	1.96	0.775	7.62	6	1.42	1	2.84	2.52	7.62	0.06	398.13	384.19	0.390	2.733	5.32	37.33	500.9	1701	1	100.4	1.76	-0.145	0.106	0.00402	0.0449	0.0019	1.0	-0.22	2.74	1.00	0.00	0.16	111115
5	"09:11:26"	2357.0	0	11.1	0.287	313	2.03	0.775	7.62	6	1.42	1	2.84	2.52	7.62	0.06	398.43	384.26	0.310	2.731	4.23	37.29	500.8	1701	1	100.4	1.76	-0.145	0.106	0.00402	0.0449	0.0019	1.0	-0.22	2.74	1.00	0.00	0.16	111115
6	"09:11:27"	2357.5	0	11.2	0.294	314	2.07	0.775	7.62	6	1.42	1	2.84	2.52	7.62	0.06	398.64	384.26	0.255	2.730	3.48	37.28	500.8	1701	2	100.4	1.76	-0.145	0.106	0.00402	0.0449	0.0019	1.0	-0.22	2.74	1.00	0.00	0.16	111115
7	"09:11:27"	2358.5	0	11.4	0.304	314	2.13	0.775	7.62	6	1.42	1	2.84	2.52	7.62	0.06	398.89	384.21	0.181	2.728	2.47	37.26	500.8	1701	2	100.4	1.76	-0.145	0.106	0.00402	0.0449	0.0019	1.0	-0.22	2.74	1.00	0.00	0.16	111115
8	"09:11:28"	2359.0	0	12	0.323	315	2.25	0.775	7.62	6	1.42	1	2.84	2.52	7.62	0.06	399.55	384.18	0.036	2.726	0.49	37.24	500.8	1701	2	100.4	1.76	-0.145	0.106	0.00402	0.0449	0.0019	1.0	-0.22	2.74	1.00	0.00	0.16	111115
9	"09:11:29"	2359.5	0	12	0.329	315	2.29	0.775	7.61	6	1.42	1	2.84	2.52	7.61	0.06	399.66	384.18	-0.008	2.727	-0.11	37.24	500.8	1701	2	100.4	1.76	-0.145	0.106	0.00402	0.0449	0.0019	1.0	-0.22	2.74	1.00	0.00	0.16	111115
10	"09:11:30"	2360.0	0	12.1	0.331	316	2.3	0.774	7.60	6	1.42	1	2.84	2.52	7.60	0.06	399.72	384.18	-0.027	2.726	-0.37	37.22	500.8	1701	2	100.4	1.76	-0.145	0.106	0.00402	0.0449	0.0019	1.0	-0.22	2.74	1.00	0.00	0.16	111115
11	"09:11:30"	2361.0	0	12	0.334	317	2.32	0.774	7.59	6	1.42	1	2.84	2.52	7.59	0.06	399.76	384.26	-0.044	2.727	-0.61	37.24	500.8	1701	2	100.4	1.76	-0.145	0.106	0.00402	0.0449	0.0019	1.0	-0.22	2.74	1.00	0.00	0.16	111115
12	"09:11:31"	2361.5	0	12.1	0.335	317	2.32	0.774	7.60	6	1.42	1	2.84	2.52	7.60	0.07	399.80	384.29	-0.050	2.726	-0.68	37.23	500.8	1701	2	100.4	1.76	-0.145	0.106	0.00402	0.0449	0.0019	1.0	-0.22	2.74	1.00	0.00	0.16	111115
13	"09:11:33"	2362.5	0	12	0.335	317	2.33	0.775	7.61	6	1.42	1	2.84	2.52	7.61	0.07	399.89	384.38	-0.057	2.726	-0.78	37.23	500.8	1701	2	100.4	1.76	-0.145	0.106	0.00402	0.0449	0.0019	1.0	-0.22	2.74	1.00	0.00	0.16	111115
14	"09:11:33"	2363.5	0	12.2	0.336	316	2.33	0.775	7.61	6	1.42	1	2.84	2.51	7.61	0.07	400.00	384.34	-0.062	2.726	-0.84	37.24	500.8	1701	2	100.4	1.76	-0.145	0.106	0.00402	0.0449	0.0019	1.0	-0.22	2.74	1.00	0.00	0.16	111115
15	"09:11:34"	2365.0	0	12.1	0.335	316	2.34	0.777	7.64	6	1.42	1	2.84	2.51	7.64	0.07	400.03	384.43	-0.067	2.724	-0.92	37.22	500.8	1701	2	100.4	1.76	-0.145	0.106	0.00402	0.0449	0.0019	1.0	-0.22	2.74	1.00	0.00	0.16	111115
16	"09:11:35"	2365.5	0	12.1	0.335	316	2.33	0.777	7.64	6	1.42	1	2.84	2.51	7.64	0.07	400.04	384.42	-0.068	2.722	-0.93	37.18	500.7	1701	2	100.4	1.76	-0.145	0.106	0.00402	0.0449	0.0019	1.0	-0.22	2.74	1.00	0.00	0.16	111115
17	"09:11:35"	2366.0	0	12.1	0.335	316	2.33	0.777	7.64	6	1.42	1	2.84	2.51	7.64	0.07	400.02	384.44	-0.069	2.720	-0.94	37.16	500.7	1701	2	100.4	1.76	-0.145	0.106	0.00402	0.0449	0.0019	1.0	-0.22	2.74	1.00	0.00	0.16	111115
18	"09:11:36"	2367.0	0	12	0.335	317	2.33	0.777	7.63	6	1.42	1	2.84	2.51	7.63	0.07	399.96	384.51	-0.072	2.717	-0.98	37.12	500.7	1701	2	100.4	1.76	-0.145	0.106	0.00402	0.0449	0.0019	1.0	-0.22	2.74	1.00	0.00	0.16	111115
19	"09:13:10"	2462.0	0	11.8	0.336	319	2.32	0.77	7.48	6	1.42	1	2.84	2.43	7.48	0.06	400.08	384.84	-0.090	2.684	-1.23	36.87	500.8	1701	1	100.4	1.76	-0.145	0.106	0.00402	0.0449	0.0019	1.0	-0.22	2.74	1.00	0.00	0.16	111115
20	"09:13:11"	2462.0	0	11.8	0.336	319	2.32	0.77	7.48	6	1.42	1	2.84	2.43	7.48	0.06	400.08	384.84	-0.090	2.684	-1.23	36.87	500.8	1701	1	100.4	1.76	-0.145	0.106	0.00402	0.0449	0.0019	1.0	-0.22	2.74	1.00	0.00	0.16	111115
21	"09:13:11"	2462.5	0	11.9	0.336	318	2.32	0.77	7.48	6	1.42	1	2.84	2.43	7.48	0.06	400.10	384.83	-0.089	2.682	-1.23	36.84	500.7	1701	1	100.4	1.76	-0.145	0.106	0.00402	0.0449	0.0019	1.0	-0.22	2.74	1.00	0.00	0.16	111115
22	"09:13:12"	2463.0	0	11.8	0.337	319	2.32	0.769	7.47	6	1.42	1	2.84	2.43	7.47	0.06	400.05	384.85	-0.089	2.684	-1.22	36.87	500.8	1701	1	100.4	1.76	-0.145	0.106	0.00402	0.0449	0.0019	1.0	-0.22	2.74	1.00	0.00	0.16	111115
23	"09:13:13"	2463.5	0	11.8	0.336	318	2.32	0.77	7.48	6	1.42	1	2.84	2.43	7.48	0.06	400.06	384.80	-0.089	2.680	-1.22	36.82	500.8	1701	1	100.4	1.76	-0.145	0.106	0.00402	0.0449	0.0019	1.0	-0.22	2.74	1.00	0.00	0.16	111115
24	"09:13:13"	2464.0	0	11.8	0.336	318	2.32	0.77	7.47	6	1.42	1	2.84	2.43	7.47	0.06	400.04	384.81	-0.089	2.679	-1.22	36.80	500.7	1701	2	100.4	1.76	-0.145	0.106	0.00402	0.0449	0.0019	1.0	-0.22	2.74	1.00	0.00	0.16	111115
25	"09:13:14"	2464.5	0	11.8	0.336	319	2.32	0.769	7.47	6	1.42	1	2.84	2.43	7.47	0.06	400.03	384.79	-0.089	2.681	-1.22	36.83	500.7	1701	1	100.4	1.76	-0.145	0.106	0.00402	0.0449	0.0019	1.0	-0.22	2.74	1.00	0.00	0.16	111115
26	"09:13:15"	2465.5	0	11.7	0.337	319	2.32	0.769	7.46	6	1.42	1	2.84	2.43	7.46	0.06	399.98	384.88	-0.089	2.682	-1.22	36.85	500.6	1701	2	100.4	1.76	-0.145	0.106	0.00402	0.0449	0.0019	1.0	-0.22	2.74	1.00	0.00	0.16	111115
27	"09:13:15"	2466.0	0	11.8	0.337	319	2.32	0.768	7.46	6	1.42	1	2.84	2.43	7.46	0.06	400.00	384.84	-0.089	2.683	-1.22	36.87	500.7	1701	2	100.4	1.76	-0.145	0.106	0.00402	0.0449	0.0019	1.0	-0.22	2.74	1.00	0.00	0.16	111115
28	"09:13:16"	2467.0	0	11.8	0.335	319	2.31	0.77	7.47	6	1.42	1	2.84	2.43	7.47	0.06	400.01	384.85	-0.089	2.678	-1.22	36.80	500.7	1701	1	100.4	1.76	-0.145	0.106	0.00402	0.0449	0.0019	1.0	-0.22	2.74	1.00	0.00	0.16	111115
29	"09:13:17"	2467.5	0	11.8	0.336	319	2.32	0.77	7.47	6	1.42	1	2.84	2.43	7.47	0.06	400.01	384.82	-0.088	2.680	-1.21	36.82	500.7	1701	2	100.4	1.76	-0.145	0.106	0.00402	0.0449	0.0019	1.0	-0.22	2.74	1.00	0.00	0.16	111115
30	"09:13:18"	2468.0	0	11.8	0.336	319	2.32	0.77	7.48	6	1.42	1	2.84	2.43	7.48	0.06	400.05	384.82	-0.088	2.682	-1.22	36.85	500.7	1701	1	100.4	1.76	-0.145	0.106	0.00402	0.0449	0.0019	1.0	-0.22	2.74	1.00	0.00	0.16	111115
31	"09:13:18"	2469.0	0	11.8	0.335	319	2.32	0.771	7.49	6	1.42	1	2.84	2.43	7.49	0.06	400.06	384.88	-0.088	2.680	-1.21	36.83	500.7	1701	1	100.4	1.76	-0.145	0.106	0.00402	0.0449	0.0019	1.0	-0.22	2.74	1.00	0.00	0.16	111115
32	"09:13:20"	2470.0	0	11.7	0.335	319	2.32	0.771	7.50	6	1.42	1	2.84	2.43	7.50	0.06	400.00	384.89	-0.088	2.680	-1.22	36.83	500.8	1701	1	100.4	1.76	-0.145	0.106	0.00402	0.0449	0.0019	1.0	-0.22	2.74	1.00	0.00	0.16	111115
33	"09:13:20"	2470.5	0	11.7	0.335	319	2.32	0.771	7.49	6	1.42	1	2.84	2.43	7.49	0.06	399.96	384.89	-0.089	2.681	-1.22	36.85	500.7	1701	1	100.4	1.76	-0.145	0.106	0.00402	0.0449	0.0019	0.7	-0.22	2.74	1.00	0.00	0.16	111115
34	"09:13:21"	2471.5	0	11.6	0.336	320	2.32	0.771	7.49	6	1.42	1	2.84	2.42	7.49	0.06	399.86	384.87	-0.090	2.682	-1.23	36.86	500.7	1701	1	100.4	1.76	-0.145	0.106	0.00402	0.0449	0.0019	0.7	-0.22	2.74	1.00	0.00	0.16	111115
35	"09:13:22"	2472.5	0	11.7	0.335	319	2.32	0.771	7.50	6	1.42	1	2.84	2.42	7.50	0.06	399.85	384.80	-0.090	2.679	-1.24	36.83	500.7	1701	1	100.4	1.76	-0.145	0.106	0.00402	0.0449	0.0019	0.7	-0.22	2.74	1.00	0.00	0.16	111115
"09:14:18 Coolers: Tblock -> 5.00 C"
"09:17:29 Flow: Fixed -> 500 umol/s"
36	"09:17:32"	2723.5	0	11.6	0.28	307	2.27	0.887	9.60	6	1.42	1	2.84	6.16	9.60	5.08	398.79	383.81	0.411	3.117	4.35	32.97	500.8	1701	1	100.4	1.43	-0.153	0.113	0.00342	0.0359	0.00354	1.0	-0.22	2.74	1.00	0.00	0.16	111115
37	"09:17:33"	2723.5	0	11.6	0.28	307	2.27	0.887	9.60	6	1.42	1	2.84	6.16	9.60	5.08	398.79	383.81	0.411	3.117	4.35	32.97	500.8	1701	1	100.4	1.43	-0.153	0.113	0.00342	0.0359	0.00354	1.0	-0.22	2.74	1.00	0.00	0.16	111115
38	"09:17:33"	2724.0	0	11.8	0.285	307	2.3	0.887	9.60	6	1.42	1	2.84	6.16	9.60	5.08	398.97	383.83	0.367	3.116	3.88	32.96	500.8	1701	2	100.4	1.43	-0.153	0.113	0.00342	0.0359	0.00354	1.0	-0.22	2.74	1.00	0.00	0.16	111115
39	"09:17:34"	2724.5	0	11.9	0.288	307	2.33	0.887	9.60	6	1.42	1	2.84	6.16	9.60	5.08	399.11	383.81	0.334	3.113	3.53	32.92	500.8	1701	2	100.4	1.43	-0.153	0.113	0.00342	0.0359	0.00354	1.0	-0.22	2.74	1.00	0.00	0.16	111115
40	"09:17:34"	2725.0	0	12.4	0.307	308	2.46	0.886	9.59	6	1.42	1	2.84	6.16	9.59	5.08	399.84	383.82	0.174	3.117	1.84	32.96	500.8	1701	2	100.4	1.43	-0.153	0.113	0.00342	0.0359	0.00354	1.0	-0.22	2.74	1.00	0.00	0.16	111115
41	"09:17:35"	2725.5	0	12.5	0.312	309	2.5	0.886	9.59	6	1.42	1	2.84	6.17	9.59	5.08	399.98	383.83	0.130	3.118	1.37	32.97	500.8	1700	2	100.4	1.43	-0.153	0.113	0.00342	0.0359	0.00354	1.0	-0.22	2.74	1.00	0.00	0.16	111115
42	"09:17:35"	2726.0	0	12.5	0.314	309	2.52	0.887	9.60	6	1.42	1	2.84	6.17	9.60	5.08	400.02	383.86	0.112	3.118	1.19	32.96	500.8	1700	2	100.4	1.43	-0.153	0.113	0.00342	0.0359	0.00354	1.0	-0.22	2.74	1.00	0.00	0.16	111115
43	"09:17:36"	2726.5	0	12.5	0.315	310	2.53	0.888	9.61	6	1.42	1	2.84	6.17	9.61	5.08	400.04	383.90	0.102	3.119	1.08	32.98	500.8	1700	2	100.4	1.43	-0.153	0.113	0.00342	0.0359	0.00354	1.0	-0.22	2.74	1.00	0.00	0.16	111115
44	"09:17:36"	2727.0	0	12.5	0.316	310	2.53	0.888	9.62	6	1.42	1	2.84	6.17	9.62	5.08	400.01	383.89	0.096	3.120	1.01	32.98	500.8	1700	2	100.4	1.43	-0.153	0.113	0.00342	0.0359	0.00354	1.0	-0.22	2.74	1.00	0.00	0.16	111115
45	"09:17:37"	2727.5	0	12.5	0.316	310	2.54	0.888	9.62	6	1.42	1	2.84	6.17	9.62	5.08	400.00	383.90	0.091	3.121	0.97	32.99	500.8	1700	2	100.4	1.43	-0.153	0.113	0.00342	0.0359	0.00354	1.0	-0.22	2.74	1.00	0.00	0.16	111115
46	"09:17:37"	2728.0	0	12.5	0.317	310	2.54	0.888	9.63	6	1.42	1	2.84	6.17	9.63	5.08	400.02	383.81	0.088	3.123	0.93	33.01	500.7	1700	1	100.4	1.43	-0.153	0.113	0.00342	0.0359	0.00354	1.0	-0.22	2.74	1.00	0.00	0.16	111115
47	"09:17:38"	2728.5	0	12.6	0.317	309	2.55	0.889	9.64	6	1.42	1	2.84	6.17	9.64	5.08	400.03	383.78	0.085	3.127	0.90	33.05	500.7	1700	1	100.4	1.43	-0.153	0.113	0.00342	0.0359	0.00354	1.0	-0.22	2.74	1.00	0.00	0.16	111115
48	"09:17:38"	2729.0	0	12.6	0.317	309	2.55	0.891	9.66	6	1.42	1	2.84	6.18	9.66	5.08	400.05	383.76	0.081	3.126	0.85	33.04	500.7	1700	1	100.4	1.43	-0.153	0.113	0.00342	0.0359	0.00354	1.0	-0.22	2.74	1.00	0.00	0.16	111115
49	"09:17:39"	2730.0	0	12.7	0.317	308	2.55	0.892	9.67	6	1.42	1	2.84	6.18	9.67	5.07	400.10	383.68	0.080	3.127	0.84	33.04	500.7	1700	1	100.4	1.43	-0.153	0.113	0.00342	0.0359	0.00354	1.0	-0.22	2.74	1.00	0.00	0.16	111115
50	"09:17:40"	2730.5	0	12.8	0.317	308	2.55	0.892	9.68	6	1.42	1	2.84	6.18	9.68	5.07	400.11	383.60	0.078	3.127	0.82	33.04	500.7	1700	1	100.4	1.43	-0.153	0.113	0.00342	0.0359	0.00354	1.0	-0.22	2.74	1.00	0.00	0.16	111115
"09:18:35 Coolers: Tblock -> 10.00 C"
"09:21:05 Flow: Fixed -> 500 umol/s"
51	"09:21:06"	2937.5	0	10.8	0.215	291	2.05	1.02	12.16	6	1.42	1	2.84	10.18	12.16	10.12	396.12	382.24	1.553	3.998	12.50	32.19	500.8	1699	2	100.4	1.3	-0.173	0.0963	0.00465	0.0569	0.00791	0.7	-0.22	2.74	1.00	0.00	0.16	111115
52	"09:21:07"	2937.5	0	10.8	0.215	291	2.05	1.02	12.16	6	1.42	1	2.84	10.18	12.16	10.12	396.12	382.24	1.553	3.998	12.50	32.19	500.8	1699	2	100.4	1.3	-0.173	0.0963	0.00465	0.0569	0.00791	0.7	-0.22	2.74	1.00	0.00	0.16	111115
53	"09:21:07"	2938.0	0	11.5	0.239	294	2.26	1.02	12.16	6	1.42	1	2.84	10.18	12.16	10.12	397.24	382.42	1.309	4.003	10.54	32.23	500.9	1700	2	100.4	1.3	-0.173	0.0963	0.00465	0.0569	0.00791	0.7	-0.22	2.74	1.00	0.00	0.16	111115
54	"09:21:08"	2938.5	0	11.8	0.252	296	2.37	1.02	12.15	6	1.42	1	2.84	10.18	12.15	10.12	397.81	382.59	1.176	4.001	9.47	32.21	500.8	1700	3	100.4	1.3	-0.173	0.0963	0.00465	0.0569	0.00791	0.7	-0.22	2.74	1.00	0.00	0.16	111115
55	"09:21:08"	2939.0	0	12	0.26	297	2.44	1.02	12.15	6	1.42	1	2.84	10.18	12.15	10.12	398.15	382.65	1.091	4.000	8.79	32.20	500.8	1699	3	100.4	1.3	-0.173	0.0963	0.00465	0.0569	0.00791	0.7	-0.22	2.74	1.00	0.00	0.16	111115
56	"09:21:09"	2939.5	0	12.3	0.265	297	2.48	1.02	12.15	6	1.42	1	2.84	10.18	12.15	10.12	398.42	382.59	1.034	3.999	8.33	32.19	500.8	1699	3	100.4	1.3	-0.173	0.0963	0.00465	0.0569	0.00791	0.7	-0.22	2.74	1.00	0.00	0.16	111115
57	"09:21:10"	2940.0	0	12.4	0.27	298	2.52	1.02	12.15	6	1.42	1	2.84	10.18	12.15	10.12	398.61	382.59	0.992	4.004	7.99	32.23	500.8	1699	3	100.4	1.3	-0.173	0.0963	0.00465	0.0569	0.00791	0.7	-0.22	2.74	1.00	0.00	0.16	111115
58	"09:21:10"	2940.5	0	12.5	0.273	298	2.55	1.02	12.15	6	1.42	1	2.84	10.18	12.15	10.12	398.80	382.60	0.960	4.005	7.73	32.24	500.8	1699	3	100.4	1.3	-0.173	0.0963	0.00465	0.0569	0.00791	0.7	-0.22	2.74	1.00	0.00	0.16	111115
59	"09:21:11"	2941.0	0	13.1	0.289	298	2.69	1.02	12.15	6	1.42	1	2.84	10.19	12.15	10.12	399.62	382.66	0.798	4.006	6.42	32.24	500.8	1699	3	100.4	1.3	-0.173	0.0963	0.00465	0.0569	0.00791	0.7	-0.22	2.74	1.00	0.00	0.16	111115
60	"09:21:12"	2942.0	0	13.3	0.294	298	2.73	1.02	12.16	6	1.42	1	2.84	10.19	12.16	10.11	399.83	382.64	0.747	4.003	6.01	32.20	500.7	1699	3	100.4	1.3	-0.173	0.0963	0.00465	0.0569	0.00791	0.7	-0.22	2.74	1.00	0.00	0.16	111115
61	"09:21:14"	2943.0	0	13.5	0.295	297	2.74	1.02	12.17	6	1.42	1	2.84	10.19	12.17	10.11	399.95	382.47	0.736	4.007	5.92	32.22	500.8	1699	3	100.4	1.3	-0.173	0.0963	0.00465	0.0569	0.00791	0.7	-0.22	2.74	1.00	0.00	0.16	111115
62	"09:21:14"	2943.5	0	13.5	0.295	297	2.74	1.02	12.17	6	1.42	1	2.84	10.20	12.17	10.11	399.96	382.52	0.733	4.007	5.89	32.22	500.8	1699	3	100.4	1.3	-0.173	0.0963	0.00465	0.0569	0.00791	0.7	-0.22	2.74	1.00	0.00	0.16	111115
63	"09:21:15"	2945.5	0	13.4	0.295	298	2.75	1.02	12.19	6	1.42	1	2.84	10.20	12.19	10.11	399.94	382.63	0.725	4.006	5.83	32.20	500.8	1699	2	100.4	1.3	-0.173	0.0963	0.00465	0.0569	0.00791	1.0	-0.22	2.74	1.00	0.00	0.16	111115
64	"09:21:16"	2946.0	0	13.4	0.295	298	2.75	1.02	12.19	6	1.42	1	2.84	10.21	12.19	10.11	399.97	382.69	0.724	4.007	5.82	32.20	500.8	1699	2	100.4	1.3	-0.173	0.0963	0.00465	0.0569	0.00791	1.0	-0.22	2.74	1.00	0.00	0.16	111115
65	"09:21:17"	2947.0	0	13.2	0.295	299	2.75	1.02	12.20	6	1.42	1	2.84	10.21	12.20	10.11	399.93	382.82	0.722	4.008	5.80	32.20	500.8	1699	2	100.4	1.3	-0.173	0.0963	0.00465	0.0569	0.00791	1.0	-0.22	2.74	1.00	0.00	0.16	111115
66	"09:21:17"	2947.5	0	13.3	0.296	299	2.76	1.02	12.20	6	1.42	1	2.84	10.21	12.20	10.11	399.94	382.75	0.721	4.010	5.79	32.21	500.8	1699	2	100.4	1.3	-0.173	0.0963	0.00465	0.0569	0.00791	1.0	-0.22	2.74	1.00	0.00	0.16	111115
67	"09:21:18"	2948.5	0	13.4	0.296	299	2.76	1.02	12.21	6	1.42	1	2.84	10.21	12.21	10.11	399.93	382.66	0.720	4.013	5.78	32.23	500.8	1699	2	100.4	1.3	-0.173	0.0963	0.00465	0.0569	0.00791	1.0	-0.22	2.74	1.00	0.00	0.16	111115
68	"09:21:18"	2949.0	0	13.4	0.296	298	2.76	1.02	12.21	6	1.42	1	2.84	10.22	12.21	10.10	399.93	382.58	0.719	4.014	5.77	32.24	500.8	1699	2	100.4	1.3	-0.173	0.0963	0.00465	0.0569	0.00791	1.0	-0.22	2.74	1.00	0.00	0.16	111115
69	"09:21:20"	2949.5	0	13.5	0.296	298	2.76	1.02	12.22	6	1.42	1	2.84	10.22	12.22	10.10	399.95	382.52	0.719	4.017	5.77	32.25	500.8	1699	2	100.4	1.3	-0.173	0.0963	0.00465	0.0569	0.00791	1.0	-0.22	2.74	1.00	0.00	0.16	111115
70	"09:21:21"	2950.0	0	13.5	0.296	297	2.77	1.03	12.23	6	1.42	1	2.84	10.22	12.23	10.10	399.97	382.47	0.718	4.019	5.77	32.27	500.8	1699	2	100.4	1.3	-0.173	0.0963	0.00465	0.0569	0.00791	1.0	-0.22	2.74	1.00	0.00	0.16	111115
71	"09:21:49"	2980.0	0	13.5	0.296	298	2.8	1.04	12.41	6	1.42	1	2.84	10.33	12.41	10.12	400.31	382.84	0.713	4.052	5.68	32.30	500.8	1699	2	100.4	1.3	-0.173	0.0963	0.00465	0.0569	0.00791	0.7	-0.22	2.74	1.00	0.00	0.16	111115
72	"09:21:49"	2980.0	0	13.5	0.296	298	2.8	1.04	12.41	6	1.42	1	2.84	10.33	12.41	10.12	400.31	382.84	0.713	4.052	5.68	32.30	500.8	1699	2	100.4	1.3	-0.173	0.0963	0.00465	0.0569	0.00791	0.7	-0.22	2.74	1.00	0.00	0.16	111115
73	"09:21:50"	2980.5	0	13.5	0.296	298	2.8	1.04	12.41	6	1.42	1	2.84	10.33	12.41	10.12	400.28	382.83	0.713	4.053	5.69	32.31	500.7	1699	2	100.4	1.3	-0.173	0.0963	0.00465	0.0569	0.00791	0.7	-0.22	2.74	1.00	0.00	0.16	111115
74	"09:21:50"	2981.0	0	13.5	0.296	298	2.8	1.04	12.40	6	1.42	1	2.84	10.33	12.40	10.12	400.27	382.82	0.713	4.051	5.68	32.29	500.8	1699	2	100.4	1.3	-0.173	0.0963	0.00465	0.0569	0.00791	0.7	-0.22	2.74	1.00	0.00	0.16	111115
75	"09:21:51"	2981.5	0	13.4	0.296	298	2.8	1.04	12.41	6	1.42	1	2.84	10.33	12.41	10.12	400.21	382.82	0.713	4.052	5.68	32.29	500.8	1699	2	100.4	1.3	-0.173	0.0963	0.00465	0.0569	0.00791	0.7	-0.22	2.74	1.00	0.00	0.16	111115
76	"09:21:52"	2982.0	0	13.5	0.296	298	2.8	1.04	12.41	6	1.42	1	2.84	10.33	12.41	10.12	400.20	382.77	0.712	4.054	5.68	32.30	500.8	1699	2	100.4	1.3	-0.173	0.0963	0.00465	0.0569	0.00791	0.7	-0.22	2.74	1.00	0.00	0.16	111115
77	"09:21:52"	2982.5	0	13.4	0.296	298	2.8	1.04	12.41	6	1.42	1	2.84	10.34	12.41	10.12	400.18	382.78	0.713	4.055	5.68	32.31	500.7	1699	2	100.4	1.3	-0.173	0.0963	0.00465	0.0569	0.00791	0.7	-0.22	2.74	1.00	0.00	0.16	111115
78	"09:21:53"	2983.0	0	13.4	0.297	298	2.8	1.04	12.42	6	1.42	1	2.84	10.34	12.42	10.12	400.16	382.81	0.712	4.059	5.67	32.34	500.7	1699	2	100.4	1.3	-0.173	0.0963	0.00465	0.0569	0.00791	0.7	-0.22	2.74	1.00	0.00	0.16	111115
79	"09:21:53"	2984.0	0	13.4	0.297	298	2.81	1.04	12.43	6	1.42	1	2.84	10.34	12.43	10.12	400.18	382.80	0.712	4.063	5.67	32.36	500.7	1699	2	100.4	1.3	-0.173	0.0963	0.00465	0.0569	0.00791	1.0	-0.22	2.74	1.00	0.00	0.16	111115
80	"09:21:54"	2984.5	0	13.4	0.296	298	2.81	1.04	12.44	6	1.42	1	2.84	10.34	12.44	10.12	400.19	382.84	0.711	4.063	5.67	32.36	500.8	1699	2	100.4	1.3	-0.173	0.0963	0.00465	0.0569	0.00791	1.0	-0.22	2.74	1.00	0.00	0.16	111115
81	"09:21:55"	2985.0	0	13.5	0.296	298	2.81	1.04	12.45	6	1.42	1	2.84	10.34	12.45	10.11	400.21	382.78	0.711	4.064	5.66	32.36	500.8	1699	2	100.4	1.3	-0.173	0.0963	0.00465	0.0569	0.00791	1.0	-0.22	2.74	1.00	0.00	0.16	111115
82	"09:21:55"	2985.5	0	13.5	0.296	298	2.81	1.04	12.45	6	1.42	1	2.84	10.34	12.45	10.11	400.25	382.77	0.711	4.063	5.66	32.35	500.8	1699	2	100.4	1.3	-0.173	0.0963	0.00465	0.0569	0.00791	1.0	-0.22	2.74	1.00	0.00	0.16	111115
83	"09:21:56"	2986.0	0	13.5	0.296	298	2.81	1.04	12.45	6	1.42	1	2.84	10.35	12.45	10.11	400.28	382.82	0.712	4.063	5.67	32.35	500.8	1699	2	100.4	1.3	-0.173	0.0963	0.00465	0.0569	0.00791	1.0	-0.22	2.74	1.00	0.00	0.16	111115
84	"09:21:56"	2987.0	0	13.5	0.296	298	2.81	1.04	12.46	6	1.42	1	2.84	10.35	12.46	10.11	400.31	382.85	0.711	4.063	5.66	32.34	500.8	1699	2	100.4	1.3	-0.173	0.0963	0.00465	0.0569	0.00791	1.0	-0.22	2.74	1.00	0.00	0.16	111115
85	"09:21:57"	2988.5	0	13.6	0.296	297	2.81	1.04	12.45	6	1.42	1	2.84	10.35	12.45	10.12	400.33	382.69	0.710	4.064	5.65	32.34	500.8	1699	2	100.4	1.3	-0.173	0.0963	0.00465	0.0569	0.00791	1.0	-0.22	2.74	1.00	0.00	0.16	111115
"09:22:23 Coolers: Tblock -> 15.00 C"
"09:25:14 Flow: Fixed -> 500 umol/s"
86	"09:25:19"	3189.5	0	13.6	0.266	287	2.87	1.17	15.18	6	1.42	1	2.84	14.50	15.18	15.13	398.94	381.38	2.142	5.564	12.98	33.71	500.8	1699	2	100.4	0.793	-0.195	0.17	0.00835	0.072	0.0105	0.7	-0.22	2.74	1.00	0.00	0.16	111115
87	"09:25:19"	3189.5	0	13.6	0.266	287	2.87	1.17	15.18	6	1.42	1	2.84	14.50	15.18	15.13	398.94	381.38	2.142	5.564	12.98	33.71	500.8	1699	2	100.4	0.793	-0.195	0.17	0.00835	0.072	0.0105	0.7	-0.22	2.74	1.00	0.00	0.16	111115
88	"09:25:20"	3190.0	0	14.2	0.281	287	3.02	1.17	15.18	6	1.42	1	2.84	14.50	15.18	15.13	399.75	381.31	1.971	5.565	11.94	33.72	500.8	1699	2	100.4	0.793	-0.195	0.17	0.00835	0.072	0.0105	0.7	-0.22	2.74	1.00	0.00	0.16	111115
89	"09:25:20"	3190.5	0	14.2	0.284	288	3.05	1.17	15.18	6	1.42	1	2.84	14.51	15.18	15.13	399.84	381.40	1.937	5.566	11.73	33.72	500.7	1699	2	100.4	0.793	-0.195	0.17	0.00835	0.072	0.0105	0.7	-0.22	2.74	1.00	0.00	0.16	111115
90	"09:25:21"	3191.0	0	14.1	0.285	289	3.06	1.17	15.18	6	1.42	1	2.84	14.51	15.18	15.13	399.83	381.51	1.927	5.568	11.67	33.73	500.7	1699	2	100.4	0.793	-0.195	0.17	0.00835	0.072	0.0105	0.7	-0.22	2.74	1.00	0.00	0.16	111115
91	"09:25:21"	3191.5	0	14.2	0.286	289	3.06	1.17	15.18	6	1.42	1	2.84	14.51	15.18	15.13	399.83	381.45	1.921	5.573	11.64	33.76	500.7	1699	2	100.4	0.793	-0.195	0.17	0.00835	0.072	0.0105	0.7	-0.22	2.74	1.00	0.00	0.16	111115
92	"09:25:22"	3192.5	0	14.1	0.287	290	3.07	1.17	15.18	6	1.42	1	2.84	14.51	15.18	15.13	399.81	381.53	1.916	5.578	11.60	33.78	500.7	1699	2	100.4	0.793	-0.195	0.17	0.00835	0.072	0.0105	0.7	-0.22	2.74	1.00	0.00	0.16	111115
93	"09:25:23"	3193.0	0	14.1	0.288	290	3.08	1.17	15.18	6	1.42	1	2.84	14.52	15.18	15.13	399.80	381.54	1.914	5.582	11.59	33.80	500.8	1699	2	100.4	0.793	-0.195	0.17	0.00835	0.072	0.0105	0.7	-0.22	2.74	1.00	0.00	0.16	111115
94	"09:25:23"	3193.5	0	14	0.288	291	3.08	1.17	15.18	6	1.42	1	2.84	14.52	15.18	15.13	399.81	381.61	1.913	5.582	11.58	33.79	500.8	1699	2	100.4	0.793	-0.195	0.17	0.00835	0.072	0.0105	1.0	-0.22	2.74	1.00	0.00	0.16	111115
95	"09:25:24"	3194.0	0	14	0.288	291	3.08	1.17	15.18	6	1.42	1	2.84	14.52	15.18	15.13	399.81	381.62	1.912	5.582	11.57	33.78	500.8	1699	2	100.4	0.793	-0.195	0.17	0.00835	0.072	0.0105	1.0	-0.22	2.74	1.00	0.00	0.16	111115
96	"09:25:25"	3195.0	0	14.2	0.288	290	3.08	1.17	15.19	6	1.42	1	2.84	14.52	15.19	15.13	399.89	381.48	1.911	5.585	11.56	33.79	500.8	1699	2	100.4	0.793	-0.195	0.17	0.00835	0.072	0.0105	1.0	-0.22	2.74	1.00	0.00	0.16	111115
97	"09:25:26"	3195.5	0	14.3	0.288	289	3.09	1.17	15.19	6	1.42	1	2.84	14.53	15.19	15.13	399.94	381.45	1.910	5.586	11.55	33.80	500.8	1699	2	100.4	0.793	-0.195	0.17	0.00835	0.072	0.0105	1.0	-0.22	2.74	1.00	0.00	0.16	111115
98	"09:25:26"	3196.0	0	14.3	0.288	289	3.09	1.17	15.19	6	1.42	1	2.84	14.53	15.19	15.13	399.97	381.43	1.909	5.587	11.55	33.80	500.8	1699	2	100.4	0.793	-0.195	0.17	0.00835	0.072	0.0105	1.0	-0.22	2.74	1.00	0.00	0.16	111115
99	"09:25:27"	3197.0	0	14.3	0.288	289	3.09	1.17	15.21	6	1.42	1	2.84	14.53	15.21	15.13	400.01	381.46	1.908	5.586	11.54	33.79	500.8	1699	2	100.4	0.793	-0.195	0.17	0.00835	0.072	0.0105	1.0	-0.22	2.74	1.00	0.00	0.16	111115
100	"09:25:27"	3197.5	0	14.3	0.288	289	3.09	1.17	15.21	6	1.42	1	2.84	14.53	15.21	15.13	400.03	381.44	1.907	5.590	11.53	33.80	500.8	1699	2	100.4	0.793	-0.195	0.17	0.00835	0.072	0.0105	1.0	-0.22	2.74	1.00	0.00	0.16	111115
101	"09:25:28"	3198.0	0	14.3	0.288	289	3.09	1.17	15.21	6	1.42	1	2.84	14.54	15.21	15.13	400.06	381.54	1.906	5.588	11.53	33.79	500.7	1699	2	100.4	0.793	-0.195	0.17	0.00835	0.072	0.0105	1.0	-0.22	2.74	1.00	0.00	0.16	111115
102	"09:25:28"	3198.5	0	14.3	0.287	288	3.09	1.17	15.22	6	1.42	1	2.84	14.54	15.22	15.13	400.07	381.47	1.906	5.586	11.52	33.77	500.7	1699	2	100.4	0.793	-0.195	0.17	0.00835	0.072	0.0105	1.0	-0.22	2.74	1.00	0.00	0.16	111115
"09:26:45 Coolers: Tblock -> 20.00 C"
"09:31:46 Flow: Fixed -> 500 umol/s"
103	"09:31:47"	3579.0	0	12.6	0.23	280	3.06	1.43	18.76	6	1.42	1	2.84	19.12	18.76	20.13	397.25	380.80	3.798	7.440	17.16	33.63	500.8	1699	3	100.4	0.724	-0.224	0.0778	0.00441	0.0281	0.0021	1.0	-0.22	2.74	1.00	0.00	0.16	111115
104	"09:31:48"	3579.0	0	12.6	0.23	280	3.06	1.43	18.76	6	1.42	1	2.84	19.12	18.76	20.13	397.25	380.80	3.798	7.440	17.16	33.63	500.8	1699	3	100.4	0.724	-0.224	0.0778	0.00441	0.0281	0.0021	1.0	-0.22	2.74	1.00	0.00	0.16	111115
105	"09:31:48"	3579.5	0	13	0.24	280	3.19	1.43	18.76	6	1.42	1	2.84	19.12	18.76	20.13	397.83	380.74	3.649	7.440	16.49	33.62	500.7	1699	3	100.4	0.724	-0.224	0.0778	0.00441	0.0281	0.0021	1.0	-0.22	2.74	1.00	0.00	0.16	111115
106	"09:31:49"	3580.0	0	13.4	0.246	280	3.26	1.43	18.76	6	1.42	1	2.84	19.12	18.76	20.13	398.20	380.67	3.557	7.439	16.07	33.62	500.7	1699	3	100.4	0.724	-0.224	0.0778	0.00441	0.0281	0.0021	1.0	-0.22	2.74	1.00	0.00	0.16	111115
107	"09:31:49"	3580.5	0	13.6	0.25	280	3.32	1.43	18.77	6	1.42	1	2.84	19.13	18.77	20.13	398.47	380.67	3.496	7.440	15.80	33.62	500.8	1699	3	100.4	0.724	-0.224	0.0778	0.00441	0.0281	0.0021	1.0	-0.22	2.74	1.00	0.00	0.16	111115
108	"09:31:50"	3581.0	0	13.8	0.254	279	3.35	1.43	18.76	6	1.42	1	2.84	19.13	18.76	20.13	398.69	380.60	3.451	7.441	15.59	33.62	500.8	1699	3	100.4	0.724	-0.224	0.0778	0.00441	0.0281	0.0021	1.0	-0.22	2.74	1.00	0.00	0.16	111115
109	"09:31:51"	3581.5	0	14	0.256	279	3.38	1.43	18.76	6	1.42	1	2.84	19.13	18.76	20.13	398.86	380.59	3.417	7.440	15.44	33.62	500.8	1699	3	100.4	0.724	-0.224	0.0778	0.00441	0.0281	0.0021	1.0	-0.22	2.74	1.00	0.00	0.16	111115
110	"09:31:51"	3582.0	0	14.6	0.269	279	3.54	1.43	18.76	6	1.42	1	2.84	19.13	18.76	20.13	399.70	380.57	3.228	7.442	14.59	33.63	500.8	1699	3	100.4	0.724	-0.224	0.0778	0.00441	0.0281	0.0021	1.0	-0.22	2.74	1.00	0.00	0.16	111115
111	"09:31:52"	3582.5	0	14.8	0.271	279	3.57	1.43	18.77	6	1.42	1	2.84	19.13	18.77	20.14	399.84	380.48	3.195	7.441	14.44	33.62	500.8	1699	3	100.4	0.724	-0.224	0.0778	0.00441	0.0281	0.0021	1.0	-0.22	2.74	1.00	0.00	0.16	111115
112	"09:31:53"	3583.0	0	14.9	0.272	278	3.58	1.43	18.77	6	1.42	1	2.84	19.13	18.77	20.14	399.85	380.41	3.187	7.442	14.40	33.62	500.7	1699	3	100.4	0.724	-0.224	0.0778	0.00441	0.0281	0.0021	1.0	-0.22	2.74	1.00	0.00	0.16	111115
113	"09:31:53"	3584.0	0	14.9	0.272	278	3.58	1.43	18.78	6	1.42	1	2.84	19.13	18.78	20.14	399.92	380.41	3.181	7.444	14.37	33.63	500.7	1699	3	100.4	0.724	-0.224	0.0778	0.00441	0.0281	0.0021	1.0	-0.22	2.74	1.00	0.00	0.16	111115
114	"09:31:54"	3584.5	0	14.9	0.272	278	3.59	1.43	18.78	6	1.42	1	2.84	19.13	18.78	20.14	399.91	380.40	3.178	7.442	14.35	33.62	500.7	1699	3	100.4	0.724	-0.224	0.0778	0.00441	0.0281	0.0021	1.0	-0.22	2.74	1.00	0.00	0.16	111115
115	"09:31:54"	3585.0	0	14.9	0.272	278	3.59	1.43	18.79	6	1.42	1	2.84	19.13	18.79	20.14	399.89	380.43	3.176	7.442	14.35	33.61	500.7	1699	3	100.4	0.724	-0.224	0.0778	0.00441	0.0281	0.0021	1.0	-0.22	2.74	1.00	0.00	0.16	111115
116	"09:31:55"	3585.5	0	14.8	0.272	279	3.59	1.43	18.80	6	1.42	1	2.84	19.13	18.80	20.14	399.86	380.48	3.175	7.443	14.34	33.62	500.7	1699	3	100.4	0.724	-0.224	0.0778	0.00441	0.0281	0.0021	1.0	-0.22	2.74	1.00	0.00	0.16	111115
117	"09:31:55"	3586.0	0	14.8	0.272	279	3.59	1.43	18.81	6	1.42	1	2.84	19.14	18.81	20.14	399.84	380.45	3.174	7.443	14.33	33.61	500.7	1699	3	100.4	0.724	-0.224	0.0778	0.00441	0.0281	0.0021	1.0	-0.22	2.74	1.00	0.00	0.16	111115
118	"09:31:56"	3586.5	0	14.8	0.272	279	3.59	1.43	18.81	6	1.42	1	2.84	19.14	18.81	20.14	399.82	380.47	3.172	7.444	14.32	33.61	500.7	1699	2	100.4	0.724	-0.224	0.0778	0.00441	0.0281	0.0021	1.0	-0.22	2.74	1.00	0.00	0.16	111115
119	"09:32:26"	3617.0	0	14.7	0.272	279	3.61	1.44	18.89	6	1.42	1	2.84	19.18	18.89	20.11	399.76	380.48	3.165	7.465	14.25	33.61	500.7	1699	2	100.4	0.724	-0.224	0.0778	0.00441	0.0281	0.0021	0.7	-0.22	2.74	1.00	0.00	0.16	111115
120	"09:32:26"	3617.0	0	14.7	0.272	279	3.61	1.44	18.89	6	1.42	1	2.84	19.18	18.89	20.11	399.76	380.48	3.165	7.465	14.25	33.61	500.7	1699	2	100.4	0.724	-0.224	0.0778	0.00441	0.0281	0.0021	0.7	-0.22	2.74	1.00	0.00	0.16	111115
121	"09:32:27"	3617.5	0	14.8	0.272	279	3.62	1.44	18.89	6	1.42	1	2.84	19.18	18.89	20.11	399.76	380.34	3.165	7.468	14.25	33.62	500.7	1699	2	100.4	0.724	-0.224	0.0778	0.00441	0.0281	0.0021	0.7	-0.22	2.74	1.00	0.00	0.16	111115
122	"09:32:27"	3618.0	0	14.9	0.272	278	3.62	1.44	18.89	6	1.42	1	2.84	19.19	18.89	20.12	399.79	380.27	3.165	7.466	14.25	33.61	500.7	1699	2	100.4	0.724	-0.224	0.0778	0.00441	0.0281	0.0021	0.7	-0.22	2.74	1.00	0.00	0.16	111115
123	"09:32:28"	3618.5	0	14.8	0.272	278	3.62	1.44	18.90	6	1.42	1	2.84	19.19	18.90	20.12	399.78	380.37	3.165	7.467	14.25	33.61	500.7	1699	3	100.4	0.724	-0.224	0.0778	0.00441	0.0281	0.0021	0.7	-0.22	2.74	1.00	0.00	0.16	111115
124	"09:32:28"	3619.0	0	14.8	0.272	278	3.62	1.44	18.90	6	1.42	1	2.84	19.19	18.90	20.12	399.77	380.36	3.165	7.466	14.25	33.61	500.7	1699	3	100.4	0.724	-0.224	0.0778	0.00441	0.0281	0.0021	0.7	-0.22	2.74	1.00	0.00	0.16	111115
125	"09:32:29"	3619.5	0	14.9	0.272	278	3.62	1.44	18.90	6	1.42	1	2.84	19.19	18.90	20.12	399.81	380.32	3.165	7.469	14.25	33.62	500.7	1699	3	100.4	0.724	-0.224	0.0778	0.00441	0.0281	0.0021	0.7	-0.22	2.74	1.00	0.00	0.16	111115
126	"09:32:30"	3620.0	0	14.9	0.272	278	3.62	1.44	18.89	6	1.42	1	2.84	19.19	18.89	20.12	399.78	380.26	3.164	7.468	14.24	33.61	500.8	1699	2	100.4	0.724	-0.224	0.0778	0.00441	0.0281	0.0021	0.7	-0.22	2.74	1.00	0.00	0.16	111115
127	"09:32:30"	3621.0	0	14.9	0.272	278	3.62	1.44	18.90	6	1.42	1	2.84	19.19	18.90	20.12	399.81	380.30	3.165	7.467	14.25	33.61	500.8	1699	2	100.4	0.724	-0.224	0.0778	0.00441	0.0281	0.0021	0.7	-0.22	2.74	1.00	0.00	0.16	111115
128	"09:32:31"	3621.5	0	14.8	0.272	278	3.61	1.44	18.90	6	1.42	1	2.84	19.19	18.90	20.12	399.82	380.40	3.165	7.464	14.24	33.59	500.7	1699	2	100.4	0.724	-0.224	0.0778	0.00441	0.0281	0.0021	0.7	-0.22	2.74	1.00	0.00	0.16	111115
129	"09:32:32"	3622.5	0	14.9	0.272	278	3.62	1.44	18.90	6	1.42	1	2.84	19.19	18.90	20.12	399.95	380.44	3.165	7.470	14.24	33.61	500.7	1699	2	100.4	0.724	-0.224	0.0778	0.00441	0.0281	0.0021	0.7	-0.22	2.74	1.00	0.00	0.16	111115
130	"09:32:32"	3623.0	0	15	0.272	278	3.62	1.44	18.90	6	1.42	1	2.84	19.19	18.90	20.12	400.00	380.38	3.165	7.471	14.24	33.62	500.7	1699	2	100.4	0.724	-0.224	0.0778	0.00441	0.0281	0.0021	0.7	-0.22	2.74	1.00	0.00	0.16	111115
131	"09:32:33"	3623.5	0	15.1	0.272	277	3.62	1.44	18.89	6	1.42	1	2.84	19.19	18.89	20.11	400.05	380.30	3.166	7.470	14.25	33.62	500.7	1699	2	100.4	0.724	-0.224	0.0778	0.00441	0.0281	0.0021	0.7	-0.22	2.74	1.00	0.00	0.16	111115
132	"09:32:34"	3624.0	0	15.2	0.272	276	3.62	1.44	18.90	6	1.42	1	2.84	19.19	18.90	20.11	400.11	380.25	3.166	7.471	14.25	33.62	500.7	1699	3	100.4	0.724	-0.224	0.0778	0.00441	0.0281	0.0021	0.7	-0.22	2.74	1.00	0.00	0.16	111115
133	"09:32:34"	3625.0	0	15.2	0.273	276	3.62	1.44	18.90	6	1.42	1	2.84	19.19	18.90	20.11	400.26	380.38	3.166	7.474	14.25	33.63	500.7	1699	3	100.4	0.724	-0.224	0.0778	0.00441	0.0281	0.0021	0.7	-0.22	2.74	1.00	0.00	0.16	111115
134	"09:32:35"	3625.5	0	15.3	0.273	276	3.62	1.44	18.90	6	1.42	1	2.84	19.19	18.90	20.12	400.28	380.34	3.166	7.476	14.24	33.64	500.7	1699	3	100.4	0.724	-0.224	0.0778	0.00441	0.0281	0.0021	0.7	-0.22	2.74	1.00	0.00	0.16	111115
135	"09:32:35"	3626.0	0	15.2	0.272	276	3.62	1.44	18.90	6	1.42	1	2.84	19.19	18.90	20.12	400.27	380.37	3.166	7.473	14.25	33.62	500.7	1699	3	100.4	0.724	-0.224	0.0778	0.00441	0.0281	0.0021	0.7	-0.22	2.74	1.00	0.00	0.16	111115
136	"09:32:36"	3626.5	0	15.2	0.273	276	3.62	1.44	18.89	6	1.42	1	2.84	19.19	18.89	20.12	400.27	380.37	3.166	7.473	14.25	33.63	500.8	1699	3	100.4	0.724	-0.224	0.0778	0.00441	0.0281	0.0021	0.7	-0.22	2.74	1.00	0.00	0.16	111115
"09:34:08 Coolers: Tblock -> 25.00 C"
"09:38:41 Flow: Fixed -> 500 umol/s"
137	"09:38:44"	3995.0	0	13.2	0.217	269	3.36	1.65	21.69	6	1.42	1	2.84	23.44	21.69	25.12	398.67	381.37	5.544	9.528	19.23	33.05	500.8	1699	3	100.4	0.826	-0.256	0.13	0.00413	0.072	0.00464	1.0	-0.22	2.74	1.00	0.00	0.16	111115
138	"09:38:44"	3995.0	0	13.2	0.217	269	3.36	1.65	21.69	6	1.42	1	2.84	23.44	21.69	25.12	398.67	381.37	5.544	9.528	19.23	33.05	500.8	1699	3	100.4	0.826	-0.256	0.13	0.00413	0.072	0.00464	1.0	-0.22	2.74	1.00	0.00	0.16	111115
139	"09:38:45"	3995.5	0	13.3	0.22	269	3.41	1.65	21.69	6	1.42	1	2.84	23.44	21.69	25.12	398.86	381.32	5.485	9.529	19.03	33.05	500.7	1699	3	100.4	0.826	-0.256	0.13	0.00413	0.072	0.00464	1.0	-0.22	2.74	1.00	0.00	0.16	111115
140	"09:38:45"	3996.0	0	13.6	0.222	268	3.44	1.65	21.70	6	1.42	1	2.84	23.44	21.70	25.12	399.04	381.20	5.443	9.530	18.88	33.06	500.7	1699	3	100.4	0.826	-0.256	0.13	0.00413	0.072	0.00464	1.0	-0.22	2.74	1.00	0.00	0.16	111115
141	"09:38:46"	3996.5	0	13.7	0.224	268	3.47	1.65	21.70	6	1.42	1	2.84	23.44	21.70	25.12	399.19	381.19	5.411	9.531	18.77	33.06	500.7	1699	3	100.4	0.826	-0.256	0.13	0.00413	0.072	0.00464	1.0	-0.22	2.74	1.00	0.00	0.16	111115
142	"09:38:46"	3997.0	0	14.3	0.235	268	3.63	1.65	21.70	6	1.42	1	2.84	23.44	21.70	25.12	399.96	381.18	5.230	9.533	18.14	33.06	500.7	1699	3	100.4	0.826	-0.256	0.13	0.00413	0.072	0.00464	1.0	-0.22	2.74	1.00	0.00	0.16	111115
143	"09:38:47"	3997.5	0	14.4	0.236	268	3.65	1.65	21.70	6	1.42	1	2.84	23.44	21.70	25.12	400.05	381.08	5.202	9.532	18.04	33.06	500.7	1699	3	100.4	0.826	-0.256	0.13	0.00413	0.072	0.00464	1.0	-0.22	2.74	1.00	0.00	0.16	111115
144	"09:38:47"	3998.0	0	14.5	0.237	268	3.65	1.65	21.72	6	1.42	1	2.84	23.44	21.72	25.12	400.09	381.07	5.195	9.533	18.02	33.06	500.7	1699	2	100.4	0.826	-0.256	0.13	0.00413	0.072	0.00464	1.0	-0.22	2.74	1.00	0.00	0.16	111115
145	"09:38:48"	3998.5	0	14.5	0.237	268	3.66	1.65	21.72	6	1.42	1	2.84	23.44	21.72	25.12	400.11	381.08	5.192	9.532	18.00	33.05	500.7	1699	2	100.4	0.826	-0.256	0.13	0.00413	0.072	0.00464	1.0	-0.22	2.74	1.00	0.00	0.16	111115
146	"09:38:48"	3999.0	0	14.5	0.236	268	3.66	1.65	21.73	6	1.42	1	2.84	23.45	21.73	25.11	400.10	381.10	5.190	9.530	17.99	33.04	500.7	1699	2	100.4	0.826	-0.256	0.13	0.00413	0.072	0.00464	1.0	-0.22	2.74	1.00	0.00	0.16	111115
147	"09:38:49"	3999.5	0	14.4	0.237	268	3.66	1.65	21.73	6	1.42	1	2.84	23.45	21.73	25.11	400.13	381.15	5.189	9.534	17.99	33.05	500.7	1699	2	100.4	0.826	-0.256	0.13	0.00413	0.072	0.00464	1.0	-0.22	2.74	1.00	0.00	0.16	111115
148	"09:38:50"	4000.0	0	14.3	0.237	269	3.66	1.65	21.73	6	1.42	1	2.84	23.45	21.73	25.11	400.11	381.27	5.188	9.535	17.99	33.06	500.7	1699	2	100.4	0.826	-0.256	0.13	0.00413	0.072	0.00464	1.0	-0.22	2.74	1.00	0.00	0.16	111115
149	"09:38:50"	4000.5	0	14.2	0.237	270	3.66	1.65	21.74	6	1.42	1	2.84	23.45	21.74	25.11	400.10	381.38	5.187	9.536	17.98	33.06	500.7	1699	2	100.4	0.826	-0.256	0.13	0.00413	0.072	0.00464	1.0	-0.22	2.74	1.00	0.00	0.16	111115
150	"09:38:51"	4001.0	0	14.2	0.236	270	3.66	1.66	21.75	6	1.42	1	2.84	23.45	21.75	25.11	400.08	381.43	5.186	9.535	17.98	33.05	500.7	1699	2	100.4	0.826	-0.256	0.13	0.00413	0.072	0.00464	1.0	-0.22	2.74	1.00	0.00	0.16	111115
151	"09:38:51"	4002.0	0	14.1	0.237	270	3.67	1.66	21.76	6	1.42	1	2.84	23.45	21.76	25.11	400.11	381.48	5.185	9.542	17.97	33.07	500.7	1699	2	100.4	0.826	-0.256	0.13	0.00413	0.072	0.00464	1.0	-0.22	2.74	1.00	0.00	0.16	111115
152	"09:38:52"	4002.5	0	14.1	0.237	271	3.67	1.66	21.76	6	1.42	1	2.84	23.45	21.76	25.11	400.14	381.54	5.185	9.545	17.97	33.08	500.7	1699	2	100.4	0.826	-0.256	0.13	0.00413	0.072	0.00464	1.0	-0.22	2.74	1.00	0.00	0.16	111115
153	"09:38:53"	4003.0	0	14.1	0.237	271	3.67	1.66	21.75	6	1.42	1	2.84	23.45	21.75	25.11	400.16	381.58	5.184	9.544	17.97	33.08	500.7	1699	2	100.4	0.826	-0.256	0.13	0.00413	0.072	0.00464	1.0	-0.22	2.74	1.00	0.00	0.16	111115
154	"09:38:54"	4003.5	0	14.1	0.237	270	3.67	1.66	21.76	6	1.42	1	2.84	23.45	21.76	25.12	400.20	381.57	5.184	9.540	17.96	33.06	500.7	1699	2	100.4	0.826	-0.256	0.13	0.00413	0.072	0.00464	1.0	-0.22	2.74	1.00	0.00	0.16	111115
155	"09:38:55"	4004.5	0	14.3	0.236	269	3.67	1.66	21.77	6	1.42	1	2.84	23.46	21.77	25.12	400.25	381.49	5.184	9.536	17.96	33.04	500.8	1699	2	100.4	0.826	-0.256	0.13	0.00413	0.072	0.00464	1.0	-0.22	2.74	1.00	0.00	0.16	111115
156	"09:38:55"	4005.5	0	14.2	0.236	270	3.67	1.66	21.77	6	1.42	1	2.84	23.46	21.77	25.12	400.23	381.57	5.184	9.536	17.96	33.03	500.7	1699	2	100.4	0.826	-0.256	0.13	0.00413	0.072	0.00464	1.0	-0.22	2.74	1.00	0.00	0.16	111115
157	"09:38:56"	4006.5	0	14.1	0.236	271	3.67	1.66	21.77	6	1.42	1	2.84	23.46	21.77	25.13	400.20	381.63	5.183	9.535	17.95	33.02	500.7	1699	2	100.4	0.826	-0.256	0.13	0.00413	0.072	0.00464	1.0	-0.22	2.74	1.00	0.00	0.16	111115
158	"09:38:58"	4007.0	0	14.1	0.236	271	3.67	1.66	21.78	6	1.42	1	2.84	23.47	21.78	25.13	400.19	381.67	5.184	9.538	17.95	33.03	500.7	1699	2	100.4	0.826	-0.256	0.13	0.00413	0.072	0.00464	1.0	-0.22	2.74	1.00	0.00	0.16	111115
159	"09:38:58"	4008.0	0	14.1	0.236	271	3.67	1.66	21.79	6	1.42	1	2.84	23.47	21.79	25.13	400.19	381.62	5.184	9.539	17.95	33.03	500.7	1699	2	100.4	0.826	-0.256	0.13	0.00413	0.072	0.00464	1.0	-0.22	2.74	1.00	0.00	0.16	111115
160	"09:38:59"	4009.5	0	14.1	0.236	270	3.67	1.66	21.81	6	1.42	1	2.84	23.47	21.81	25.13	400.29	381.67	5.184	9.541	17.95	33.02	500.7	1699	2	100.4	0.826	-0.256	0.13	0.00413	0.072	0.00464	1.0	-0.22	2.74	1.00	0.00	0.16	111115
161	"09:39:00"	4010.0	0	14.2	0.236	269	3.67	1.66	21.81	6	1.42	1	2.84	23.47	21.81	25.13	400.35	381.60	5.184	9.543	17.94	33.03	500.7	1699	2	100.4	0.826	-0.256	0.13	0.00413	0.072	0.00464	1.0	-0.22	2.74	1.00	0.00	0.16	111115
162	"09:39:00"	4010.5	0	14.2	0.235	269	3.67	1.67	21.82	6	1.42	1	2.84	23.48	21.82	25.13	400.38	381.64	5.184	9.541	17.94	33.02	500.7	1699	2	100.4	0.826	-0.256	0.13	0.00413	0.072	0.00464	0.7	-0.22	2.74	1.00	0.00	0.16	111115
"09:40:25 Coolers: Tblock -> 30.00 C"
"09:51:54 Flow: Fixed -> 500 umol/s"
163	"09:51:55"	4786.5	0	10.3	0.117	228	2.31	2.02	26.45	6	1.42	1	2.84	28.52	26.45	30.13	397.23	383.83	11.686	14.413	30.02	37.02	500.4	1698	2	100.4	0.515	-0.324	0.0777	0.00953	0.0606	0.00942	1.0	-0.22	2.74	1.00	0.00	0.16	111115
164	"09:51:56"	4786.5	0	10.3	0.117	228	2.31	2.02	26.45	6	1.42	1	2.84	28.52	26.45	30.13	397.23	383.83	11.686	14.413	30.02	37.02	500.4	1698	2	100.4	0.515	-0.324	0.0777	0.00953	0.0606	0.00942	1.0	-0.22	2.74	1.00	0.00	0.16	111115
165	"09:51:56"	4787.0	0	11.2	0.125	226	2.47	2.02	26.45	6	1.42	1	2.84	28.52	26.45	30.13	398.16	383.65	11.482	14.404	29.49	37.00	500.6	1698	2	100.4	0.515	-0.324	0.0777	0.00953	0.0606	0.00942	1.0	-0.22	2.74	1.00	0.00	0.16	111115
166	"09:51:57"	4787.5	0	11.4	0.13	227	2.56	2.02	26.45	6	1.42	1	2.84	28.52	26.45	30.12	398.63	383.73	11.377	14.403	29.22	37.00	500.6	1698	2	100.4	0.515	-0.324	0.0777	0.00953	0.0606	0.00942	1.0	-0.22	2.74	1.00	0.00	0.16	111115
167	"09:51:57"	4788.0	0	11.7	0.133	228	2.62	2.02	26.45	6	1.42	1	2.84	28.52	26.45	30.12	398.94	383.77	11.313	14.408	29.06	37.01	500.7	1698	2	100.4	0.515	-0.324	0.0777	0.00953	0.0606	0.00942	1.0	-0.22	2.74	1.00	0.00	0.16	111115
168	"09:51:58"	4788.5	0	11.8	0.135	228	2.65	2.02	26.46	6	1.42	1	2.84	28.52	26.46	30.12	399.16	383.84	11.271	14.403	28.95	36.99	500.7	1698	2	100.4	0.515	-0.324	0.0777	0.00953	0.0606	0.00942	1.0	-0.22	2.74	1.00	0.00	0.16	111115
169	"09:51:58"	4789.0	0	11.9	0.136	228	2.68	2.02	26.46	6	1.42	1	2.84	28.52	26.46	30.12	399.30	383.80	11.240	14.400	28.87	36.98	500.7	1698	2	100.4	0.515	-0.324	0.0777	0.00953	0.0606	0.00942	1.0	-0.22	2.74	1.00	0.00	0.16	111115
170	"09:51:59"	4790.0	0	12.4	0.144	229	2.82	2.02	26.47	6	1.42	1	2.84	28.52	26.47	30.11	399.98	383.79	11.077	14.408	28.45	37.00	500.7	1698	2	100.4	0.515	-0.324	0.0777	0.00953	0.0606	0.00942	1.0	-0.22	2.74	1.00	0.00	0.16	111115
171	"09:51:59"	4790.5	0	12.4	0.144	230	2.83	2.02	26.47	6	1.42	1	2.84	28.52	26.47	30.11	400.01	383.82	11.059	14.405	28.40	36.99	500.7	1698	2	100.5	0.515	-0.324	0.0777	0.00953	0.0606	0.00942	1.0	-0.22	2.74	1.00	0.00	0.16	111115
172	"09:52:00"	4791.0	0	12.3	0.145	232	2.84	2.02	26.47	6	1.42	1	2.84	28.52	26.47	30.11	400.00	383.96	11.056	14.408	28.39	37.00	500.7	1699	2	100.5	0.515	-0.324	0.0777	0.00953	0.0606	0.00942	1.0	-0.22	2.74	1.00	0.00	0.16	111115
173	"09:52:00"	4791.5	0	12.3	0.145	232	2.84	2.02	26.48	6	1.42	1	2.84	28.52	26.48	30.11	399.95	383.95	11.055	14.409	28.39	37.00	500.7	1699	2	100.5	0.515	-0.324	0.0777	0.00953	0.0606	0.00942	1.0	-0.22	2.74	1.00	0.00	0.16	111115
174	"09:52:01"	4792.0	0	12.3	0.144	232	2.84	2.02	26.48	6	1.42	1	2.84	28.52	26.48	30.11	399.91	383.92	11.055	14.408	28.39	37.00	500.7	1699	2	100.5	0.515	-0.324	0.0777	0.00953	0.0606	0.00942	1.0	-0.22	2.74	1.00	0.00	0.16	111115
175	"09:52:02"	4792.5	0	12.2	0.145	233	2.84	2.02	26.48	6	1.42	1	2.84	28.52	26.48	30.11	399.86	383.92	11.055	14.411	28.39	37.01	500.7	1699	2	100.5	0.515	-0.324	0.0777	0.00953	0.0606	0.00942	1.0	-0.22	2.74	1.00	0.00	0.16	111115
176	"09:52:02"	4793.0	0	12.2	0.145	234	2.85	2.02	26.48	6	1.42	1	2.84	28.52	26.48	30.11	399.83	383.94	11.054	14.416	28.38	37.02	500.7	1700	2	100.5	0.515	-0.324	0.0777	0.00953	0.0606	0.00942	1.0	-0.22	2.74	1.00	0.00	0.16	111115
177	"09:52:03"	4793.5	0	12.1	0.145	234	2.84	2.02	26.48	6	1.42	1	2.84	28.52	26.48	30.11	399.83	384.00	11.055	14.414	28.38	37.01	500.7	1700	2	100.5	0.515	-0.324	0.0777	0.00953	0.0606	0.00942	1.0	-0.22	2.74	1.00	0.00	0.16	111115
178	"09:52:03"	4794.0	0	12	0.144	235	2.84	2.02	26.48	6	1.42	1	2.84	28.52	26.48	30.11	399.85	384.15	11.055	14.408	28.38	36.99	500.7	1700	2	100.5	0.515	-0.324	0.0777	0.00953	0.0606	0.00942	1.0	-0.22	2.74	1.00	0.00	0.16	111115
179	"09:52:04"	4794.5	0	12.1	0.144	234	2.84	2.02	26.48	6	1.42	1	2.84	28.52	26.48	30.11	399.90	384.13	11.055	14.407	28.38	36.99	500.7	1700	2	100.5	0.515	-0.324	0.0777	0.00953	0.0606	0.00942	1.0	-0.22	2.74	1.00	0.00	0.16	111115
180	"09:52:04"	4795.0	0	12	0.144	235	2.84	2.02	26.48	6	1.42	1	2.84	28.52	26.48	30.11	399.91	384.22	11.055	14.409	28.38	36.99	500.7	1700	2	100.5	0.515	-0.324	0.0777	0.00953	0.0606	0.00942	1.0	-0.22	2.74	1.00	0.00	0.16	111115
181	"09:52:05"	4796.0	0	12.1	0.145	235	2.84	2.02	26.48	6	1.42	1	2.84	28.53	26.48	30.11	400.01	384.25	11.054	14.410	28.38	36.99	500.7	1700	2	100.5	0.515	-0.324	0.0777	0.00953	0.0606	0.00942	1.0	-0.22	2.74	1.00	0.00	0.16	111115
182	"09:52:06"	4796.5	0	12	0.145	235	2.84	2.02	26.48	6	1.42	1	2.84	28.53	26.48	30.11	400.06	384.33	11.055	14.414	28.38	37.00	500.7	1700	2	100.5	0.515	-0.324	0.0777	0.00953	0.0606	0.00942	1.0	-0.22	2.74	1.00	0.00	0.16	111115
183	"09:52:07"	4797.5	0	12.1	0.145	235	2.85	2.02	26.48	6	1.42	1	2.84	28.53	26.48	30.11	400.13	384.32	11.056	14.420	28.38	37.01	500.7	1700	2	100.5	0.515	-0.324	0.0777	0.00953	0.0606	0.00942	1.0	-0.22	2.74	1.00	0.00	0.16	111115
184	"09:52:07"	4798.0	0	12.2	0.145	234	2.85	2.02	26.48	6	1.42	1	2.84	28.53	26.48	30.11	400.18	384.21	11.057	14.425	28.38	37.02	500.7	1700	2	100.5	0.515	-0.324	0.0777	0.00953	0.0606	0.00942	1.0	-0.22	2.74	1.00	0.00	0.16	111115
185	"09:52:08"	4798.5	0	12.2	0.146	234	2.86	2.02	26.47	6	1.42	1	2.84	28.53	26.47	30.11	400.19	384.22	11.058	14.430	28.38	37.04	500.7	1700	2	100.5	0.515	-0.324	0.0777	0.00953	0.0606	0.00942	1.0	-0.22	2.74	1.00	0.00	0.16	111115
186	"09:52:10"	4799.5	0	12.4	0.146	231	2.86	2.02	26.48	6	1.42	1	2.84	28.53	26.48	30.11	400.30	384.07	11.059	14.431	28.38	37.04	500.7	1700	2	100.5	0.515	-0.324	0.0777	0.00953	0.0606	0.00942	1.0	-0.22	2.74	1.00	0.00	0.16	111115
187	"09:52:38"	4830.0	0	12	0.143	234	2.88	2.07	26.73	6	1.42	1	2.84	28.61	26.73	30.12	399.84	384.16	11.087	14.487	28.33	37.01	500.7	1699	2	100.5	0.515	-0.324	0.0777	0.00953	0.0606	0.00942	0.7	-0.22	2.74	1.00	0.00	0.16	111115
188	"09:52:39"	4830.0	0	12	0.143	234	2.88	2.07	26.73	6	1.42	1	2.84	28.61	26.73	30.12	399.84	384.16	11.087	14.487	28.33	37.01	500.7	1699	2	100.5	0.515	-0.324	0.0777	0.00953	0.0606	0.00942	0.7	-0.22	2.74	1.00	0.00	0.16	111115
189	"09:52:39"	4830.5	0	12	0.143	234	2.88	2.07	26.73	6	1.42	1	2.84	28.61	26.73	30.12	399.84	384.15	11.087	14.484	28.32	37.00	500.7	1699	2	100.4	0.515	-0.324	0.0777	0.00953	0.0606	0.00942	0.7	-0.22	2.74	1.00	0.00	0.16	111115
190	"09:52:40"	4831.0	0	12	0.143	233	2.88	2.07	26.74	6	1.42	1	2.84	28.61	26.74	30.12	399.89	384.14	11.088	14.484	28.32	37.00	500.7	1699	2	100.4	0.515	-0.324	0.0777	0.00953	0.0606	0.00942	0.7	-0.22	2.74	1.00	0.00	0.16	111115
191	"09:52:41"	4831.5	0	12	0.143	234	2.87	2.07	26.74	6	1.42	1	2.84	28.61	26.74	30.12	399.89	384.21	11.088	14.483	28.32	36.99	500.7	1699	2	100.4	0.515	-0.324	0.0777	0.00953	0.0606	0.00942	0.7	-0.22	2.74	1.00	0.00	0.16	111115
192	"09:52:41"	4832.0	0	12	0.143	233	2.87	2.07	26.74	6	1.42	1	2.84	28.61	26.74	30.12	399.93	384.20	11.089	14.481	28.32	36.99	500.7	1699	2	100.4	0.515	-0.324	0.0777	0.00953	0.0606	0.00942	0.7	-0.22	2.74	1.00	0.00	0.16	111115
193	"09:52:42"	4832.5	0	12	0.143	233	2.87	2.07	26.74	6	1.42	1	2.84	28.62	26.74	30.12	399.94	384.18	11.090	14.481	28.32	36.98	500.7	1699	2	100.4	0.515	-0.324	0.0777	0.00953	0.0606	0.00942	0.7	-0.22	2.74	1.00	0.00	0.16	111115
194	"09:52:43"	4833.5	0	12.1	0.143	232	2.88	2.07	26.74	6	1.42	1	2.84	28.62	26.74	30.12	399.98	384.10	11.091	14.487	28.32	37.00	500.7	1699	2	100.4	0.515	-0.324	0.0777	0.00953	0.0606	0.00942	0.7	-0.22	2.74	1.00	0.00	0.16	111115
195	"09:52:43"	4834.0	0	12.1	0.143	233	2.87	2.07	26.74	6	1.42	1	2.84	28.62	26.74	30.12	400.02	384.24	11.092	14.486	28.33	36.99	500.7	1699	2	100.4	0.515	-0.324	0.0777	0.00953	0.0606	0.00942	0.7	-0.22	2.74	1.00	0.00	0.16	111115
196	"09:52:44"	4835.0	0	12.2	0.143	232	2.88	2.07	26.75	6	1.42	1	2.84	28.62	26.75	30.12	400.02	384.12	11.093	14.493	28.33	37.01	500.7	1699	2	100.5	0.515	-0.324	0.0777	0.00953	0.0606	0.00942	0.7	-0.22	2.74	1.00	0.00	0.16	111115
197	"09:52:45"	4835.5	0	12.2	0.143	231	2.88	2.07	26.76	6	1.42	1	2.84	28.62	26.76	30.13	400.03	384.08	11.094	14.497	28.33	37.02	500.7	1699	2	100.4	0.515	-0.324	0.0777	0.00953	0.0606	0.00942	0.7	-0.22	2.74	1.00	0.00	0.16	111115
198	"09:52:45"	4836.0	0	12.3	0.143	231	2.88	2.07	26.77	6	1.42	1	2.84	28.62	26.77	30.13	400.04	384.01	11.094	14.500	28.33	37.02	500.7	1699	2	100.5	0.515	-0.324	0.0777	0.00953	0.0606	0.00942	0.7	-0.22	2.74	1.00	0.00	0.16	111115
199	"09:52:46"	4836.5	0	12.2	0.143	231	2.88	2.08	26.78	6	1.42	1	2.84	28.62	26.78	30.13	400.04	384.06	11.095	14.501	28.33	37.02	500.7	1699	2	100.4	0.515	-0.324	0.0777	0.00953	0.0606	0.00942	0.7	-0.22	2.74	1.00	0.00	0.16	111115
200	"09:52:46"	4837.0	0	12.2	0.143	231	2.88	2.08	26.78	6	1.42	1	2.84	28.62	26.78	30.13	400.03	384.10	11.096	14.498	28.32	37.01	500.7	1699	2	100.5	0.515	-0.324	0.0777	0.00953	0.0606	0.00942	0.7	-0.22	2.74	1.00	0.00	0.16	111115
201	"09:52:47"	4838.0	0	12.2	0.142	231	2.88	2.08	26.79	6	1.42	1	2.84	28.63	26.79	30.13	399.99	384.08	11.097	14.497	28.32	37.00	500.7	1699	2	100.5	0.515	-0.324	0.0777	0.00953	0.0606	0.00942	0.7	-0.22	2.74	1.00	0.00	0.16	111115
202	"09:52:48"	4838.5	0	12.1	0.143	232	2.88	2.08	26.79	6	1.42	1	2.84	28.63	26.79	30.13	399.98	384.16	11.097	14.499	28.32	37.00	500.7	1699	2	100.5	0.515	-0.324	0.0777	0.00953	0.0606	0.00942	0.7	-0.22	2.74	1.00	0.00	0.16	111115
203	"09:52:49"	4839.5	0	12	0.142	233	2.87	2.08	26.79	6	1.42	1	2.84	28.63	26.79	30.13	399.93	384.21	11.098	14.492	28.32	36.98	500.7	1699	2	100.5	0.515	-0.324	0.0777	0.00953	0.0606	0.00942	0.7	-0.22	2.74	1.00	0.00	0.16	111115
204	"09:52:49"	4840.0	0	11.9	0.142	234	2.88	2.08	26.79	6	1.42	1	2.84	28.63	26.79	30.13	399.92	384.31	11.098	14.495	28.32	36.99	500.7	1699	2	100.5	0.515	-0.324	0.0777	0.00953	0.0606	0.00942	1.0	-0.22	2.74	1.00	0.00	0.16	111115
205	"09:52:50"	4840.5	0	12	0.142	233	2.88	2.08	26.78	6	1.42	1	2.84	28.63	26.78	30.13	399.94	384.22	11.097	14.494	28.32	36.99	500.6	1699	2	100.5	0.515	-0.324	0.0777	0.00953	0.0606	0.00942	1.0	-0.22	2.74	1.00	0.00	0.16	111115
206	"09:52:51"	4841.5	0	12	0.143	233	2.88	2.08	26.78	6	1.42	1	2.84	28.63	26.78	30.13	399.98	384.24	11.099	14.497	28.32	36.99	500.7	1699	2	100.5	0.515	-0.324	0.0777	0.00953	0.0606	0.00942	1.0	-0.22	2.74	1.00	0.00	0.16	111115
207	"09:52:51"	4842.0	0	12.1	0.143	232	2.88	2.08	26.77	6	1.42	1	2.84	28.63	26.77	30.13	399.99	384.18	11.099	14.497	28.32	36.99	500.7	1699	2	100.5	0.515	-0.324	0.0777	0.00953	0.0606	0.00942	1.0	-0.22	2.74	1.00	0.00	0.16	111115
208	"09:52:52"	4842.5	0	12.1	0.143	233	2.88	2.07	26.77	6	1.42	1	2.84	28.63	26.77	30.13	400.00	384.23	11.099	14.495	28.32	36.98	500.7	1699	2	100.5	0.515	-0.324	0.0777	0.00953	0.0606	0.00942	1.0	-0.22	2.74	1.00	0.00	0.16	111115
209	"09:52:52"	4843.0	0	12.1	0.143	233	2.88	2.07	26.76	6	1.42	1	2.84	28.63	26.76	30.13	400.01	384.17	11.099	14.502	28.32	37.00	500.6	1699	2	100.5	0.515	-0.324	0.0777	0.00953	0.0606	0.00942	1.0	-0.22	2.74	1.00	0.00	0.16	111115
210	"09:52:53"	4844.0	0	12.2	0.143	232	2.88	2.07	26.76	6	1.42	1	2.84	28.64	26.76	30.13	400.04	384.12	11.101	14.501	28.32	36.99	500.6	1699	2	100.5	0.515	-0.324	0.0777	0.00953	0.0606	0.00942	1.0	-0.22	2.74	1.00	0.00	0.16	111115
211	"09:52:54"	4844.5	0	12.1	0.143	232	2.88	2.07	26.77	6	1.42	1	2.84	28.64	26.77	30.13	400.04	384.19	11.101	14.501	28.32	36.99	500.6	1699	2	100.5	0.515	-0.324	0.0777	0.00953	0.0606	0.00942	1.0	-0.22	2.74	1.00	0.00	0.16	111115
"09:53:30 Coolers: Tblock -> 35.00 C"
"09:55:31 Flow: Fixed -> 500 umol/s"
212	"09:55:33"	5004.5	0	10.8	0.123	227	2.95	2.43	28.90	6	1.42	1	2.84	32.44	28.90	35.14	399.37	385.03	12.122	15.597	24.88	32.01	500.7	1699	2	100.5	0.561	-0.344	0.0688	0.00805	0.0189	0.00612	1.0	-0.22	2.74	1.00	0.00	0.16	111115
213	"09:55:34"	5004.5	0	10.8	0.123	227	2.95	2.43	28.90	6	1.42	1	2.84	32.44	28.90	35.14	399.37	385.03	12.122	15.597	24.88	32.01	500.7	1699	2	100.5	0.561	-0.344	0.0688	0.00805	0.0189	0.00612	1.0	-0.22	2.74	1.00	0.00	0.16	111115
214	"09:55:34"	5005.0	0	10.9	0.124	227	2.97	2.43	28.91	6	1.42	1	2.84	32.44	28.91	35.13	399.47	384.99	12.095	15.594	24.82	32.00	500.7	1699	2	100.5	0.561	-0.344	0.0688	0.00805	0.0189	0.00612	1.0	-0.22	2.74	1.00	0.00	0.16	111115
215	"09:55:35"	5005.5	0	10.9	0.125	227	2.98	2.43	28.91	6	1.42	1	2.84	32.44	28.91	35.13	399.50	385.01	12.077	15.596	24.78	32.01	500.7	1699	2	100.5	0.561	-0.344	0.0688	0.00805	0.0189	0.00612	1.0	-0.22	2.74	1.00	0.00	0.16	111115
216	"09:55:35"	5006.0	0	11	0.125	228	3	2.44	28.91	6	1.42	1	2.84	32.44	28.91	35.13	399.52	384.99	12.063	15.597	24.75	32.01	500.7	1699	2	100.5	0.561	-0.344	0.0688	0.00805	0.0189	0.00612	1.0	-0.22	2.74	1.00	0.00	0.16	111115
217	"09:55:36"	5006.5	0	11	0.126	227	3	2.44	28.92	6	1.42	1	2.84	32.44	28.92	35.13	399.60	385.00	12.052	15.594	24.73	32.00	500.7	1699	2	100.5	0.561	-0.344	0.0688	0.00805	0.0189	0.00612	1.0	-0.22	2.74	1.00	0.00	0.16	111115
218	"09:55:36"	5007.0	0	11.2	0.128	228	3.06	2.44	28.93	6	1.42	1	2.84	32.44	28.93	35.13	399.85	385.05	11.992	15.600	24.61	32.01	500.7	1699	2	100.5	0.561	-0.344	0.0688	0.00805	0.0189	0.00612	1.0	-0.22	2.74	1.00	0.00	0.16	111115
219	"09:55:37"	5007.5	0	11.2	0.128	228	3.07	2.44	28.93	6	1.42	1	2.84	32.44	28.93	35.12	399.90	385.03	11.984	15.603	24.59	32.01	500.7	1699	2	100.5	0.561	-0.344	0.0688	0.00805	0.0189	0.00612	1.0	-0.22	2.74	1.00	0.00	0.16	111115
220	"09:55:38"	5008.0	0	11.3	0.128	227	3.07	2.44	28.94	6	1.42	1	2.84	32.45	28.94	35.12	399.95	385.04	11.983	15.602	24.58	32.00	500.7	1699	2	100.5	0.561	-0.344	0.0688	0.00805	0.0189	0.00612	1.0	-0.22	2.74	1.00	0.00	0.16	111115
221	"09:55:39"	5009.0	0	11.3	0.128	227	3.07	2.44	28.95	6	1.42	1	2.84	32.45	28.95	35.12	399.96	385.04	11.981	15.602	24.57	32.00	500.7	1699	2	100.5	0.561	-0.344	0.0688	0.00805	0.0189	0.00612	1.0	-0.22	2.74	1.00	0.00	0.16	111115
222	"09:55:40"	5010.0	0	11.4	0.128	225	3.07	2.45	28.97	6	1.42	1	2.84	32.45	28.97	35.11	400.06	385.00	11.981	15.606	24.57	32.00	500.7	1699	2	100.5	0.561	-0.344	0.0688	0.00805	0.0189	0.00612	1.0	-0.22	2.74	1.00	0.00	0.16	111115
223	"09:55:40"	5010.5	0	11.4	0.128	226	3.08	2.45	28.98	6	1.42	1	2.84	32.46	28.98	35.11	400.04	385.01	11.981	15.609	24.56	32.00	500.7	1699	2	100.5	0.561	-0.344	0.0688	0.00805	0.0189	0.00612	1.0	-0.22	2.74	1.00	0.00	0.16	111115
224	"09:55:41"	5011.5	0	11.3	0.128	226	3.07	2.45	28.99	6	1.42	1	2.84	32.46	28.99	35.11	400.03	385.09	11.982	15.603	24.56	31.99	500.6	1699	2	100.5	0.561	-0.344	0.0688	0.00805	0.0189	0.00612	1.0	-0.22	2.74	1.00	0.00	0.16	111115
225	"09:55:42"	5012.0	0	11.3	0.128	226	3.07	2.45	29.00	6	1.42	1	2.84	32.46	29.00	35.11	399.99	385.07	11.982	15.602	24.56	31.98	500.6	1699	2	100.5	0.561	-0.344	0.0688	0.00805	0.0189	0.00612	1.0	-0.22	2.74	1.00	0.00	0.16	111115
226	"09:55:43"	5013.0	0	11.3	0.128	226	3.07	2.45	29.00	6	1.42	1	2.84	32.46	29.00	35.11	399.94	385.04	11.982	15.605	24.56	31.98	500.7	1699	2	100.5	0.561	-0.344	0.0688	0.00805	0.0189	0.00612	1.0	-0.22	2.74	1.00	0.00	0.16	111115
227	"09:55:45"	5014.0	0	11.2	0.128	227	3.07	2.45	29.00	6	1.42	1	2.84	32.47	29.00	35.11	399.98	385.13	11.983	15.602	24.55	31.97	500.7	1699	2	100.5	0.561	-0.344	0.0688	0.00805	0.0189	0.00612	1.0	-0.22	2.74	1.00	0.00	0.16	111115
228	"09:55:46"	5014.5	0	11.2	0.128	227	3.07	2.45	28.99	6	1.42	1	2.84	32.47	28.99	35.11	399.98	385.12	11.983	15.607	24.55	31.98	500.7	1699	2	100.5	0.561	-0.344	0.0688	0.00805	0.0189	0.00612	1.0	-0.22	2.74	1.00	0.00	0.16	111115
229	"09:55:46"	5017.0	0	11.5	0.129	225	3.08	2.45	28.99	6	1.42	1	2.84	32.48	28.99	35.12	400.11	384.96	11.984	15.623	24.54	31.99	500.6	1699	2	100.5	0.561	-0.344	0.0688	0.00805	0.0189	0.00612	1.0	-0.22	2.74	1.00	0.00	0.16	111115
230	"09:55:47"	5017.5	0	11.5	0.128	224	3.08	2.45	28.99	6	1.42	1	2.84	32.48	28.99	35.12	400.13	384.90	11.985	15.621	24.54	31.98	500.7	1699	2	100.5	0.561	-0.344	0.0688	0.00805	0.0189	0.00612	1.0	-0.22	2.74	1.00	0.00	0.16	111115
231	"09:55:48"	5018.0	0	11.5	0.129	224	3.08	2.45	28.98	6	1.42	1	2.84	32.48	28.98	35.12	400.13	384.94	11.985	15.624	24.54	31.99	500.6	1699	2	100.5	0.561	-0.344	0.0688	0.00805	0.0189	0.00612	1.0	-0.22	2.74	1.00	0.00	0.16	111115
232	"09:55:48"	5019.0	0	11.4	0.129	226	3.09	2.45	28.98	6	1.42	1	2.84	32.49	28.98	35.12	400.22	385.17	11.986	15.626	24.53	31.98	500.7	1699	2	100.5	0.561	-0.344	0.0688	0.00805	0.0189	0.00612	1.0	-0.22	2.74	1.00	0.00	0.16	111115
"09:56:34 Coolers: Tblock -> 40.00 C"
"09:58:24 Flow: Fixed -> 500 umol/s"
233	"09:58:27"	5178.0	0	9.44	0.108	227	3.11	2.92	31.07	6	1.42	1	2.84	36.52	31.07	40.14	398.99	386.24	12.367	16.031	20.22	26.22	500.7	1699	2	100.5	0.41	-0.348	0.0934	0.00466	0.0249	0.00316	1.0	-0.22	2.74	1.00	0.00	0.16	111115
234	"09:58:27"	5178.0	0	9.44	0.108	227	3.11	2.92	31.07	6	1.42	1	2.84	36.52	31.07	40.14	398.99	386.24	12.367	16.031	20.22	26.22	500.7	1699	2	100.5	0.41	-0.348	0.0934	0.00466	0.0249	0.00316	1.0	-0.22	2.74	1.00	0.00	0.16	111115
235	"09:58:28"	5178.5	0	9.51	0.109	228	3.15	2.92	31.07	6	1.42	1	2.84	36.52	31.07	40.14	399.14	386.29	12.322	16.036	20.15	26.22	500.7	1699	2	100.5	0.41	-0.348	0.0934	0.00466	0.0249	0.00316	1.0	-0.22	2.74	1.00	0.00	0.16	111115
236	"09:58:28"	5179.0	0	9.54	0.11	228	3.18	2.92	31.07	6	1.42	1	2.84	36.53	31.07	40.14	399.20	386.30	12.289	16.037	20.09	26.22	500.6	1699	2	100.5	0.41	-0.348	0.0934	0.00466	0.0249	0.00316	1.0	-0.22	2.74	1.00	0.00	0.16	111115
237	"09:58:29"	5179.5	0	9.57	0.111	229	3.2	2.92	31.07	6	1.42	1	2.84	36.53	31.07	40.14	399.27	386.32	12.263	16.037	20.05	26.22	500.6	1699	2	100.5	0.41	-0.348	0.0934	0.00466	0.0249	0.00316	1.0	-0.22	2.74	1.00	0.00	0.16	111115
238	"09:58:29"	5180.0	0	9.85	0.116	231	3.33	2.92	31.08	6	1.42	1	2.84	36.53	31.08	40.13	399.75	386.40	12.109	16.039	19.80	26.22	500.6	1699	2	100.5	0.41	-0.348	0.0934	0.00466	0.0249	0.00316	1.0	-0.22	2.74	1.00	0.00	0.16	111115
239	"09:58:30"	5180.5	0	9.83	0.116	231	3.34	2.92	31.08	6	1.42	1	2.84	36.53	31.08	40.13	399.78	386.45	12.093	16.037	19.77	26.21	500.6	1699	2	100.5	0.41	-0.348	0.0934	0.00466	0.0249	0.00316	1.0	-0.22	2.74	1.00	0.00	0.16	111115
240	"09:58:31"	5181.0	0	9.81	0.116	232	3.35	2.92	31.08	6	1.42	1	2.84	36.54	31.08	40.13	399.80	386.49	12.090	16.039	19.76	26.21	500.6	1699	2	100.5	0.41	-0.348	0.0934	0.00466	0.0249	0.00316	1.0	-0.22	2.74	1.00	0.00	0.16	111115
241	"09:58:31"	5181.5	0	9.8	0.116	232	3.35	2.92	31.09	6	1.42	1	2.84	36.54	31.09	40.13	399.79	386.50	12.089	16.039	19.75	26.21	500.6	1699	2	100.5	0.41	-0.348	0.0934	0.00466	0.0249	0.00316	1.0	-0.22	2.74	1.00	0.00	0.16	111115
242	"09:58:32"	5182.0	0	9.96	0.116	230	3.35	2.92	31.09	6	1.42	1	2.84	36.54	31.09	40.13	399.81	386.32	12.089	16.043	19.75	26.21	500.6	1699	2	100.5	0.41	-0.348	0.0934	0.00466	0.0249	0.00316	1.0	-0.22	2.74	1.00	0.00	0.16	111115
243	"09:58:32"	5182.5	0	10	0.116	229	3.35	2.92	31.10	6	1.42	1	2.84	36.55	31.10	40.13	399.82	386.24	12.087	16.041	19.74	26.20	500.6	1699	1	100.5	0.41	-0.348	0.0934	0.00466	0.0249	0.00316	1.0	-0.22	2.74	1.00	0.00	0.16	111115
244	"09:58:33"	5183.5	0	10.3	0.116	225	3.35	2.93	31.10	6	1.42	1	2.84	36.55	31.10	40.13	399.92	386.09	12.088	16.037	19.74	26.19	500.6	1699	1	100.5	0.41	-0.348	0.0934	0.00466	0.0249	0.00316	1.0	-0.22	2.74	1.00	0.00	0.16	111115
245	"09:58:33"	5184.0	0	10.4	0.116	223	3.35	2.93	31.10	6	1.42	1	2.84	36.56	31.10	40.13	399.97	385.93	12.088	16.040	19.73	26.19	500.6	1699	1	100.5	0.41	-0.348	0.0934	0.00466	0.0249	0.00316	1.0	-0.22	2.74	1.00	0.00	0.16	111115
246	"09:58:34"	5184.5	0	10.4	0.116	222	3.35	2.93	31.11	6	1.42	1	2.84	36.56	31.11	40.13	399.98	385.92	12.089	16.041	19.73	26.18	500.6	1699	1	100.5	0.41	-0.348	0.0934	0.00466	0.0249	0.00316	1.0	-0.22	2.74	1.00	0.00	0.16	111115
247	"09:58:34"	5185.0	0	10.5	0.116	222	3.35	2.93	31.11	6	1.42	1	2.84	36.56	31.11	40.13	399.99	385.88	12.088	16.044	19.73	26.18	500.6	1699	1	100.5	0.41	-0.348	0.0934	0.00466	0.0249	0.00316	1.0	-0.22	2.74	1.00	0.00	0.16	111115
248	"09:58:35"	5185.5	0	10.5	0.116	222	3.36	2.93	31.11	6	1.42	1	2.84	36.56	31.11	40.13	400.02	385.92	12.088	16.045	19.72	26.18	500.6	1699	1	100.5	0.41	-0.348	0.0934	0.00466	0.0249	0.00316	1.0	-0.22	2.74	1.00	0.00	0.16	111115
249	"09:58:36"	5186.0	0	10.6	0.116	221	3.35	2.93	31.11	6	1.42	1	2.84	36.57	31.11	40.13	400.09	385.87	12.089	16.044	19.72	26.17	500.6	1699	1	100.5	0.41	-0.348	0.0934	0.00466	0.0249	0.00316	1.0	-0.22	2.74	1.00	0.00	0.16	111115
250	"09:58:37"	5186.5	0	10.5	0.116	221	3.35	2.93	31.11	6	1.42	1	2.84	36.57	31.11	40.13	400.10	385.94	12.089	16.045	19.72	26.17	500.6	1699	2	100.5	0.41	-0.348	0.0934	0.00466	0.0249	0.00316	1.0	-0.22	2.74	1.00	0.00	0.16	111115
251	"09:58:37"	5187.5	0	10.5	0.116	222	3.36	2.93	31.11	6	1.42	1	2.84	36.58	31.11	40.13	400.10	386.00	12.089	16.048	19.71	26.17	500.6	1699	2	100.5	0.41	-0.348	0.0934	0.00466	0.0249	0.00316	1.0	-0.22	2.74	1.00	0.00	0.16	111115
252	"09:58:38"	5188.0	0	10.4	0.116	224	3.35	2.93	31.12	6	1.42	1	2.84	36.58	31.12	40.13	400.11	386.12	12.090	16.046	19.71	26.16	500.6	1699	2	100.5	0.41	-0.348	0.0934	0.00466	0.0249	0.00316	1.0	-0.22	2.74	1.00	0.00	0.16	111115
253	"09:58:38"	5189.0	0	10.3	0.116	224	3.35	2.93	31.13	6	1.42	1	2.84	36.59	31.13	40.14	400.14	386.20	12.090	16.044	19.70	26.15	500.6	1699	2	100.5	0.41	-0.348	0.0934	0.00466	0.0249	0.00316	1.0	-0.22	2.74	1.00	0.00	0.16	111115
254	"09:58:39"	5189.5	0	10.3	0.116	224	3.35	2.93	31.13	6	1.42	1	2.84	36.59	31.13	40.14	400.13	386.22	12.089	16.042	19.70	26.14	500.6	1699	2	100.5	0.41	-0.348	0.0934	0.00466	0.0249	0.00316	1.0	-0.22	2.74	1.00	0.00	0.16	111115
255	"09:58:40"	5190.0	0	10.2	0.116	225	3.35	2.94	31.14	6	1.42	1	2.84	36.59	31.14	40.14	400.11	386.28	12.089	16.042	19.70	26.14	500.6	1699	2	100.5	0.41	-0.348	0.0934	0.00466	0.0249	0.00316	1.0	-0.22	2.74	1.00	0.00	0.16	111115
256	"09:58:40"	5190.5	0	10.4	0.116	223	3.35	2.94	31.14	6	1.42	1	2.84	36.59	31.14	40.14	400.14	386.18	12.089	16.038	19.69	26.13	500.6	1699	2	100.5	0.41	-0.348	0.0934	0.00466	0.0249	0.00316	1.0	-0.22	2.74	1.00	0.00	0.16	111115
257	"09:58:41"	5191.0	0	10.3	0.115	223	3.35	2.94	31.15	6	1.42	1	2.84	36.60	31.15	40.14	400.12	386.20	12.089	16.036	19.69	26.12	500.7	1699	2	100.5	0.41	-0.348	0.0934	0.00466	0.0249	0.00316	1.0	-0.22	2.74	1.00	0.00	0.16	111115
258	"09:58:42"	5192.0	0	10.4	0.115	222	3.34	2.95	31.17	6	1.42	1	2.84	36.60	31.17	40.14	400.27	386.24	12.089	16.033	19.68	26.10	500.7	1699	2	100.5	0.41	-0.348	0.0934	0.00466	0.0249	0.00316	1.0	-0.22	2.74	1.00	0.00	0.16	111115
259	"09:58:43"	5193.0	0	10.5	0.115	221	3.34	2.95	31.19	6	1.42	1	2.84	36.61	31.19	40.14	400.38	386.30	12.090	16.032	19.68	26.09	500.7	1699	2	100.5	0.41	-0.348	0.0934	0.00466	0.0249	0.00316	1.0	-0.22	2.74	1.00	0.00	0.16	111115
260	"09:58:43"	5194.0	0	10.5	0.115	220	3.34	2.95	31.20	6	1.42	1	2.84	36.62	31.20	40.14	400.49	386.38	12.091	16.030	19.67	26.08	500.7	1699	2	100.5	0.41	-0.348	0.0934	0.00466	0.0249	0.00316	1.0	-0.22	2.74	1.00	0.00	0.16	111115
261	"09:58:44"	5194.5	0	10.4	0.115	221	3.34	2.95	31.21	6	1.42	1	2.84	36.62	31.21	40.14	400.57	386.52	12.093	16.034	19.67	26.08	500.7	1699	2	100.5	0.41	-0.348	0.0934	0.00466	0.0249	0.00316	1.0	-0.22	2.74	1.00	0.00	0.16	111115
"09:59:26 Coolers: Tblock -> 45.00 C"
"10:02:17 Flow: Fixed -> 500 umol/s"
262	"10:02:19"	5410.0	0	7.31	0.0822	224	3.07	3.72	34.05	6	1.42	1	2.84	41.03	34.05	45.17	398.74	388.56	12.639	16.256	16.22	20.86	500.7	1700	2	100.5	0.36	-0.35	0.0606	0.00318	0.0538	0.00169	1.0	-0.22	2.74	1.00	0.00	0.16	111115
263	"10:02:20"	5410.0	0	7.31	0.0822	224	3.07	3.72	34.05	6	1.42	1	2.84	41.03	34.05	45.17	398.74	388.56	12.639	16.256	16.22	20.86	500.7	1700	2	100.5	0.36	-0.35	0.0606	0.00318	0.0538	0.00169	1.0	-0.22	2.74	1.00	0.00	0.16	111115
264	"10:02:20"	5410.5	0	7.61	0.0848	223	3.16	3.72	34.04	6	1.42	1	2.84	41.03	34.04	45.17	399.08	388.49	12.524	16.250	16.07	20.85	500.7	1700	2	100.5	0.36	-0.35	0.0606	0.00318	0.0538	0.00169	1.0	-0.22	2.74	1.00	0.00	0.16	111115
265	"10:02:21"	5411.0	0	7.77	0.0863	222	3.21	3.72	34.03	6	1.42	1	2.84	41.03	34.03	45.17	399.28	388.47	12.456	16.244	15.98	20.84	500.7	1700	2	100.5	0.36	-0.35	0.0606	0.00318	0.0538	0.00169	1.0	-0.22	2.74	1.00	0.00	0.16	111115
266	"10:02:21"	5411.5	0	7.85	0.0874	222	3.25	3.72	34.03	6	1.42	1	2.84	41.03	34.03	45.17	399.37	388.45	12.410	16.245	15.92	20.84	500.6	1700	1	100.5	0.36	-0.35	0.0606	0.00318	0.0538	0.00169	1.0	-0.22	2.74	1.00	0.00	0.16	111115
267	"10:02:22"	5412.0	0	7.97	0.0883	221	3.28	3.72	34.02	6	1.42	1	2.84	41.03	34.02	45.17	399.46	388.38	12.377	16.245	15.88	20.84	500.6	1700	1	100.5	0.36	-0.35	0.0606	0.00318	0.0538	0.00169	1.0	-0.22	2.74	1.00	0.00	0.16	111115
268	"10:02:22"	5412.5	0	8.09	0.0888	220	3.3	3.72	34.02	6	1.42	1	2.84	41.03	34.02	45.17	399.55	388.31	12.352	16.242	15.84	20.83	500.7	1700	1	100.5	0.36	-0.35	0.0606	0.00318	0.0538	0.00169	1.0	-0.22	2.74	1.00	0.00	0.16	111115
269	"10:02:23"	5413.0	0	8.36	0.0923	221	3.43	3.72	34.01	6	1.42	1	2.84	41.03	34.01	45.17	399.96	388.35	12.198	16.237	15.64	20.82	500.7	1700	1	100.5	0.36	-0.35	0.0606	0.00318	0.0538	0.00169	1.0	-0.22	2.74	1.00	0.00	0.16	111115
270	"10:02:24"	5414.0	0	8.5	0.0927	219	3.44	3.71	34.00	6	1.42	1	2.84	41.04	34.00	45.17	399.97	388.19	12.178	16.230	15.62	20.81	500.6	1700	1	100.5	0.36	-0.35	0.0606	0.00318	0.0538	0.00169	1.0	-0.22	2.74	1.00	0.00	0.16	111115
271	"10:02:24"	5414.5	0	8.53	0.0928	218	3.44	3.71	33.99	6	1.42	1	2.84	41.04	33.99	45.18	399.95	388.13	12.177	16.230	15.61	20.81	500.6	1700	1	100.5	0.36	-0.35	0.0606	0.00318	0.0538	0.00169	1.0	-0.22	2.74	1.00	0.00	0.16	111115
272	"10:02:25"	5415.0	0	8.48	0.093	220	3.44	3.71	33.98	6	1.42	1	2.84	41.04	33.98	45.17	399.92	388.15	12.175	16.232	15.61	20.81	500.6	1700	1	100.5	0.36	-0.35	0.0606	0.00318	0.0538	0.00169	1.0	-0.22	2.74	1.00	0.00	0.16	111115
273	"10:02:25"	5415.5	0	8.52	0.0929	219	3.44	3.71	33.98	6	1.42	1	2.84	41.04	33.98	45.18	399.95	388.14	12.175	16.228	15.61	20.80	500.6	1700	2	100.5	0.36	-0.35	0.0606	0.00318	0.0538	0.00169	1.0	-0.22	2.74	1.00	0.00	0.16	111115
274	"10:02:26"	5416.5	0	8.49	0.0929	219	3.44	3.71	33.99	6	1.42	1	2.84	41.05	33.99	45.18	399.95	388.17	12.174	16.230	15.60	20.80	500.6	1700	2	100.5	0.36	-0.35	0.0606	0.00318	0.0538	0.00169	1.0	-0.22	2.74	1.00	0.00	0.16	111115
275	"10:02:27"	5417.0	0	8.53	0.0929	219	3.44	3.71	33.99	6	1.42	1	2.84	41.05	33.99	45.18	399.96	388.14	12.174	16.232	15.60	20.80	500.6	1700	2	100.5	0.36	-0.35	0.0606	0.00318	0.0538	0.00169	1.0	-0.22	2.74	1.00	0.00	0.16	111115
276	"10:02:27"	5417.5	0	8.6	0.093	218	3.44	3.71	33.99	6	1.42	1	2.84	41.05	33.99	45.18	400.00	388.10	12.173	16.235	15.59	20.80	500.6	1699	2	100.5	0.36	-0.35	0.0606	0.00318	0.0538	0.00169	1.0	-0.22	2.74	1.00	0.00	0.16	111115
277	"10:02:28"	5418.0	0	8.56	0.093	218	3.44	3.71	33.99	6	1.42	1	2.84	41.06	33.99	45.18	400.01	388.14	12.174	16.235	15.59	20.80	500.6	1700	2	100.5	0.36	-0.35	0.0606	0.00318	0.0538	0.00169	1.0	-0.22	2.74	1.00	0.00	0.16	111115
278	"10:02:29"	5418.5	0	8.55	0.0929	218	3.44	3.71	34.00	6	1.42	1	2.84	41.06	34.00	45.18	400.03	388.18	12.174	16.234	15.59	20.79	500.6	1700	2	100.5	0.36	-0.35	0.0606	0.00318	0.0538	0.00169	1.0	-0.22	2.74	1.00	0.00	0.16	111115
279	"10:02:29"	5419.5	0	8.6	0.0928	217	3.44	3.72	34.02	6	1.42	1	2.84	41.07	34.02	45.18	400.04	388.13	12.175	16.236	15.59	20.79	500.6	1700	1	100.5	0.36	-0.35	0.0606	0.00318	0.0538	0.00169	1.0	-0.22	2.74	1.00	0.00	0.16	111115
280	"10:02:30"	5420.0	0	8.52	0.0927	218	3.45	3.72	34.03	6	1.42	1	2.84	41.07	34.03	45.18	400.05	388.23	12.176	16.239	15.58	20.78	500.6	1699	1	100.5	0.36	-0.35	0.0606	0.00318	0.0538	0.00169	1.0	-0.22	2.74	1.00	0.00	0.16	111115
281	"10:02:30"	5420.5	0	8.53	0.0927	218	3.45	3.72	34.04	6	1.42	1	2.84	41.07	34.04	45.18	400.06	388.24	12.175	16.238	15.58	20.78	500.6	1699	1	100.5	0.36	-0.35	0.0606	0.00318	0.0538	0.00169	1.0	-0.22	2.74	1.00	0.00	0.16	111115
282	"10:02:31"	5421.0	0	8.55	0.0925	218	3.44	3.73	34.05	6	1.42	1	2.84	41.08	34.05	45.18	400.09	388.24	12.175	16.235	15.58	20.77	500.6	1699	1	100.5	0.36	-0.35	0.0606	0.00318	0.0538	0.00169	1.0	-0.22	2.74	1.00	0.00	0.16	111115
283	"10:02:32"	5422.0	0	8.47	0.0922	219	3.44	3.73	34.07	6	1.42	1	2.84	41.08	34.07	45.17	400.08	388.33	12.175	16.230	15.57	20.76	500.6	1699	1	100.5	0.36	-0.35	0.0606	0.00318	0.0538	0.00169	1.0	-0.22	2.74	1.00	0.00	0.16	111115
284	"10:02:32"	5422.5	0	8.44	0.0921	219	3.44	3.74	34.08	6	1.42	1	2.84	41.09	34.08	45.18	400.12	388.41	12.175	16.230	15.57	20.76	500.6	1699	1	100.5	0.36	-0.35	0.0606	0.00318	0.0538	0.00169	1.0	-0.22	2.74	1.00	0.00	0.16	111115
285	"10:02:33"	5423.0	0	8.49	0.092	218	3.44	3.74	34.09	6	1.42	1	2.84	41.09	34.09	45.18	400.17	388.39	12.175	16.229	15.57	20.75	500.6	1699	1	100.5	0.36	-0.35	0.0606	0.00318	0.0538	0.00169	1.0	-0.22	2.74	1.00	0.00	0.16	111115
286	"10:02:33"	5423.5	0	8.46	0.092	218	3.44	3.74	34.10	6	1.42	1	2.84	41.09	34.10	45.18	400.20	388.46	12.176	16.230	15.57	20.75	500.6	1699	2	100.5	0.36	-0.35	0.0606	0.00318	0.0538	0.00169	1.0	-0.22	2.74	1.00	0.00	0.16	111115
287	"10:02:34"	5424.0	0	8.52	0.0918	217	3.43	3.75	34.11	6	1.42	1	2.84	41.09	34.11	45.18	400.22	388.41	12.175	16.224	15.56	20.74	500.6	1699	2	100.5	0.36	-0.35	0.0606	0.00318	0.0538	0.00169	1.0	-0.22	2.74	1.00	0.00	0.16	111115
288	"10:02:35"	5425.0	0	8.53	0.0915	217	3.43	3.75	34.13	6	1.42	1	2.84	41.10	34.13	45.17	400.28	388.46	12.175	16.222	15.56	20.73	500.6	1699	2	100.5	0.36	-0.35	0.0606	0.00318	0.0538	0.00169	1.0	-0.22	2.74	1.00	0.00	0.16	111115
289	"10:02:35"	5425.5	0	8.58	0.0913	215	3.43	3.76	34.15	6	1.42	1	2.84	41.11	34.15	45.17	400.36	388.48	12.176	16.221	15.56	20.72	500.6	1699	2	100.5	0.36	-0.35	0.0606	0.00318	0.0538	0.00169	1.0	-0.22	2.74	1.00	0.00	0.16	111115
290	"10:02:36"	5426.0	0	8.61	0.0913	215	3.43	3.76	34.16	6	1.42	1	2.84	41.11	34.16	45.18	400.42	388.50	12.177	16.221	15.55	20.72	500.6	1699	2	100.5	0.36	-0.35	0.0606	0.00318	0.0538	0.00169	1.0	-0.22	2.74	1.00	0.00	0.16	111115
"10:03:23 Coolers: Tblock -> 50.00 C"
"10:14:23 Flow: Fixed -> 500 umol/s"
291	"10:14:24"	6135.0	0	3.71	0.048	242	2.35	4.79	37.29	6	1.42	1	2.84	45.48	37.29	49.91	397.74	392.18	13.292	16.059	13.52	16.33	500.6	1698	2	100.5	0.351	-0.348	0.0643	0.0112	0.036	0.0093	1.0	-0.22	2.74	1.00	0.00	0.16	111115
292	"10:14:24"	6135.0	0	3.71	0.048	242	2.35	4.79	37.29	6	1.42	1	2.84	45.48	37.29	49.91	397.74	392.18	13.292	16.059	13.52	16.33	500.6	1698	2	100.5	0.351	-0.348	0.0643	0.0112	0.036	0.0093	1.0	-0.22	2.74	1.00	0.00	0.16	111115
293	"10:14:25"	6135.5	0	4.54	0.0573	238	2.79	4.79	37.28	6	1.42	1	2.84	45.47	37.28	49.90	398.65	391.90	12.755	16.046	12.97	16.32	500.6	1698	1	100.5	0.351	-0.348	0.0643	0.0112	0.036	0.0093	1.0	-0.22	2.74	1.00	0.00	0.16	111115
294	"10:14:25"	6136.0	0	4.68	0.061	242	2.97	4.79	37.28	6	1.42	1	2.84	45.47	37.28	49.90	399.03	392.03	12.547	16.044	12.76	16.32	500.6	1698	2	100.5	0.351	-0.348	0.0643	0.0112	0.036	0.0093	1.0	-0.22	2.74	1.00	0.00	0.16	111115
295	"10:14:26"	6136.5	0	4.95	0.0629	238	3.06	4.79	37.28	6	1.42	1	2.84	45.47	37.28	49.90	399.23	391.86	12.441	16.045	12.65	16.32	500.5	1698	2	100.5	0.351	-0.348	0.0643	0.0112	0.036	0.0093	1.0	-0.22	2.74	1.00	0.00	0.16	111115
296	"10:14:26"	6137.0	0	5.01	0.0641	239	3.11	4.79	37.29	6	1.42	1	2.84	45.47	37.29	49.90	399.36	391.90	12.374	16.048	12.59	16.32	500.5	1698	1	100.5	0.351	-0.348	0.0643	0.0112	0.036	0.0093	1.0	-0.22	2.74	1.00	0.00	0.16	111115
297	"10:14:27"	6137.5	0	5.06	0.0648	240	3.15	4.8	37.30	6	1.42	1	2.84	45.48	37.30	49.90	399.41	391.87	12.331	16.048	12.54	16.32	500.5	1698	1	100.5	0.351	-0.348	0.0643	0.0112	0.036	0.0093	1.0	-0.22	2.74	1.00	0.00	0.16	111115
298	"10:14:28"	6138.0	0	5.09	0.0653	240	3.18	4.8	37.30	6	1.42	1	2.84	45.48	37.30	49.90	399.45	391.86	12.299	16.047	12.51	16.32	500.5	1698	1	100.5	0.351	-0.348	0.0643	0.0112	0.036	0.0093	1.0	-0.22	2.74	1.00	0.00	0.16	111115
299	"10:14:29"	6138.5	0	5.14	0.0658	239	3.2	4.8	37.31	6	1.42	1	2.84	45.48	37.31	49.90	399.50	391.83	12.276	16.051	12.48	16.32	500.5	1698	1	100.5	0.351	-0.348	0.0643	0.0112	0.036	0.0093	1.0	-0.22	2.74	1.00	0.00	0.16	111115
300	"10:14:30"	6139.5	0	5.37	0.0686	239	3.34	4.81	37.33	6	1.42	1	2.84	45.49	37.33	49.89	399.81	391.80	12.117	16.052	12.32	16.32	500.5	1699	1	100.5	0.351	-0.348	0.0643	0.0112	0.036	0.0093	1.0	-0.22	2.74	1.00	0.00	0.16	111115
301	"10:14:30"	6140.5	0	5.4	0.0688	239	3.35	4.8	37.32	6	1.42	1	2.84	45.49	37.32	49.89	399.81	391.77	12.113	16.059	12.31	16.32	500.5	1699	1	100.5	0.351	-0.348	0.0643	0.0112	0.036	0.0093	1.0	-0.22	2.74	1.00	0.00	0.16	111115
302	"10:14:31"	6141.5	0	5.44	0.0689	238	3.35	4.8	37.31	6	1.42	1	2.84	45.50	37.31	49.88	399.88	391.78	12.113	16.061	12.30	16.31	500.5	1700	1	100.5	0.351	-0.348	0.0643	0.0112	0.036	0.0093	1.0	-0.22	2.74	1.00	0.00	0.16	111115
303	"10:14:32"	6142.0	0	5.49	0.069	237	3.35	4.79	37.30	6	1.42	1	2.84	45.50	37.30	49.88	399.92	391.77	12.113	16.063	12.30	16.32	500.6	1700	1	100.5	0.351	-0.348	0.0643	0.0112	0.036	0.0093	1.0	-0.22	2.74	1.00	0.00	0.16	111115
304	"10:14:32"	6142.5	0	5.59	0.069	235	3.35	4.79	37.29	6	1.42	1	2.84	45.50	37.29	49.87	399.93	391.66	12.113	16.060	12.30	16.31	500.6	1700	1	100.5	0.351	-0.348	0.0643	0.0112	0.036	0.0093	1.0	-0.22	2.74	1.00	0.00	0.16	111115
305	"10:14:33"	6143.5	0	5.52	0.069	236	3.35	4.79	37.30	6	1.42	1	2.84	45.50	37.30	49.86	399.92	391.73	12.111	16.063	12.30	16.31	500.5	1700	1	100.5	0.351	-0.348	0.0643	0.0112	0.036	0.0093	1.0	-0.22	2.74	1.00	0.00	0.16	111115
306	"10:14:34"	6144.0	0	5.53	0.069	236	3.35	4.8	37.31	6	1.42	1	2.84	45.50	37.31	49.86	399.90	391.70	12.112	16.062	12.30	16.31	500.5	1700	1	100.5	0.351	-0.348	0.0643	0.0112	0.036	0.0093	1.0	-0.22	2.74	1.00	0.00	0.16	111115
307	"10:14:34"	6144.5	0	5.5	0.069	237	3.35	4.8	37.32	6	1.42	1	2.84	45.50	37.32	49.85	399.90	391.73	12.111	16.065	12.30	16.31	500.5	1700	2	100.5	0.351	-0.348	0.0643	0.0112	0.036	0.0093	1.0	-0.22	2.74	1.00	0.00	0.16	111115
308	"10:14:35"	6145.0	0	5.57	0.069	235	3.36	4.8	37.33	6	1.42	1	2.84	45.51	37.33	49.84	399.91	391.65	12.111	16.068	12.30	16.32	500.6	1700	1	100.5	0.351	-0.348	0.0643	0.0112	0.036	0.0093	1.0	-0.22	2.74	1.00	0.00	0.16	111115
309	"10:14:36"	6145.5	0	5.56	0.0691	235	3.36	4.8	37.33	6	1.42	1	2.84	45.51	37.33	49.84	399.91	391.67	12.111	16.074	12.30	16.32	500.5	1700	2	100.5	0.351	-0.348	0.0643	0.0112	0.036	0.0093	1.0	-0.22	2.74	1.00	0.00	0.16	111115
310	"10:14:36"	6146.5	0	5.43	0.0692	239	3.37	4.8	37.32	6	1.42	1	2.84	45.51	37.32	49.83	399.93	391.84	12.110	16.079	12.30	16.33	500.5	1700	1	100.5	0.351	-0.348	0.0643	0.0112	0.036	0.0093	1.0	-0.22	2.74	1.00	0.00	0.16	111115
311	"10:14:37"	6147.0	0	5.46	0.0693	238	3.37	4.8	37.32	6	1.42	1	2.84	45.51	37.32	49.82	399.96	391.83	12.111	16.082	12.30	16.33	500.5	1700	1	100.5	0.351	-0.348	0.0643	0.0112	0.036	0.0093	1.0	-0.22	2.74	1.00	0.00	0.16	111115
312	"10:14:38"	6148.0	0	5.53	0.0695	237	3.37	4.79	37.30	6	1.42	1	2.84	45.51	37.30	49.81	400.08	391.88	12.112	16.085	12.30	16.33	500.6	1700	1	100.5	0.351	-0.348	0.0643	0.0112	0.036	0.0093	1.0	-0.22	2.74	1.00	0.00	0.16	111115
313	"10:14:38"	6148.5	0	5.55	0.0695	237	3.37	4.79	37.29	6	1.42	1	2.84	45.51	37.29	49.80	400.14	391.91	12.112	16.086	12.30	16.33	500.6	1700	1	100.5	0.351	-0.348	0.0643	0.0112	0.036	0.0093	1.0	-0.22	2.74	1.00	0.00	0.16	111115
314	"10:14:39"	6149.0	0	5.59	0.0696	236	3.37	4.79	37.28	6	1.42	1	2.84	45.51	37.28	49.79	400.19	391.90	12.112	16.088	12.30	16.33	500.6	1700	1	100.5	0.351	-0.348	0.0643	0.0112	0.036	0.0093	1.0	-0.22	2.74	1.00	0.00	0.16	111115
315	"10:14:39"	6149.5	0	5.63	0.0696	235	3.37	4.79	37.28	6	1.42	1	2.84	45.51	37.28	49.79	400.25	391.91	12.112	16.087	12.30	16.33	500.6	1700	1	100.5	0.351	-0.348	0.0643	0.0112	0.036	0.0093	1.0	-0.22	2.74	1.00	0.00	0.16	111115
316	"10:14:40"	6150.5	0	5.69	0.0696	234	3.37	4.78	37.27	6	1.42	1	2.84	45.51	37.27	49.78	400.36	391.96	12.113	16.089	12.29	16.33	500.5	1700	1	100.5	0.351	-0.348	0.0643	0.0112	0.036	0.0093	1.0	-0.22	2.74	1.00	0.00	0.16	111115
