"OPEN 6.3.4"
"Fri Jul 20 2018 08:48:12"
<open><version>"6.3.4"</version></open>
<open><configfile>"/User/Configs/UserPrefs/LED2x3.xml"</configfile></open>
<open><light><source>"6400-02 or -02B LED Source"</source><par_in>1<sensor>"SI-2503"<cal>-0.86<actinity>1.00</actinity><transm>1.00</transm></cal></sensor><transm>1</transm></par_in><par_out>1<sensor>"Q40491"<cal>6.5</cal></sensor></par_out></light></open>
<open><comps><file>"/User/Configs/Comps/StdComps_6.1"<header>""</header><extras></extras></file><energybal>no<f_parIn>1</f_parIn><f_parOut>0</f_parOut><alphaK>0.16</alphaK></energybal><bc_total>2.840<stomatal_ratio>1</stomatal_ratio><bc_oneside>1.420<type>2</type><table>"/Sys/Lib/StdBLCTable"</table><area>6</area><slope>-0.219565</slope><offset>2.73739</offset><fan>5</fan></bc_oneside></bc_total></comps></open>
<open><prompts><onlog>off</onlog><items>"Default (none)"</items></prompts></open>
<open><constants><oxygen>21 %</oxygen><bb_vapor>1.5</bb_vapor><bb_oxy>0.9</bb_oxy></constants></open>
<open><stability><items>"Std Stability"<items[1]><id>-2</id><size>15</size><pcv><onoff>0</onoff><value>1</value></pcv><std><onoff>0</onoff><value>1</value></std><slp><onoff>1</onoff><value>1</value></slp></items[1]><items[2]><id>-5</id><size>15</size><pcv><onoff>0</onoff><value>1</value></pcv><std><onoff>0</onoff><value>1</value></std><slp><onoff>1</onoff><value>1</value></slp></items[2]><items[3]><id>-7</id><size>15</size><pcv><onoff>0</onoff><value>1</value></pcv><std><onoff>0</onoff><value>1</value></std><slp><onoff>1</onoff><value>1</value></slp></items[3]></items></stability></open>
<open><log><format>"StdLogFmt_6.0"<items>{ -35 -21 -70 -69 -76 30 23 36 21 25 221 -33 111 -34 11 -9 -10 -8 -1 -2 -4 -5 -14 -15 -7 -12 -13 -11 -65 -66 -72 -18 -19 -77 -78 -79 -23  }<hdr>{  }</hdr></items></format><options><beep>on</beep><match>"never"<time>30</time><co2>100</co2><delta>10</delta></match><hdr>normal</hdr><rem>normal</rem><stab>no</stab><stats>no<mean>no</mean><file>no</file><period>15</period></stats><excel>yes</excel><controls>yes</controls><comm>no</comm></options><datafile>"/User/0000-DWU7463-200718"</datafile><button><action>"Normal Log"<code>" LogOneObsManual "</code></action></button><autoprog>"/User/Configs/AutoProgs/AutoLog2"<active>no</active></autoprog></log></open>
<open><a2d><avgtime>4.0 secs</avgtime><userchans><ch20>"Off"</ch20><ch21>"Off"</ch21><ch22>"Off"</ch22><ch23>"Off"</ch23></userchans></a2d></open>
<open><matching><type>0</type><disp>'a'</disp><settings>><CO2Limit>10.0</CO2Limit><H2OLimit>1.0</H2OLimit><MaxAutoTime>60</MaxAutoTime><AverageTime>10</AverageTime></settings></matching></open>
<li6400><factory><unit>"PSC-2470"</unit><serviced>"5 Feb 2018"</serviced><fuseaware>0</fuseaware><co2mixer>yes</co2mixer><co2><coeffs>{ 0 0.214772 2.55802e-05 1.93228e-08 -3.02262e-12 2.75724e-16  }</coeffs><dvdt>-4</dvdt><xs>{ 9.11e-05 0.00178  }</xs></co2><h2o><coeffs>{ 0 0.00581526 2.16703e-06 7.69607e-12  }</coeffs><dvdt>-2.9</dvdt><xs>{ -0.000111 -0.00256  }</xs></h2o><flow>{ 0 0.3696  }</flow><press>{ 86.913 0.00551  }</press></factory></li6400>
<li6400><user><flow_zero>-3.5</flow_zero><irga_zero><co2>113.5 152.5<at>27.1329</at></co2><h2o>-3.5 -3.5<at>28.1091</at></h2o></irga_zero><irga_span><co2>{ 0.990134 0.992694  }</co2><h2o>{ 0.996743 0.99801  }</h2o></irga_span><irga_match><co2>{ 0.110267 6.96361  }</co2><h2o>{ -0.0816591 0.0489167  }</h2o></irga_match><co2_mixer><pump_mv>4500</pump_mv><ppm>{ 2352.67 1117.67 439.284 266.3 121.188 70.6751 48.8233 48.8102  }</ppm><mv>{ 5000 3000 1500 1000 500 300 200 100  }</mv></co2_mixer><parin_offset>-0.211894</parin_offset><led_cal><unit>"SI-2503"</unit><mv>{ 10 25 50 100 1000 2000 3000 4000 5000  }</mv><qntm>{ 1.83047 9.20354 23.3042 57.5395 736.221 1467.2 2160.1 2821.48 3447.04  }</qntm></led_cal><lcf_cal><unit>"LCF-0981"</unit><red><mv>{ 50 100 200 400 800 1500  }</mv><qntm>{ 64.6036 145.758 312.409 661.73 1377.94 2641.23  }</qntm></red><blue><mv>{ 100 500 1000 2000 3000 4000 5000  }</mv><qntm>{ 11.107 44.4539 81.9578 145.168 203.372 256.093 300.56  }</qntm></blue></lcf_cal></user></li6400>
"08:48:15 "
$STARTOFDATA$
"Obs"	"HHMMSS"	"YYYYMMDD"	"DOY"	"EBal?"	"Photo"	"Cond"	"Ci"	"Trmmol"	"VpdL"	"CTleaf"	"Area"	"BLC_1"	"StmRat"	"BLCond"	"Tair"	"Tleaf"	"TBlk"	"CO2R"	"CO2S"	"H2OR"	"H2OS"	"RH_R"	"RH_S"	"Flow"	"PARi"	"PARo"	"Press"	"CsMch"	"HsMch"	"StableF"	"BLCslope"	"BLCoffst"	"f_parin"	"f_parout"	"alphaK"	"Status"
"09:05:37 Coolers: Tblock -> 0.64 C"
1	"09:05:46"	20180720	201	0	3.73	0.0908	324	0.619	0.7	6.50	6	1.42	1	2.84	2.87	6.50	0.62	399.99	395.22	1.978	2.718	26.25	36.07	500.6	1700	2	100.1	6.96	0.0489	1.0	-0.22	2.74	1.00	0.00	0.16	111115
2	"09:05:46"	20180720	201	0	3.73	0.0908	324	0.619	0.7	6.50	6	1.42	1	2.84	2.87	6.50	0.62	399.99	395.22	1.978	2.718	26.25	36.07	500.6	1700	2	100.1	6.96	0.0489	1.0	-0.22	2.74	1.00	0.00	0.16	111115
3	"09:05:47"	20180720	201	0	3.72	0.0907	324	0.619	0.7	6.50	6	1.42	1	2.84	2.87	6.50	0.62	399.99	395.25	1.978	2.717	26.25	36.07	500.6	1700	2	100.1	6.96	0.0489	1.0	-0.22	2.74	1.00	0.00	0.16	111115
4	"09:05:47"	20180720	201	0	3.72	0.0907	324	0.619	0.7	6.51	6	1.42	1	2.84	2.87	6.51	0.62	399.99	395.25	1.977	2.717	26.25	36.07	500.6	1700	2	100.1	6.96	0.0489	1.0	-0.22	2.74	1.00	0.00	0.16	111115
5	"09:05:48"	20180720	201	0	3.73	0.0907	324	0.619	0.701	6.51	6	1.42	1	2.84	2.87	6.51	0.62	400.00	395.24	1.978	2.718	26.25	36.07	500.6	1700	2	100.1	6.96	0.0489	1.0	-0.22	2.74	1.00	0.00	0.16	111115
6	"09:05:48"	20180720	201	0	3.74	0.0907	323	0.618	0.7	6.50	6	1.42	1	2.84	2.87	6.50	0.62	400.01	395.24	1.978	2.717	26.25	36.07	500.6	1700	2	100.1	6.96	0.0489	1.0	-0.22	2.74	1.00	0.00	0.16	111115
7	"09:05:49"	20180720	201	0	3.74	0.0905	323	0.618	0.701	6.51	6	1.42	1	2.84	2.86	6.51	0.63	400.01	395.24	1.978	2.716	26.26	36.06	500.6	1700	2	100.1	6.96	0.0489	1.0	-0.22	2.74	1.00	0.00	0.16	111115
8	"09:05:50"	20180720	201	0	3.71	0.0904	324	0.618	0.701	6.52	6	1.42	1	2.84	2.86	6.52	0.63	400.01	395.27	1.978	2.717	26.26	36.07	500.6	1700	2	100.1	6.96	0.0489	1.0	-0.22	2.74	1.00	0.00	0.16	111115
9	"09:05:50"	20180720	201	0	3.7	0.0904	324	0.618	0.701	6.51	6	1.42	1	2.84	2.86	6.51	0.63	400.01	395.29	1.978	2.717	26.26	36.07	500.6	1700	2	100.1	6.96	0.0489	1.0	-0.22	2.74	1.00	0.00	0.16	111115
10	"09:05:51"	20180720	201	0	3.75	0.0904	323	0.618	0.701	6.52	6	1.42	1	2.84	2.86	6.52	0.63	400.03	395.24	1.978	2.716	26.26	36.06	500.6	1700	2	100.1	6.96	0.0489	1.0	-0.22	2.74	1.00	0.00	0.16	111115
11	"09:05:51"	20180720	201	0	3.75	0.0905	323	0.618	0.7	6.50	6	1.42	1	2.84	2.86	6.50	0.63	400.03	395.25	1.978	2.716	26.26	36.06	500.6	1700	2	100.1	6.96	0.0489	1.0	-0.22	2.74	1.00	0.00	0.16	111115
12	"09:05:52"	20180720	201	0	3.77	0.0907	323	0.618	0.699	6.49	6	1.42	1	2.84	2.86	6.49	0.64	400.05	395.24	1.978	2.716	26.26	36.07	500.6	1700	2	100.1	6.96	0.0489	1.0	-0.22	2.74	1.00	0.00	0.16	111115
13	"09:05:52"	20180720	201	0	3.74	0.0905	323	0.617	0.699	6.49	6	1.42	1	2.84	2.86	6.49	0.64	400.04	395.27	1.978	2.715	26.26	36.05	500.6	1700	2	100.1	6.96	0.0489	1.0	-0.22	2.74	1.00	0.00	0.16	111115
14	"09:05:53"	20180720	201	0	3.71	0.0905	324	0.617	0.7	6.49	6	1.42	1	2.84	2.86	6.49	0.64	400.01	395.27	1.978	2.716	26.27	36.06	500.6	1700	2	100.1	6.96	0.0489	1.0	-0.22	2.74	1.00	0.00	0.16	111115
15	"09:05:53"	20180720	201	0	3.71	0.0905	324	0.617	0.7	6.49	6	1.42	1	2.84	2.86	6.49	0.64	400.01	395.27	1.978	2.716	26.27	36.06	500.6	1700	2	100.1	6.96	0.0489	1.0	-0.22	2.74	1.00	0.00	0.16	111115
16	"09:05:54"	20180720	201	0	3.72	0.0903	324	0.616	0.699	6.49	6	1.42	1	2.84	2.86	6.49	0.64	400.02	395.27	1.978	2.715	26.27	36.04	500.6	1700	2	100.1	6.96	0.0489	1.0	-0.22	2.74	1.00	0.00	0.16	111115
17	"09:05:54"	20180720	201	0	3.72	0.0903	324	0.615	0.699	6.48	6	1.42	1	2.84	2.86	6.48	0.65	400.04	395.29	1.979	2.715	26.28	36.04	500.6	1700	2	100.1	6.96	0.0489	1.0	-0.22	2.74	1.00	0.00	0.16	111115
18	"09:05:55"	20180720	201	0	3.75	0.0905	323	0.616	0.699	6.48	6	1.42	1	2.84	2.86	6.48	0.65	400.04	395.25	1.979	2.716	26.28	36.06	500.6	1700	2	100.1	6.96	0.0489	1.0	-0.22	2.74	1.00	0.00	0.16	111115
"09:06:12 Coolers: Tblock -> 5.00 C"
"09:07:47 Flow: Fixed -> 300 umol/s"
"09:08:46 Flow: Fixed -> 200 umol/s"
19	"09:10:23"	20180720	201	0	4.15	0.0785	295	0.603	0.784	8.88	6	1.42	1	2.84	6.40	8.88	5.09	399.24	386.09	1.781	3.585	18.47	37.18	199.8	1699	2	100.1	6.96	0.0489	1.0	-0.22	2.74	1.00	0.00	0.16	111115
20	"09:10:24"	20180720	201	0	4.15	0.0781	295	0.601	0.785	8.89	6	1.42	1	2.84	6.40	8.89	5.09	399.21	386.07	1.787	3.584	18.54	37.17	199.8	1699	2	100.1	6.96	0.0489	0.7	-0.22	2.74	1.00	0.00	0.16	111115
21	"09:10:24"	20180720	201	0	4.15	0.0781	295	0.601	0.785	8.89	6	1.42	1	2.84	6.40	8.89	5.09	399.21	386.07	1.787	3.584	18.54	37.17	199.8	1699	2	100.1	6.96	0.0489	0.7	-0.22	2.74	1.00	0.00	0.16	111115
22	"09:10:24"	20180720	201	0	4.16	0.0778	294	0.599	0.785	8.89	6	1.42	1	2.84	6.40	8.89	5.09	399.22	386.04	1.793	3.585	18.60	37.17	199.8	1699	2	100.1	6.96	0.0489	0.7	-0.22	2.74	1.00	0.00	0.16	111115
23	"09:10:33"	20180720	201	0	4.23	0.0771	292	0.593	0.784	8.90	6	1.42	1	2.84	6.41	8.90	5.09	399.50	386.12	1.838	3.611	19.04	37.41	199.8	1699	3	100.1	6.96	0.0489	1.0	-0.22	2.74	1.00	0.00	0.16	111115
24	"09:10:34"	20180720	201	0	4.23	0.0771	292	0.593	0.784	8.90	6	1.42	1	2.84	6.41	8.90	5.09	399.50	386.12	1.838	3.611	19.04	37.41	199.8	1699	3	100.1	6.96	0.0489	1.0	-0.22	2.74	1.00	0.00	0.16	111115
25	"09:10:34"	20180720	201	0	4.22	0.0772	292	0.593	0.784	8.91	6	1.42	1	2.84	6.41	8.91	5.09	399.50	386.14	1.839	3.614	19.05	37.44	199.8	1699	3	100.1	6.96	0.0489	1.0	-0.22	2.74	1.00	0.00	0.16	111115
26	"09:10:35"	20180720	201	0	4.22	0.0772	293	0.593	0.783	8.91	6	1.42	1	2.84	6.41	8.91	5.09	399.51	386.16	1.840	3.615	19.06	37.44	199.8	1699	3	100.1	6.96	0.0489	1.0	-0.22	2.74	1.00	0.00	0.16	111115
27	"09:10:35"	20180720	201	0	4.22	0.0773	293	0.593	0.783	8.90	6	1.42	1	2.84	6.41	8.90	5.09	399.51	386.16	1.841	3.615	19.07	37.45	199.8	1699	3	100.1	6.96	0.0489	1.0	-0.22	2.74	1.00	0.00	0.16	111115
28	"09:10:36"	20180720	201	0	4.22	0.0773	293	0.593	0.783	8.91	6	1.42	1	2.84	6.41	8.91	5.08	399.52	386.17	1.841	3.616	19.07	37.46	199.8	1699	3	100.1	6.96	0.0489	1.0	-0.22	2.74	1.00	0.00	0.16	111115
29	"09:10:36"	20180720	201	0	4.2	0.0774	293	0.594	0.783	8.90	6	1.42	1	2.84	6.41	8.90	5.08	399.48	386.18	1.841	3.618	19.07	37.48	199.8	1699	3	100.1	6.96	0.0489	1.0	-0.22	2.74	1.00	0.00	0.16	111115
30	"09:10:37"	20180720	201	0	4.2	0.0775	293	0.594	0.783	8.90	6	1.42	1	2.84	6.41	8.90	5.08	399.47	386.18	1.842	3.619	19.08	37.49	199.8	1699	3	100.1	6.96	0.0489	1.0	-0.22	2.74	1.00	0.00	0.16	111115
31	"09:10:37"	20180720	201	0	4.18	0.0776	294	0.595	0.782	8.90	6	1.42	1	2.84	6.41	8.90	5.08	399.46	386.21	1.842	3.622	19.09	37.52	199.8	1699	3	100.1	6.96	0.0489	1.0	-0.22	2.74	1.00	0.00	0.16	111115
32	"09:10:38"	20180720	201	0	4.17	0.0776	294	0.595	0.782	8.90	6	1.42	1	2.84	6.41	8.90	5.08	399.46	386.25	1.843	3.623	19.09	37.53	199.8	1699	3	100.1	6.96	0.0489	1.0	-0.22	2.74	1.00	0.00	0.16	111115
33	"09:10:38"	20180720	201	0	4.16	0.0777	294	0.595	0.782	8.90	6	1.42	1	2.84	6.41	8.90	5.08	399.43	386.26	1.843	3.623	19.09	37.53	199.8	1699	2	100.1	6.96	0.0489	1.0	-0.22	2.74	1.00	0.00	0.16	111115
34	"09:10:39"	20180720	201	0	4.14	0.0777	295	0.596	0.782	8.90	6	1.42	1	2.84	6.41	8.90	5.08	399.40	386.28	1.843	3.625	19.09	37.55	199.8	1699	2	100.1	6.96	0.0489	1.0	-0.22	2.74	1.00	0.00	0.16	111115
35	"09:10:39"	20180720	201	0	4.13	0.0778	295	0.596	0.782	8.91	6	1.42	1	2.84	6.41	8.91	5.08	399.39	386.30	1.843	3.627	19.09	37.57	199.8	1699	2	100.1	6.96	0.0489	1.0	-0.22	2.74	1.00	0.00	0.16	111115
36	"09:10:40"	20180720	201	0	4.14	0.0779	295	0.597	0.782	8.91	6	1.42	1	2.84	6.41	8.91	5.08	399.41	386.29	1.843	3.630	19.09	37.59	199.8	1699	2	100.1	6.96	0.0489	1.0	-0.22	2.74	1.00	0.00	0.16	111115
37	"09:10:40"	20180720	201	0	4.13	0.0779	295	0.597	0.783	8.92	6	1.42	1	2.84	6.42	8.92	5.08	399.42	386.32	1.844	3.631	19.09	37.60	199.8	1699	2	100.1	6.96	0.0489	1.0	-0.22	2.74	1.00	0.00	0.16	111115
38	"09:10:41"	20180720	201	0	4.13	0.0779	295	0.598	0.783	8.93	6	1.42	1	2.84	6.42	8.93	5.08	399.41	386.33	1.844	3.633	19.09	37.63	199.8	1699	2	100.1	6.96	0.0489	1.0	-0.22	2.74	1.00	0.00	0.16	111115
39	"09:10:41"	20180720	201	0	4.13	0.0779	295	0.598	0.784	8.93	6	1.42	1	2.84	6.42	8.93	5.07	399.42	386.31	1.844	3.634	19.10	37.63	199.8	1699	2	100.1	6.96	0.0489	1.0	-0.22	2.74	1.00	0.00	0.16	111115
40	"09:10:42"	20180720	201	0	4.15	0.078	295	0.599	0.783	8.93	6	1.42	1	2.84	6.42	8.93	5.07	399.47	386.32	1.844	3.635	19.10	37.65	199.8	1699	2	100.1	6.96	0.0489	1.0	-0.22	2.74	1.00	0.00	0.16	111115
41	"09:10:42"	20180720	201	0	4.17	0.0781	295	0.599	0.783	8.93	6	1.42	1	2.84	6.42	8.93	5.07	399.54	386.33	1.845	3.637	19.11	37.67	199.8	1699	2	100.1	6.96	0.0489	1.0	-0.22	2.74	1.00	0.00	0.16	111115
"09:10:54 Coolers: Tblock -> 10.00 C"
42	"09:11:53"	20180720	201	0	4.25	0.0757	290	0.613	0.824	10.22	6	1.42	1	2.84	9.67	10.22	10.22	400.05	386.56	2.428	4.259	20.16	35.36	199.8	1700	2	100.1	6.96	0.0489	1.0	-0.22	2.74	1.00	0.00	0.16	111115
43	"09:11:53"	20180720	201	0	4.25	0.0757	290	0.613	0.824	10.22	6	1.42	1	2.84	9.67	10.22	10.22	400.05	386.56	2.428	4.259	20.16	35.36	199.8	1700	2	100.1	6.96	0.0489	1.0	-0.22	2.74	1.00	0.00	0.16	111115
44	"09:11:54"	20180720	201	0	4.24	0.0758	290	0.613	0.825	10.22	6	1.42	1	2.84	9.68	10.22	10.21	400.02	386.57	2.428	4.262	20.14	35.36	199.8	1700	2	100.1	6.96	0.0489	1.0	-0.22	2.74	1.00	0.00	0.16	111115
45	"09:11:54"	20180720	201	0	4.22	0.0758	291	0.614	0.825	10.23	6	1.42	1	2.84	9.69	10.23	10.20	399.98	386.60	2.429	4.264	20.14	35.35	199.8	1700	2	100.1	6.96	0.0489	1.0	-0.22	2.74	1.00	0.00	0.16	111115
46	"09:11:55"	20180720	201	0	4.22	0.0759	291	0.614	0.825	10.23	6	1.42	1	2.84	9.70	10.23	10.19	399.95	386.58	2.429	4.266	20.12	35.34	199.8	1700	2	100.1	6.96	0.0489	1.0	-0.22	2.74	1.00	0.00	0.16	111115
47	"09:11:55"	20180720	201	0	4.22	0.076	291	0.615	0.825	10.23	6	1.42	1	2.84	9.71	10.23	10.18	399.95	386.57	2.429	4.268	20.11	35.34	199.8	1700	2	100.1	6.96	0.0489	1.0	-0.22	2.74	1.00	0.00	0.16	111115
48	"09:11:56"	20180720	201	0	4.2	0.0761	292	0.616	0.825	10.23	6	1.42	1	2.84	9.72	10.23	10.17	399.91	386.57	2.429	4.270	20.10	35.33	199.8	1700	2	100.1	6.96	0.0489	1.0	-0.22	2.74	1.00	0.00	0.16	111115
49	"09:11:57"	20180720	201	0	4.19	0.0761	292	0.617	0.825	10.24	6	1.42	1	2.84	9.73	10.24	10.16	399.89	386.59	2.429	4.272	20.08	35.33	199.9	1700	2	100.1	6.96	0.0489	1.0	-0.22	2.74	1.00	0.00	0.16	111115
50	"09:11:57"	20180720	201	0	4.18	0.0762	292	0.617	0.825	10.25	6	1.42	1	2.84	9.74	10.25	10.15	399.87	386.59	2.429	4.275	20.07	35.31	199.8	1700	2	100.1	6.96	0.0489	1.0	-0.22	2.74	1.00	0.00	0.16	111115
51	"09:11:58"	20180720	201	0	4.18	0.0762	292	0.618	0.826	10.25	6	1.42	1	2.84	9.75	10.25	10.15	399.85	386.59	2.430	4.277	20.06	35.32	199.8	1700	2	100.1	6.96	0.0489	1.0	-0.22	2.74	1.00	0.00	0.16	111115
52	"09:11:58"	20180720	201	0	4.18	0.0763	293	0.619	0.826	10.26	6	1.42	1	2.84	9.76	10.26	10.14	399.83	386.58	2.429	4.280	20.05	35.32	199.8	1700	2	100.1	6.96	0.0489	1.0	-0.22	2.74	1.00	0.00	0.16	111115
53	"09:11:59"	20180720	201	0	4.18	0.0764	293	0.62	0.827	10.27	6	1.42	1	2.84	9.76	10.27	10.14	399.85	386.58	2.429	4.282	20.04	35.32	199.8	1700	2	100.1	6.96	0.0489	1.0	-0.22	2.74	1.00	0.00	0.16	111115
54	"09:11:59"	20180720	201	0	4.16	0.0764	293	0.62	0.827	10.28	6	1.42	1	2.84	9.77	10.28	10.14	399.81	386.59	2.429	4.283	20.03	35.32	199.8	1700	2	100.1	6.96	0.0489	1.0	-0.22	2.74	1.00	0.00	0.16	111115
55	"09:12:00"	20180720	201	0	4.18	0.0764	292	0.62	0.828	10.29	6	1.42	1	2.84	9.78	10.29	10.13	399.84	386.57	2.430	4.285	20.03	35.31	199.8	1700	2	100.1	6.96	0.0489	1.0	-0.22	2.74	1.00	0.00	0.16	111115
56	"09:12:00"	20180720	201	0	4.17	0.0764	293	0.621	0.828	10.29	6	1.42	1	2.84	9.78	10.29	10.13	399.84	386.60	2.430	4.287	20.02	35.32	199.8	1700	2	100.1	6.96	0.0489	1.0	-0.22	2.74	1.00	0.00	0.16	111115
57	"09:12:01"	20180720	201	0	4.18	0.0764	293	0.621	0.829	10.30	6	1.42	1	2.84	9.79	10.30	10.13	399.83	386.57	2.430	4.288	20.01	35.31	199.8	1700	2	100.1	6.96	0.0489	1.0	-0.22	2.74	1.00	0.00	0.16	111115
58	"09:12:02"	20180720	201	0	4.18	0.0764	292	0.622	0.83	10.32	6	1.42	1	2.84	9.80	10.32	10.12	399.84	386.56	2.431	4.291	20.01	35.32	199.8	1700	2	100.1	6.96	0.0489	1.0	-0.22	2.74	1.00	0.00	0.16	111115
"09:12:13 Coolers: Tblock -> 15.00 C"
59	"09:15:15"	20180720	201	0	4.73	0.0668	264	0.683	1.04	14.26	6	1.42	1	2.84	14.43	14.26	15.09	400.14	385.15	3.920	5.958	23.77	36.13	199.8	1700	3	100.1	6.96	0.0489	1.0	-0.22	2.74	1.00	0.00	0.16	111115
60	"09:15:15"	20180720	201	0	4.73	0.0668	264	0.683	1.04	14.26	6	1.42	1	2.84	14.43	14.26	15.09	400.14	385.15	3.920	5.958	23.77	36.13	199.8	1700	3	100.1	6.96	0.0489	1.0	-0.22	2.74	1.00	0.00	0.16	111115
61	"09:15:16"	20180720	201	0	4.72	0.0668	264	0.683	1.04	14.27	6	1.42	1	2.84	14.43	14.27	15.09	400.15	385.17	3.920	5.959	23.77	36.13	199.8	1700	3	100.1	6.96	0.0489	1.0	-0.22	2.74	1.00	0.00	0.16	111115
62	"09:15:16"	20180720	201	0	4.71	0.0667	264	0.683	1.04	14.27	6	1.42	1	2.84	14.44	14.27	15.09	400.14	385.19	3.920	5.958	23.77	36.13	199.8	1700	3	100.1	6.96	0.0489	0.7	-0.22	2.74	1.00	0.00	0.16	111115
63	"09:15:17"	20180720	201	0	4.71	0.0668	265	0.683	1.04	14.27	6	1.42	1	2.84	14.44	14.27	15.09	400.16	385.22	3.920	5.960	23.77	36.13	199.8	1700	3	100.1	6.96	0.0489	0.7	-0.22	2.74	1.00	0.00	0.16	111115
64	"09:15:17"	20180720	201	0	4.7	0.0668	265	0.684	1.04	14.28	6	1.42	1	2.84	14.44	14.28	15.09	400.18	385.26	3.921	5.961	23.76	36.13	199.8	1700	3	100.1	6.96	0.0489	0.7	-0.22	2.74	1.00	0.00	0.16	111115
65	"09:15:18"	20180720	201	0	4.71	0.0668	265	0.684	1.04	14.28	6	1.42	1	2.84	14.44	14.28	15.09	400.18	385.25	3.921	5.964	23.76	36.14	199.8	1700	3	100.1	6.96	0.0489	0.7	-0.22	2.74	1.00	0.00	0.16	111115
66	"09:15:18"	20180720	201	0	4.7	0.0668	265	0.685	1.04	14.28	6	1.42	1	2.84	14.45	14.28	15.09	400.16	385.26	3.921	5.965	23.76	36.14	199.8	1699	3	100.1	6.96	0.0489	0.7	-0.22	2.74	1.00	0.00	0.16	111115
67	"09:15:19"	20180720	201	0	4.72	0.067	265	0.686	1.04	14.29	6	1.42	1	2.84	14.45	14.29	15.09	400.17	385.22	3.921	5.967	23.76	36.16	199.9	1699	3	100.1	6.96	0.0489	0.7	-0.22	2.74	1.00	0.00	0.16	111115
68	"09:15:19"	20180720	201	0	4.71	0.0669	265	0.686	1.04	14.29	6	1.42	1	2.84	14.45	14.29	15.09	400.15	385.22	3.921	5.968	23.75	36.16	199.9	1700	3	100.1	6.96	0.0489	0.7	-0.22	2.74	1.00	0.00	0.16	111115
69	"09:15:20"	20180720	201	0	4.71	0.067	265	0.687	1.04	14.30	6	1.42	1	2.84	14.45	14.30	15.09	400.13	385.19	3.921	5.970	23.75	36.16	199.9	1700	3	100.1	6.96	0.0489	0.7	-0.22	2.74	1.00	0.00	0.16	111115
70	"09:15:20"	20180720	201	0	4.73	0.067	264	0.688	1.04	14.31	6	1.42	1	2.84	14.45	14.31	15.09	400.16	385.15	3.922	5.973	23.75	36.18	199.9	1700	3	100.1	6.96	0.0489	0.7	-0.22	2.74	1.00	0.00	0.16	111115
71	"09:15:21"	20180720	201	0	4.73	0.067	265	0.688	1.04	14.31	6	1.42	1	2.84	14.46	14.31	15.08	400.15	385.17	3.923	5.975	23.75	36.18	199.9	1700	3	100.1	6.96	0.0489	0.7	-0.22	2.74	1.00	0.00	0.16	111115
72	"09:15:21"	20180720	201	0	4.73	0.067	265	0.688	1.04	14.32	6	1.42	1	2.84	14.46	14.32	15.08	400.14	385.14	3.923	5.976	23.75	36.18	199.9	1700	3	100.1	6.96	0.0489	0.7	-0.22	2.74	1.00	0.00	0.16	111115
73	"09:15:22"	20180720	201	0	4.73	0.067	264	0.688	1.04	14.32	6	1.42	1	2.84	14.46	14.32	15.08	400.16	385.16	3.923	5.977	23.75	36.19	199.9	1700	3	100.1	6.96	0.0489	0.7	-0.22	2.74	1.00	0.00	0.16	111115
74	"09:15:22"	20180720	201	0	4.73	0.0671	265	0.689	1.04	14.32	6	1.42	1	2.84	14.46	14.32	15.08	400.16	385.15	3.923	5.980	23.74	36.19	199.8	1700	3	100.1	6.96	0.0489	1.0	-0.22	2.74	1.00	0.00	0.16	111115
75	"09:15:23"	20180720	201	0	4.72	0.0671	265	0.689	1.04	14.33	6	1.42	1	2.84	14.46	14.33	15.08	400.18	385.20	3.923	5.980	23.74	36.20	199.8	1700	3	100.1	6.96	0.0489	1.0	-0.22	2.74	1.00	0.00	0.16	111115
76	"09:15:24"	20180720	201	0	4.73	0.0671	265	0.69	1.04	14.34	6	1.42	1	2.84	14.47	14.34	15.08	400.23	385.22	3.923	5.983	23.74	36.21	199.8	1700	3	100.1	6.96	0.0489	1.0	-0.22	2.74	1.00	0.00	0.16	111115
77	"09:15:24"	20180720	201	0	4.74	0.0671	265	0.69	1.04	14.34	6	1.42	1	2.84	14.47	14.34	15.08	400.26	385.23	3.924	5.985	23.74	36.21	199.8	1700	3	100.1	6.96	0.0489	1.0	-0.22	2.74	1.00	0.00	0.16	111115
78	"09:15:25"	20180720	201	0	4.72	0.0673	265	0.693	1.04	14.37	6	1.42	1	2.84	14.48	14.37	15.08	400.11	385.13	3.921	5.990	23.71	36.22	199.9	1700	2	100.1	6.96	0.0489	1.0	-0.22	2.74	1.00	0.00	0.16	111115
79	"09:15:26"	20180720	201	0	4.72	0.0673	265	0.693	1.04	14.37	6	1.42	1	2.84	14.48	14.37	15.08	400.11	385.13	3.921	5.990	23.71	36.22	199.9	1700	2	100.1	6.96	0.0489	1.0	-0.22	2.74	1.00	0.00	0.16	111115
"09:15:45 Coolers: Tblock -> 20.00 C"
80	"09:19:17"	20180720	201	0	4.98	0.0578	238	0.734	1.28	17.53	6	1.42	1	2.84	18.92	17.53	20.08	400.34	384.55	5.124	7.311	23.36	33.34	199.8	1699	2	100.1	6.96	0.0489	1.0	-0.22	2.74	1.00	0.00	0.16	111115
81	"09:19:17"	20180720	201	0	4.98	0.0578	238	0.734	1.28	17.53	6	1.42	1	2.84	18.92	17.53	20.08	400.34	384.55	5.124	7.311	23.36	33.34	199.8	1699	2	100.1	6.96	0.0489	1.0	-0.22	2.74	1.00	0.00	0.16	111115
82	"09:19:18"	20180720	201	0	4.97	0.0579	238	0.735	1.28	17.53	6	1.42	1	2.84	18.92	17.53	20.08	400.33	384.56	5.123	7.315	23.35	33.35	199.8	1699	2	100.1	6.96	0.0489	0.7	-0.22	2.74	1.00	0.00	0.16	111115
83	"09:19:18"	20180720	201	0	4.96	0.058	239	0.737	1.28	17.54	6	1.42	1	2.84	18.93	17.54	20.08	400.28	384.54	5.121	7.318	23.34	33.36	199.8	1699	2	100.1	6.96	0.0489	0.7	-0.22	2.74	1.00	0.00	0.16	111115
84	"09:19:19"	20180720	201	0	4.95	0.0581	239	0.738	1.28	17.54	6	1.42	1	2.84	18.93	17.54	20.08	400.26	384.55	5.120	7.320	23.34	33.36	199.8	1699	2	100.1	6.96	0.0489	0.7	-0.22	2.74	1.00	0.00	0.16	111115
85	"09:19:19"	20180720	201	0	4.93	0.0582	240	0.739	1.28	17.54	6	1.42	1	2.84	18.93	17.54	20.08	400.20	384.55	5.118	7.321	23.32	33.36	199.8	1699	1	100.1	6.96	0.0489	0.7	-0.22	2.74	1.00	0.00	0.16	111115
86	"09:19:20"	20180720	201	0	4.91	0.0583	241	0.74	1.28	17.55	6	1.42	1	2.84	18.93	17.55	20.08	400.16	384.56	5.116	7.323	23.31	33.37	199.8	1699	1	100.1	6.96	0.0489	1.0	-0.22	2.74	1.00	0.00	0.16	111115
87	"09:19:20"	20180720	201	0	4.91	0.0583	241	0.741	1.28	17.55	6	1.42	1	2.84	18.93	17.55	20.08	400.15	384.56	5.116	7.325	23.31	33.37	199.8	1699	1	100.1	6.96	0.0489	1.0	-0.22	2.74	1.00	0.00	0.16	111115
88	"09:19:21"	20180720	201	0	4.91	0.0584	241	0.742	1.28	17.55	6	1.42	1	2.84	18.94	17.55	20.08	400.15	384.56	5.115	7.327	23.30	33.38	199.8	1699	1	100.1	6.96	0.0489	1.0	-0.22	2.74	1.00	0.00	0.16	111115
89	"09:19:21"	20180720	201	0	4.91	0.0584	241	0.743	1.28	17.55	6	1.42	1	2.84	18.94	17.55	20.08	400.14	384.54	5.114	7.327	23.29	33.38	199.8	1699	1	100.1	6.96	0.0489	1.0	-0.22	2.74	1.00	0.00	0.16	111115
90	"09:19:22"	20180720	201	0	4.91	0.0585	241	0.744	1.28	17.56	6	1.42	1	2.84	18.94	17.56	20.08	400.13	384.51	5.113	7.330	23.29	33.38	199.8	1699	1	100.1	6.96	0.0489	1.0	-0.22	2.74	1.00	0.00	0.16	111115
91	"09:19:22"	20180720	201	0	4.91	0.0585	241	0.744	1.28	17.56	6	1.42	1	2.84	18.94	17.56	20.08	400.14	384.53	5.114	7.331	23.29	33.39	199.8	1699	1	100.1	6.96	0.0489	1.0	-0.22	2.74	1.00	0.00	0.16	111115
92	"09:19:23"	20180720	201	0	4.92	0.0586	241	0.745	1.28	17.56	6	1.42	1	2.84	18.95	17.56	20.08	400.12	384.48	5.112	7.334	23.27	33.39	199.8	1699	1	100.1	6.96	0.0489	1.0	-0.22	2.74	1.00	0.00	0.16	111115
93	"09:19:23"	20180720	201	0	4.91	0.0586	241	0.746	1.28	17.57	6	1.42	1	2.84	18.95	17.57	20.08	400.09	384.47	5.113	7.336	23.28	33.40	199.8	1699	1	100.1	6.96	0.0489	1.0	-0.22	2.74	1.00	0.00	0.16	111115
94	"09:19:24"	20180720	201	0	4.91	0.0586	241	0.746	1.28	17.58	6	1.42	1	2.84	18.95	17.58	20.08	400.04	384.43	5.112	7.336	23.27	33.39	199.8	1699	1	100.1	6.96	0.0489	1.0	-0.22	2.74	1.00	0.00	0.16	111115
95	"09:19:24"	20180720	201	0	4.89	0.0586	242	0.746	1.28	17.58	6	1.42	1	2.84	18.95	17.58	20.09	400.00	384.46	5.113	7.337	23.27	33.39	199.8	1699	1	100.1	6.96	0.0489	1.0	-0.22	2.74	1.00	0.00	0.16	111115
96	"09:19:25"	20180720	201	0	4.86	0.0586	243	0.747	1.28	17.59	6	1.42	1	2.84	18.96	17.59	20.09	399.93	384.46	5.112	7.338	23.26	33.39	199.8	1699	1	100.1	6.96	0.0489	1.0	-0.22	2.74	1.00	0.00	0.16	111115
97	"09:19:26"	20180720	201	0	4.83	0.0586	244	0.748	1.28	17.60	6	1.42	1	2.84	18.96	17.60	20.09	399.85	384.47	5.112	7.341	23.26	33.40	199.8	1699	1	100.1	6.96	0.0489	1.0	-0.22	2.74	1.00	0.00	0.16	111115
98	"09:19:26"	20180720	201	0	4.8	0.0586	245	0.748	1.29	17.60	6	1.42	1	2.84	18.96	17.60	20.09	399.77	384.49	5.111	7.341	23.25	33.39	199.8	1699	1	100.1	6.96	0.0489	1.0	-0.22	2.74	1.00	0.00	0.16	111115
99	"09:19:27"	20180720	201	0	4.79	0.0586	245	0.749	1.29	17.61	6	1.42	1	2.84	18.96	17.61	20.09	399.74	384.49	5.111	7.344	23.25	33.40	199.8	1699	2	100.1	6.96	0.0489	1.0	-0.22	2.74	1.00	0.00	0.16	111115
"09:19:48 Coolers: Tblock -> 25.00 C"
100	"09:23:10"	20180720	201	0	5.19	0.0437	185	0.615	1.4	20.98	6	1.42	1	2.84	23.34	20.98	25.06	400.15	383.84	9.057	10.885	31.49	37.84	199.7	1700	2	100.1	6.96	0.0489	1.0	-0.22	2.74	1.00	0.00	0.16	111115
101	"09:23:10"	20180720	201	0	5.19	0.0437	185	0.615	1.4	20.98	6	1.42	1	2.84	23.34	20.98	25.06	400.15	383.84	9.057	10.885	31.49	37.84	199.7	1700	2	100.1	6.96	0.0489	1.0	-0.22	2.74	1.00	0.00	0.16	111115
102	"09:23:11"	20180720	201	0	5.2	0.0438	185	0.616	1.4	20.98	6	1.42	1	2.84	23.34	20.98	25.06	400.15	383.81	9.057	10.888	31.48	37.85	199.7	1700	2	100.1	6.96	0.0489	1.0	-0.22	2.74	1.00	0.00	0.16	111115
103	"09:23:11"	20180720	201	0	5.18	0.0439	186	0.617	1.4	20.99	6	1.42	1	2.84	23.34	20.99	25.06	400.13	383.85	9.057	10.890	31.48	37.85	199.8	1700	2	100.1	6.96	0.0489	1.0	-0.22	2.74	1.00	0.00	0.16	111115
104	"09:23:12"	20180720	201	0	5.19	0.044	186	0.618	1.4	20.99	6	1.42	1	2.84	23.35	20.99	25.06	400.13	383.84	9.058	10.895	31.48	37.87	199.8	1700	2	100.1	6.96	0.0489	1.0	-0.22	2.74	1.00	0.00	0.16	111115
105	"09:23:12"	20180720	201	0	5.19	0.044	186	0.619	1.4	20.99	6	1.42	1	2.84	23.35	20.99	25.06	400.12	383.82	9.058	10.898	31.48	37.87	199.8	1700	2	100.1	6.96	0.0489	1.0	-0.22	2.74	1.00	0.00	0.16	111115
106	"09:23:13"	20180720	201	0	5.2	0.0441	186	0.62	1.4	20.99	6	1.42	1	2.84	23.35	20.99	25.06	400.12	383.81	9.057	10.899	31.47	37.87	199.9	1700	2	100.1	6.96	0.0489	1.0	-0.22	2.74	1.00	0.00	0.16	111115
107	"09:23:13"	20180720	201	0	5.21	0.0442	186	0.622	1.4	20.99	6	1.42	1	2.84	23.35	20.99	25.06	400.15	383.81	9.058	10.904	31.47	37.88	199.9	1699	2	100.1	6.96	0.0489	1.0	-0.22	2.74	1.00	0.00	0.16	111115
108	"09:23:14"	20180720	201	0	5.2	0.0442	187	0.622	1.4	21.00	6	1.42	1	2.84	23.35	21.00	25.06	400.17	383.83	9.058	10.906	31.47	37.89	199.9	1699	2	100.1	6.96	0.0489	1.0	-0.22	2.74	1.00	0.00	0.16	111115
109	"09:23:15"	20180720	201	0	5.21	0.0443	187	0.623	1.4	21.00	6	1.42	1	2.84	23.35	21.00	25.06	400.18	383.83	9.059	10.909	31.46	37.89	199.8	1699	3	100.1	6.96	0.0489	1.0	-0.22	2.74	1.00	0.00	0.16	111115
110	"09:23:15"	20180720	201	0	5.23	0.0443	186	0.624	1.4	21.00	6	1.42	1	2.84	23.36	21.00	25.05	400.23	383.81	9.059	10.912	31.47	37.90	199.8	1699	2	100.1	6.96	0.0489	1.0	-0.22	2.74	1.00	0.00	0.16	111115
111	"09:23:16"	20180720	201	0	5.28	0.0445	185	0.627	1.41	21.02	6	1.42	1	2.84	23.36	21.02	25.05	400.30	383.74	9.058	10.921	31.46	37.93	199.9	1699	2	100.1	6.96	0.0489	1.0	-0.22	2.74	1.00	0.00	0.16	111115
112	"09:23:16"	20180720	201	0	5.27	0.0446	185	0.628	1.41	21.02	6	1.42	1	2.84	23.36	21.02	25.05	400.27	383.71	9.059	10.923	31.46	37.93	199.9	1699	2	100.1	6.96	0.0489	1.0	-0.22	2.74	1.00	0.00	0.16	111115
113	"09:23:17"	20180720	201	0	5.26	0.0446	186	0.629	1.41	21.03	6	1.42	1	2.84	23.36	21.03	25.05	400.24	383.74	9.060	10.928	31.46	37.94	199.8	1699	2	100.1	6.96	0.0489	1.0	-0.22	2.74	1.00	0.00	0.16	111115
114	"09:23:17"	20180720	201	0	5.26	0.0447	186	0.63	1.41	21.03	6	1.42	1	2.84	23.36	21.03	25.05	400.25	383.73	9.060	10.931	31.46	37.95	199.8	1699	2	100.1	6.96	0.0489	1.0	-0.22	2.74	1.00	0.00	0.16	111115
115	"09:23:18"	20180720	201	0	5.26	0.0448	187	0.632	1.41	21.03	6	1.42	1	2.84	23.36	21.03	25.05	400.24	383.71	9.060	10.936	31.45	37.96	199.8	1699	2	100.1	6.96	0.0489	1.0	-0.22	2.74	1.00	0.00	0.16	111115
"09:23:36 Coolers: Tblock -> 30.00 C"
116	"09:25:39"	20180720	201	0	5.19	0.0489	203	0.842	1.72	23.32	6	1.42	1	2.84	27.30	23.32	30.09	399.91	383.34	9.061	11.560	24.89	31.75	199.8	1700	2	100.1	6.96	0.0489	1.0	-0.22	2.74	1.00	0.00	0.16	111115
117	"09:25:40"	20180720	201	0	5.2	0.0488	202	0.842	1.72	23.33	6	1.42	1	2.84	27.31	23.33	30.09	399.91	383.33	9.062	11.561	24.89	31.75	199.8	1700	2	100.1	6.96	0.0489	1.0	-0.22	2.74	1.00	0.00	0.16	111115
118	"09:25:40"	20180720	201	0	5.2	0.0488	202	0.842	1.72	23.33	6	1.42	1	2.84	27.31	23.33	30.09	399.91	383.33	9.062	11.561	24.89	31.75	199.8	1700	2	100.1	6.96	0.0489	1.0	-0.22	2.74	1.00	0.00	0.16	111115
119	"09:25:41"	20180720	201	0	5.21	0.0488	202	0.842	1.72	23.34	6	1.42	1	2.84	27.31	23.34	30.09	399.91	383.30	9.063	11.562	24.88	31.74	199.8	1700	2	100.1	6.96	0.0489	1.0	-0.22	2.74	1.00	0.00	0.16	111115
120	"09:25:41"	20180720	201	0	5.19	0.0488	202	0.842	1.72	23.35	6	1.42	1	2.84	27.32	23.35	30.08	399.88	383.33	9.063	11.564	24.87	31.74	199.8	1700	2	100.1	6.96	0.0489	1.0	-0.22	2.74	1.00	0.00	0.16	111115
121	"09:25:42"	20180720	201	0	5.19	0.0487	202	0.843	1.73	23.36	6	1.42	1	2.84	27.32	23.36	30.08	399.86	383.31	9.062	11.564	24.86	31.73	199.8	1700	2	100.1	6.96	0.0489	1.0	-0.22	2.74	1.00	0.00	0.16	111115
122	"09:25:42"	20180720	201	0	5.19	0.0486	202	0.843	1.73	23.38	6	1.42	1	2.84	27.32	23.38	30.08	399.83	383.29	9.062	11.562	24.86	31.72	199.8	1700	2	100.1	6.96	0.0489	1.0	-0.22	2.74	1.00	0.00	0.16	111115
123	"09:25:43"	20180720	201	0	5.18	0.0486	202	0.843	1.73	23.39	6	1.42	1	2.84	27.33	23.39	30.08	399.83	383.29	9.062	11.564	24.85	31.71	199.8	1700	2	100.1	6.96	0.0489	1.0	-0.22	2.74	1.00	0.00	0.16	111115
124	"09:25:43"	20180720	201	0	5.2	0.0486	201	0.843	1.73	23.40	6	1.42	1	2.84	27.33	23.40	30.08	399.87	383.29	9.062	11.565	24.84	31.70	199.8	1700	2	100.1	6.96	0.0489	1.0	-0.22	2.74	1.00	0.00	0.16	111115
125	"09:25:44"	20180720	201	0	5.21	0.0486	201	0.844	1.73	23.41	6	1.42	1	2.84	27.34	23.41	30.08	399.91	383.30	9.063	11.567	24.84	31.70	199.8	1700	2	100.1	6.96	0.0489	1.0	-0.22	2.74	1.00	0.00	0.16	111115
126	"09:25:44"	20180720	201	0	5.21	0.0485	201	0.844	1.73	23.42	6	1.42	1	2.84	27.34	23.42	30.08	399.93	383.30	9.063	11.568	24.83	31.70	199.8	1700	2	100.1	6.96	0.0489	1.0	-0.22	2.74	1.00	0.00	0.16	111115
127	"09:25:45"	20180720	201	0	5.22	0.0485	200	0.844	1.74	23.43	6	1.42	1	2.84	27.35	23.43	30.08	399.94	383.30	9.063	11.569	24.83	31.69	199.8	1700	2	100.1	6.96	0.0489	1.0	-0.22	2.74	1.00	0.00	0.16	111115
128	"09:25:45"	20180720	201	0	5.24	0.0485	200	0.845	1.74	23.44	6	1.42	1	2.84	27.35	23.44	30.08	399.96	383.27	9.063	11.571	24.82	31.69	199.8	1700	3	100.1	6.96	0.0489	1.0	-0.22	2.74	1.00	0.00	0.16	111115
129	"09:25:46"	20180720	201	0	5.24	0.0485	200	0.845	1.74	23.44	6	1.42	1	2.84	27.36	23.44	30.08	399.97	383.27	9.063	11.573	24.81	31.68	199.8	1700	3	100.1	6.96	0.0489	1.0	-0.22	2.74	1.00	0.00	0.16	111115
130	"09:25:46"	20180720	201	0	5.23	0.0485	200	0.846	1.74	23.45	6	1.42	1	2.84	27.36	23.45	30.08	399.97	383.27	9.063	11.574	24.80	31.68	199.8	1700	3	100.1	6.96	0.0489	1.0	-0.22	2.74	1.00	0.00	0.16	111115
"09:26:20 Coolers: Tblock -> 35.00 C"
131	"09:27:48"	20180720	201	0	5.15	0.0455	190	1	2.19	26.12	6	1.42	1	2.84	31.50	26.12	35.11	400.04	383.43	9.141	12.114	19.70	26.11	199.8	1699	3	100.1	6.96	0.0489	1.0	-0.22	2.74	1.00	0.00	0.16	111115
132	"09:27:49"	20180720	201	0	5.15	0.0455	190	1	2.19	26.12	6	1.42	1	2.84	31.50	26.12	35.11	400.04	383.43	9.141	12.114	19.70	26.11	199.8	1699	3	100.1	6.96	0.0489	1.0	-0.22	2.74	1.00	0.00	0.16	111115
133	"09:27:49"	20180720	201	0	5.15	0.0455	190	1	2.19	26.13	6	1.42	1	2.84	31.51	26.13	35.11	400.03	383.41	9.141	12.116	19.70	26.10	199.8	1699	3	100.1	6.96	0.0489	1.0	-0.22	2.74	1.00	0.00	0.16	111115
134	"09:27:49"	20180720	201	0	5.14	0.0455	190	1	2.19	26.13	6	1.42	1	2.84	31.52	26.13	35.11	399.99	383.40	9.142	12.117	19.69	26.10	199.8	1699	3	100.1	6.96	0.0489	1.0	-0.22	2.74	1.00	0.00	0.16	111115
135	"09:27:50"	20180720	201	0	5.14	0.0455	190	1	2.19	26.14	6	1.42	1	2.84	31.52	26.14	35.11	400.00	383.41	9.141	12.118	19.68	26.09	199.8	1699	3	100.1	6.96	0.0489	1.0	-0.22	2.74	1.00	0.00	0.16	111115
136	"09:27:50"	20180720	201	0	5.14	0.0455	190	1	2.19	26.15	6	1.42	1	2.84	31.53	26.15	35.11	400.00	383.39	9.141	12.120	19.68	26.09	199.8	1699	3	100.1	6.96	0.0489	1.0	-0.22	2.74	1.00	0.00	0.16	111115
137	"09:27:51"	20180720	201	0	5.14	0.0455	190	1	2.19	26.16	6	1.42	1	2.84	31.53	26.16	35.11	399.99	383.40	9.141	12.120	19.67	26.08	199.8	1699	3	100.1	6.96	0.0489	1.0	-0.22	2.74	1.00	0.00	0.16	111115
138	"09:27:51"	20180720	201	0	5.14	0.0455	190	1	2.2	26.17	6	1.42	1	2.84	31.54	26.17	35.11	399.99	383.40	9.141	12.122	19.66	26.07	199.8	1699	3	100.1	6.96	0.0489	1.0	-0.22	2.74	1.00	0.00	0.16	111115
139	"09:27:52"	20180720	201	0	5.14	0.0454	190	1	2.2	26.18	6	1.42	1	2.84	31.55	26.18	35.11	399.95	383.37	9.142	12.122	19.66	26.06	199.8	1699	3	100.1	6.96	0.0489	1.0	-0.22	2.74	1.00	0.00	0.16	111115
140	"09:27:53"	20180720	201	0	5.14	0.0454	189	1.01	2.2	26.20	6	1.42	1	2.84	31.55	26.20	35.11	399.93	383.32	9.142	12.124	19.65	26.06	199.8	1699	3	100.1	6.96	0.0489	1.0	-0.22	2.74	1.00	0.00	0.16	111115
141	"09:27:53"	20180720	201	0	5.15	0.0453	189	1.01	2.2	26.21	6	1.42	1	2.84	31.56	26.21	35.11	399.95	383.33	9.142	12.125	19.64	26.05	199.8	1699	3	100.1	6.96	0.0489	1.0	-0.22	2.74	1.00	0.00	0.16	111115
142	"09:27:54"	20180720	201	0	5.17	0.0453	188	1.01	2.21	26.23	6	1.42	1	2.84	31.57	26.23	35.11	399.99	383.32	9.142	12.126	19.63	26.04	199.8	1699	3	100.1	6.96	0.0489	1.0	-0.22	2.74	1.00	0.00	0.16	111115
143	"09:27:54"	20180720	201	0	5.17	0.0452	188	1.01	2.21	26.24	6	1.42	1	2.84	31.57	26.24	35.12	400.00	383.33	9.142	12.126	19.63	26.03	199.8	1699	3	100.1	6.96	0.0489	1.0	-0.22	2.74	1.00	0.00	0.16	111115
144	"09:27:55"	20180720	201	0	5.15	0.0451	188	1.01	2.21	26.26	6	1.42	1	2.84	31.58	26.26	35.12	399.98	383.36	9.143	12.126	19.62	26.02	199.8	1699	3	100.1	6.96	0.0489	1.0	-0.22	2.74	1.00	0.00	0.16	111115
145	"09:27:55"	20180720	201	0	5.14	0.0451	188	1.01	2.22	26.27	6	1.42	1	2.84	31.59	26.27	35.12	399.96	383.38	9.143	12.130	19.61	26.02	199.8	1699	3	100.1	6.96	0.0489	1.0	-0.22	2.74	1.00	0.00	0.16	111115
146	"09:27:56"	20180720	201	0	5.14	0.0451	188	1.01	2.22	26.28	6	1.42	1	2.84	31.59	26.28	35.12	399.97	383.38	9.144	12.131	19.61	26.01	199.8	1699	3	100.1	6.96	0.0489	1.0	-0.22	2.74	1.00	0.00	0.16	111115
147	"09:27:56"	20180720	201	0	5.15	0.045	188	1.01	2.22	26.30	6	1.42	1	2.84	31.60	26.30	35.12	400.01	383.39	9.144	12.131	19.60	26.00	199.8	1699	3	100.1	6.96	0.0489	1.0	-0.22	2.74	1.00	0.00	0.16	111115
"09:28:30 Coolers: Tblock -> 40.00 C"
148	"09:32:10"	20180720	201	0	4.71	0.032	134	1.06	3.24	30.90	6	1.42	1	2.84	36.69	30.90	40.09	400.17	384.81	9.291	12.424	15.00	20.06	199.8	1698	2	100.1	6.96	0.0489	1.0	-0.22	2.74	1.00	0.00	0.16	111115
149	"09:32:10"	20180720	201	0	4.71	0.032	134	1.06	3.24	30.90	6	1.42	1	2.84	36.69	30.90	40.09	400.17	384.81	9.291	12.424	15.00	20.06	199.8	1698	2	100.1	6.96	0.0489	1.0	-0.22	2.74	1.00	0.00	0.16	111115
150	"09:32:11"	20180720	201	0	4.71	0.032	133	1.06	3.24	30.91	6	1.42	1	2.84	36.69	30.91	40.09	400.19	384.83	9.292	12.423	15.00	20.05	199.8	1699	2	100.1	6.96	0.0489	1.0	-0.22	2.74	1.00	0.00	0.16	111115
151	"09:32:11"	20180720	201	0	4.68	0.0319	134	1.05	3.25	30.92	6	1.42	1	2.84	36.69	30.92	40.09	400.15	384.86	9.292	12.421	14.99	20.04	199.8	1699	2	100.1	6.96	0.0489	1.0	-0.22	2.74	1.00	0.00	0.16	111115
152	"09:32:11"	20180720	201	0	4.69	0.0319	134	1.06	3.25	30.93	6	1.42	1	2.84	36.70	30.93	40.09	400.16	384.86	9.292	12.421	14.99	20.04	199.8	1699	2	100.1	6.96	0.0489	1.0	-0.22	2.74	1.00	0.00	0.16	111115
153	"09:32:12"	20180720	201	0	4.69	0.0319	134	1.05	3.25	30.93	6	1.42	1	2.84	36.70	30.93	40.09	400.17	384.87	9.293	12.421	14.99	20.04	199.8	1699	2	100.1	6.96	0.0489	1.0	-0.22	2.74	1.00	0.00	0.16	111115
154	"09:32:12"	20180720	201	0	4.67	0.0319	134	1.05	3.25	30.93	6	1.42	1	2.84	36.70	30.93	40.09	400.15	384.90	9.294	12.421	14.99	20.04	199.8	1700	2	100.1	6.96	0.0489	1.0	-0.22	2.74	1.00	0.00	0.16	111115
155	"09:32:13"	20180720	201	0	4.65	0.0318	135	1.05	3.25	30.94	6	1.42	1	2.84	36.71	30.94	40.09	400.10	384.91	9.295	12.421	14.99	20.03	199.8	1700	2	100.1	6.96	0.0489	1.0	-0.22	2.74	1.00	0.00	0.16	111115
156	"09:32:13"	20180720	201	0	4.63	0.0318	136	1.05	3.25	30.94	6	1.42	1	2.84	36.71	30.94	40.09	400.05	384.92	9.296	12.421	14.99	20.03	199.8	1700	2	100.1	6.96	0.0489	1.0	-0.22	2.74	1.00	0.00	0.16	111115
157	"09:32:14"	20180720	201	0	4.63	0.0318	135	1.05	3.25	30.95	6	1.42	1	2.84	36.71	30.95	40.09	400.03	384.89	9.298	12.421	14.99	20.03	199.8	1700	2	100.1	6.96	0.0489	1.0	-0.22	2.74	1.00	0.00	0.16	111115
158	"09:32:15"	20180720	201	0	4.62	0.0318	136	1.05	3.25	30.95	6	1.42	1	2.84	36.71	30.95	40.08	400.00	384.89	9.299	12.421	14.99	20.03	199.8	1700	2	100.1	6.96	0.0489	1.0	-0.22	2.74	1.00	0.00	0.16	111115
159	"09:32:15"	20180720	201	0	4.63	0.0318	136	1.05	3.25	30.95	6	1.42	1	2.84	36.71	30.95	40.08	399.99	384.88	9.300	12.423	14.99	20.03	199.8	1700	2	100.1	6.96	0.0489	1.0	-0.22	2.74	1.00	0.00	0.16	111115
160	"09:32:16"	20180720	201	0	4.62	0.0318	136	1.05	3.26	30.95	6	1.42	1	2.84	36.72	30.95	40.08	399.95	384.87	9.301	12.423	14.99	20.02	199.8	1700	2	100.1	6.96	0.0489	1.0	-0.22	2.74	1.00	0.00	0.16	111115
161	"09:32:16"	20180720	201	0	4.61	0.0318	136	1.05	3.26	30.95	6	1.42	1	2.84	36.72	30.95	40.08	399.93	384.86	9.301	12.423	14.99	20.02	199.8	1700	2	100.1	6.96	0.0489	1.0	-0.22	2.74	1.00	0.00	0.16	111115
162	"09:32:17"	20180720	201	0	4.61	0.0317	136	1.05	3.26	30.96	6	1.42	1	2.84	36.72	30.96	40.08	399.93	384.86	9.301	12.422	14.99	20.02	199.8	1700	2	100.1	6.96	0.0489	1.0	-0.22	2.74	1.00	0.00	0.16	111115
163	"09:32:17"	20180720	201	0	4.61	0.0317	136	1.05	3.26	30.96	6	1.42	1	2.84	36.72	30.96	40.08	399.93	384.88	9.303	12.422	14.99	20.01	199.8	1700	2	100.1	6.96	0.0489	1.0	-0.22	2.74	1.00	0.00	0.16	111115
"09:32:29 Coolers: Tblock -> 45.00 C"
164	"09:37:33"	20180720	201	0	4.09	0.0226	78	0.99	4.28	34.62	6	1.42	1	2.84	41.30	34.62	45.20	400.04	386.59	9.576	12.514	12.06	15.76	199.7	1700	2	100.1	6.96	0.0489	1.0	-0.22	2.74	1.00	0.00	0.16	111115
165	"09:37:33"	20180720	201	0	4.1	0.0226	77.7	0.99	4.28	34.62	6	1.42	1	2.84	41.30	34.62	45.19	400.06	386.60	9.576	12.514	12.06	15.76	199.7	1700	2	100.1	6.96	0.0489	1.0	-0.22	2.74	1.00	0.00	0.16	111115
166	"09:37:34"	20180720	201	0	4.1	0.0226	77.7	0.99	4.28	34.62	6	1.42	1	2.84	41.30	34.62	45.19	400.06	386.60	9.576	12.514	12.06	15.76	199.7	1700	2	100.1	6.96	0.0489	1.0	-0.22	2.74	1.00	0.00	0.16	111115
167	"09:37:34"	20180720	201	0	4.09	0.0226	77.7	0.99	4.28	34.62	6	1.42	1	2.84	41.31	34.62	45.17	400.06	386.61	9.577	12.514	12.06	15.75	199.7	1700	2	100.1	6.96	0.0489	1.0	-0.22	2.74	1.00	0.00	0.16	111115
168	"09:37:35"	20180720	201	0	4.09	0.0226	77.8	0.99	4.28	34.62	6	1.42	1	2.84	41.31	34.62	45.16	400.09	386.64	9.577	12.515	12.05	15.75	199.7	1700	2	100.1	6.96	0.0489	1.0	-0.22	2.74	1.00	0.00	0.16	111115
169	"09:37:35"	20180720	201	0	4.09	0.0225	77.9	0.99	4.28	34.63	6	1.42	1	2.84	41.32	34.63	45.15	400.09	386.65	9.578	12.515	12.05	15.75	199.7	1700	2	100.1	6.96	0.0489	0.7	-0.22	2.74	1.00	0.00	0.16	111115
170	"09:37:35"	20180720	201	0	4.06	0.0225	79.7	0.99	4.28	34.63	6	1.42	1	2.84	41.32	34.63	45.14	400.04	386.68	9.578	12.516	12.05	15.75	199.7	1700	2	100.1	6.96	0.0489	0.7	-0.22	2.74	1.00	0.00	0.16	111115
171	"09:37:36"	20180720	201	0	4.07	0.0225	79.3	0.99	4.28	34.63	6	1.42	1	2.84	41.33	34.63	45.13	400.05	386.68	9.578	12.514	12.05	15.74	199.7	1700	2	100.1	6.96	0.0489	0.7	-0.22	2.74	1.00	0.00	0.16	111115
172	"09:37:37"	20180720	201	0	4.07	0.0225	79.1	0.99	4.28	34.63	6	1.42	1	2.84	41.33	34.63	45.12	400.07	386.68	9.578	12.514	12.05	15.74	199.7	1700	2	100.1	6.96	0.0489	0.7	-0.22	2.74	1.00	0.00	0.16	111115
173	"09:37:37"	20180720	201	0	4.09	0.0225	77.9	0.99	4.28	34.63	6	1.42	1	2.84	41.33	34.63	45.11	400.09	386.66	9.578	12.515	12.04	15.74	199.7	1700	2	100.1	6.96	0.0489	0.7	-0.22	2.74	1.00	0.00	0.16	111115
174	"09:37:38"	20180720	201	0	4.08	0.0225	78.7	0.99	4.28	34.63	6	1.42	1	2.84	41.34	34.63	45.11	400.08	386.69	9.579	12.514	12.04	15.73	199.8	1700	2	100.1	6.96	0.0489	0.7	-0.22	2.74	1.00	0.00	0.16	111115
175	"09:37:38"	20180720	201	0	4.06	0.0225	80.1	0.989	4.28	34.63	6	1.42	1	2.84	41.34	34.63	45.10	400.06	386.73	9.579	12.514	12.04	15.73	199.7	1700	2	100.1	6.96	0.0489	0.7	-0.22	2.74	1.00	0.00	0.16	111115
176	"09:37:39"	20180720	201	0	4.05	0.0225	80.7	0.99	4.28	34.63	6	1.42	1	2.84	41.34	34.63	45.09	400.03	386.72	9.579	12.515	12.04	15.73	199.8	1700	2	100.1	6.96	0.0489	0.7	-0.22	2.74	1.00	0.00	0.16	111115
177	"09:37:39"	20180720	201	0	4.07	0.0225	79.4	0.99	4.28	34.63	6	1.42	1	2.84	41.34	34.63	45.09	400.08	386.71	9.580	12.515	12.04	15.73	199.8	1700	2	100.1	6.96	0.0489	0.7	-0.22	2.74	1.00	0.00	0.16	111115
178	"09:37:40"	20180720	201	0	4.08	0.0225	78.2	0.99	4.28	34.64	6	1.42	1	2.84	41.35	34.64	45.08	400.13	386.71	9.580	12.516	12.04	15.73	199.8	1700	2	100.1	6.96	0.0489	0.7	-0.22	2.74	1.00	0.00	0.16	111115
179	"09:37:40"	20180720	201	0	4.09	0.0225	77.6	0.99	4.29	34.65	6	1.42	1	2.84	41.35	34.65	45.08	400.14	386.71	9.581	12.518	12.04	15.73	199.8	1700	2	100.1	6.96	0.0489	0.7	-0.22	2.74	1.00	0.00	0.16	111115
180	"09:37:41"	20180720	201	0	4.08	0.0225	78.1	0.99	4.29	34.64	6	1.42	1	2.84	41.35	34.64	45.07	400.16	386.75	9.581	12.517	12.04	15.72	199.8	1700	2	100.1	6.96	0.0489	0.7	-0.22	2.74	1.00	0.00	0.16	111115
181	"09:37:42"	20180720	201	0	4.08	0.0225	77.9	0.99	4.29	34.65	6	1.42	1	2.84	41.35	34.65	45.07	400.15	386.74	9.581	12.518	12.04	15.72	199.8	1700	2	100.1	6.96	0.0489	0.7	-0.22	2.74	1.00	0.00	0.16	111115
182	"09:37:42"	20180720	201	0	4.1	0.0224	76.2	0.989	4.29	34.67	6	1.42	1	2.84	41.36	34.67	45.06	400.14	386.68	9.582	12.516	12.03	15.72	199.8	1700	2	100.1	6.96	0.0489	0.7	-0.22	2.74	1.00	0.00	0.16	111115
183	"09:37:46"	20180720	201	0	4.02	0.0224	80.4	0.988	4.3	34.69	6	1.42	1	2.84	41.37	34.69	45.06	399.98	386.75	9.587	12.517	12.03	15.71	199.7	1700	2	100.1	6.96	0.0489	1.0	-0.22	2.74	1.00	0.00	0.16	111115
184	"09:37:46"	20180720	201	0	4.02	0.0224	80.4	0.988	4.3	34.69	6	1.42	1	2.84	41.37	34.69	45.06	399.98	386.75	9.587	12.517	12.03	15.71	199.7	1700	2	100.1	6.96	0.0489	1.0	-0.22	2.74	1.00	0.00	0.16	111115
185	"09:37:47"	20180720	201	0	4.04	0.0224	79.1	0.987	4.3	34.70	6	1.42	1	2.84	41.37	34.70	45.07	400.00	386.72	9.587	12.516	12.03	15.71	199.8	1700	2	100.1	6.96	0.0489	1.0	-0.22	2.74	1.00	0.00	0.16	111115
186	"09:37:47"	20180720	201	0	4.04	0.0223	78.7	0.987	4.3	34.71	6	1.42	1	2.84	41.37	34.71	45.07	400.02	386.73	9.587	12.515	12.03	15.70	199.8	1700	2	100.1	6.96	0.0489	1.0	-0.22	2.74	1.00	0.00	0.16	111115
187	"09:37:48"	20180720	201	0	4.06	0.0223	77.5	0.987	4.31	34.71	6	1.42	1	2.84	41.37	34.71	45.07	400.02	386.69	9.587	12.514	12.03	15.70	199.8	1700	2	100.1	6.96	0.0489	1.0	-0.22	2.74	1.00	0.00	0.16	111115
188	"09:37:48"	20180720	201	0	4.05	0.0223	77.8	0.987	4.31	34.71	6	1.42	1	2.84	41.38	34.71	45.07	400.04	386.72	9.587	12.515	12.03	15.70	199.7	1700	2	100.1	6.96	0.0489	1.0	-0.22	2.74	1.00	0.00	0.16	111115
189	"09:37:49"	20180720	201	0	4.06	0.0223	77.2	0.987	4.31	34.71	6	1.42	1	2.84	41.38	34.71	45.07	400.06	386.72	9.586	12.514	12.02	15.70	199.8	1700	2	100.1	6.96	0.0489	1.0	-0.22	2.74	1.00	0.00	0.16	111115
190	"09:37:49"	20180720	201	0	4.07	0.0223	76.4	0.987	4.31	34.72	6	1.42	1	2.84	41.38	34.72	45.07	400.05	386.68	9.587	12.513	12.02	15.69	199.8	1700	2	100.1	6.96	0.0489	1.0	-0.22	2.74	1.00	0.00	0.16	111115
191	"09:37:50"	20180720	201	0	4.06	0.0223	76.7	0.987	4.31	34.72	6	1.42	1	2.84	41.38	34.72	45.08	400.04	386.69	9.587	12.513	12.02	15.69	199.8	1700	2	100.1	6.96	0.0489	1.0	-0.22	2.74	1.00	0.00	0.16	111115
192	"09:37:50"	20180720	201	0	4.05	0.0223	77.5	0.987	4.31	34.72	6	1.42	1	2.84	41.38	34.72	45.08	400.03	386.71	9.587	12.514	12.02	15.69	199.8	1700	2	100.1	6.96	0.0489	1.0	-0.22	2.74	1.00	0.00	0.16	111115
193	"09:37:51"	20180720	201	0	4.05	0.0223	77.6	0.986	4.31	34.73	6	1.42	1	2.84	41.39	34.73	45.08	400.04	386.74	9.588	12.513	12.02	15.69	199.8	1700	2	100.1	6.96	0.0489	1.0	-0.22	2.74	1.00	0.00	0.16	111115
194	"09:37:51"	20180720	201	0	4.06	0.0223	77.1	0.987	4.31	34.73	6	1.42	1	2.84	41.39	34.73	45.08	400.04	386.71	9.588	12.514	12.02	15.69	199.8	1700	2	100.1	6.96	0.0489	1.0	-0.22	2.74	1.00	0.00	0.16	111115
195	"09:37:52"	20180720	201	0	4.05	0.0223	77.2	0.987	4.31	34.73	6	1.42	1	2.84	41.39	34.73	45.08	400.05	386.73	9.588	12.515	12.02	15.69	199.8	1700	2	100.1	6.96	0.0489	1.0	-0.22	2.74	1.00	0.00	0.16	111115
196	"09:37:52"	20180720	201	0	4.05	0.0223	77.3	0.986	4.32	34.74	6	1.42	1	2.84	41.39	34.74	45.08	400.02	386.72	9.589	12.514	12.02	15.69	199.8	1700	2	100.1	6.96	0.0489	1.0	-0.22	2.74	1.00	0.00	0.16	111115
197	"09:37:53"	20180720	201	0	4.04	0.0223	78	0.987	4.32	34.75	6	1.42	1	2.84	41.39	34.75	45.09	400.01	386.73	9.589	12.518	12.02	15.69	199.7	1700	2	100.1	6.96	0.0489	1.0	-0.22	2.74	1.00	0.00	0.16	111115
198	"09:37:53"	20180720	201	0	4.03	0.0223	78.5	0.988	4.32	34.75	6	1.42	1	2.84	41.40	34.75	45.09	400.02	386.76	9.589	12.519	12.02	15.69	199.7	1700	2	100.1	6.96	0.0489	1.0	-0.22	2.74	1.00	0.00	0.16	111115
199	"09:37:54"	20180720	201	0	4.04	0.0222	77.4	0.987	4.32	34.76	6	1.42	1	2.84	41.40	34.76	45.09	400.03	386.73	9.589	12.518	12.02	15.69	199.7	1700	2	100.1	6.96	0.0489	1.0	-0.22	2.74	1.00	0.00	0.16	111115
200	"09:37:55"	20180720	201	0	4.05	0.0222	76.7	0.987	4.32	34.77	6	1.42	1	2.84	41.40	34.77	45.09	400.04	386.73	9.590	12.516	12.02	15.68	199.7	1700	2	100.1	6.96	0.0489	1.0	-0.22	2.74	1.00	0.00	0.16	111115
201	"09:37:55"	20180720	201	0	4.02	0.0222	78.1	0.987	4.33	34.79	6	1.42	1	2.84	41.40	34.79	45.09	400.02	386.78	9.590	12.518	12.01	15.68	199.7	1700	2	100.1	6.96	0.0489	1.0	-0.22	2.74	1.00	0.00	0.16	111115
202	"09:37:56"	20180720	201	0	4.03	0.0222	77.6	0.987	4.33	34.79	6	1.42	1	2.84	41.41	34.79	45.09	400.01	386.75	9.590	12.519	12.01	15.68	199.7	1700	2	100.1	6.96	0.0489	1.0	-0.22	2.74	1.00	0.00	0.16	111115
203	"09:37:56"	20180720	201	0	4.04	0.0222	76.9	0.987	4.33	34.80	6	1.42	1	2.84	41.41	34.80	45.09	400.02	386.74	9.591	12.520	12.01	15.68	199.8	1700	2	100.1	6.96	0.0489	1.0	-0.22	2.74	1.00	0.00	0.16	111115
204	"09:37:57"	20180720	201	0	4.06	0.0222	75.6	0.987	4.33	34.79	6	1.42	1	2.84	41.41	34.79	45.09	400.04	386.71	9.591	12.518	12.01	15.68	199.7	1700	2	100.1	6.96	0.0489	1.0	-0.22	2.74	1.00	0.00	0.16	111115
205	"09:37:57"	20180720	201	0	4.04	0.0222	76.4	0.987	4.33	34.80	6	1.42	1	2.84	41.41	34.80	45.09	400.01	386.72	9.591	12.517	12.01	15.67	199.8	1700	2	100.1	6.96	0.0489	1.0	-0.22	2.74	1.00	0.00	0.16	111115
206	"09:37:58"	20180720	201	0	4.05	0.0222	76.2	0.986	4.33	34.80	6	1.42	1	2.84	41.41	34.80	45.09	400.03	386.73	9.591	12.517	12.01	15.67	199.8	1700	2	100.1	6.96	0.0489	1.0	-0.22	2.74	1.00	0.00	0.16	111115
207	"09:37:59"	20180720	201	0	4.04	0.0222	76.6	0.987	4.33	34.80	6	1.42	1	2.84	41.42	34.80	45.09	400.02	386.74	9.591	12.517	12.01	15.67	199.8	1700	2	100.1	6.96	0.0489	1.0	-0.22	2.74	1.00	0.00	0.16	111115
208	"09:37:59"	20180720	201	0	4.04	0.0222	76.3	0.986	4.33	34.80	6	1.42	1	2.84	41.42	34.80	45.09	400.03	386.75	9.592	12.517	12.00	15.66	199.8	1700	2	100.1	6.96	0.0489	1.0	-0.22	2.74	1.00	0.00	0.16	111115
209	"09:38:00"	20180720	201	0	4.03	0.0221	77.1	0.986	4.34	34.81	6	1.42	1	2.84	41.42	34.81	45.09	400.02	386.77	9.592	12.517	12.00	15.66	199.8	1700	2	100.1	6.96	0.0489	1.0	-0.22	2.74	1.00	0.00	0.16	111115
210	"09:38:00"	20180720	201	0	4.02	0.0221	77.8	0.986	4.34	34.82	6	1.42	1	2.84	41.43	34.82	45.09	400.00	386.79	9.593	12.517	12.00	15.66	199.8	1700	2	100.1	6.96	0.0489	1.0	-0.22	2.74	1.00	0.00	0.16	111115
"09:38:09 Coolers: Tblock -> 50.00 C"
"09:50:58 Coolers: Tblock -> 49.74 C"
211	"09:51:09"	20180720	201	0	3.79	0.0187	42.2	1.05	5.41	38.16	6	1.42	1	2.84	45.86	38.16	49.76	399.98	387.36	9.951	13.060	9.88	12.97	199.7	1700	2	100.1	6.96	0.0489	1.0	-0.22	2.74	1.00	0.00	0.16	111115
212	"09:51:10"	20180720	201	0	3.8	0.0187	41.8	1.05	5.41	38.17	6	1.42	1	2.84	45.86	38.17	49.76	399.99	387.36	9.951	13.059	9.88	12.97	199.7	1700	2	100.1	6.96	0.0489	1.0	-0.22	2.74	1.00	0.00	0.16	111115
213	"09:51:10"	20180720	201	0	3.8	0.0187	41.8	1.05	5.41	38.17	6	1.42	1	2.84	45.86	38.17	49.76	399.99	387.36	9.951	13.059	9.88	12.97	199.7	1700	2	100.1	6.96	0.0489	1.0	-0.22	2.74	1.00	0.00	0.16	111115
214	"09:51:11"	20180720	201	0	3.8	0.0187	41.7	1.05	5.41	38.18	6	1.42	1	2.84	45.86	38.18	49.76	400.00	387.37	9.952	13.061	9.88	12.97	199.7	1700	2	100.1	6.96	0.0489	1.0	-0.22	2.74	1.00	0.00	0.16	111115
215	"09:51:11"	20180720	201	0	3.82	0.0187	40	1.05	5.42	38.18	6	1.42	1	2.84	45.86	38.18	49.76	400.03	387.34	9.952	13.062	9.88	12.97	199.7	1700	2	100.1	6.96	0.0489	1.0	-0.22	2.74	1.00	0.00	0.16	111115
216	"09:51:12"	20180720	201	0	3.83	0.0187	38.6	1.05	5.42	38.19	6	1.42	1	2.84	45.86	38.19	49.76	400.05	387.32	9.952	13.060	9.88	12.97	199.7	1701	2	100.1	6.96	0.0489	1.0	-0.22	2.74	1.00	0.00	0.16	111115
217	"09:51:12"	20180720	201	0	3.83	0.0187	39	1.05	5.42	38.19	6	1.42	1	2.84	45.86	38.19	49.75	400.05	387.33	9.952	13.061	9.88	12.97	199.7	1701	2	100.1	6.96	0.0489	1.0	-0.22	2.74	1.00	0.00	0.16	111115
218	"09:51:13"	20180720	201	0	3.84	0.0187	38.2	1.05	5.42	38.19	6	1.42	1	2.84	45.86	38.19	49.75	400.05	387.31	9.952	13.061	9.88	12.97	199.7	1701	2	100.1	6.96	0.0489	1.0	-0.22	2.74	1.00	0.00	0.16	111115
219	"09:51:13"	20180720	201	0	3.84	0.0187	37.9	1.05	5.42	38.18	6	1.42	1	2.84	45.86	38.18	49.75	400.06	387.30	9.952	13.063	9.88	12.97	199.7	1701	2	100.1	6.96	0.0489	1.0	-0.22	2.74	1.00	0.00	0.16	111115
220	"09:51:14"	20180720	201	0	3.86	0.0187	36.5	1.05	5.42	38.18	6	1.42	1	2.84	45.87	38.18	49.75	400.11	387.29	9.952	13.062	9.88	12.97	199.7	1701	2	100.1	6.96	0.0489	1.0	-0.22	2.74	1.00	0.00	0.16	111115
221	"09:51:14"	20180720	201	0	3.86	0.0187	37	1.05	5.41	38.17	6	1.42	1	2.84	45.87	38.17	49.75	400.12	387.30	9.953	13.065	9.88	12.97	199.7	1700	2	100.1	6.96	0.0489	1.0	-0.22	2.74	1.00	0.00	0.16	111115
222	"09:51:15"	20180720	201	0	3.83	0.0188	39.1	1.05	5.41	38.17	6	1.42	1	2.84	45.87	38.17	49.75	400.07	387.33	9.953	13.065	9.88	12.97	199.7	1701	2	100.1	6.96	0.0489	1.0	-0.22	2.74	1.00	0.00	0.16	111115
223	"09:51:16"	20180720	201	0	3.82	0.0188	40.7	1.05	5.41	38.17	6	1.42	1	2.84	45.87	38.17	49.75	400.04	387.35	9.953	13.065	9.88	12.97	199.7	1701	2	100.1	6.96	0.0489	1.0	-0.22	2.74	1.00	0.00	0.16	111115
224	"09:51:16"	20180720	201	0	3.82	0.0188	41	1.05	5.41	38.16	6	1.42	1	2.84	45.87	38.16	49.75	400.04	387.35	9.953	13.067	9.88	12.97	199.7	1701	2	100.1	6.96	0.0489	1.0	-0.22	2.74	1.00	0.00	0.16	111115
225	"09:51:17"	20180720	201	0	3.82	0.0188	41	1.05	5.41	38.16	6	1.42	1	2.84	45.87	38.16	49.75	400.05	387.36	9.952	13.066	9.88	12.97	199.7	1701	2	100.1	6.96	0.0489	1.0	-0.22	2.74	1.00	0.00	0.16	111115
226	"09:51:17"	20180720	201	0	3.81	0.0188	40.9	1.05	5.41	38.17	6	1.42	1	2.84	45.87	38.17	49.75	400.06	387.37	9.954	13.067	9.88	12.97	199.7	1700	2	100.1	6.96	0.0489	1.0	-0.22	2.74	1.00	0.00	0.16	111115
227	"09:51:18"	20180720	201	0	3.82	0.0188	40.1	1.05	5.41	38.18	6	1.42	1	2.84	45.87	38.18	49.75	400.07	387.36	9.955	13.069	9.88	12.97	199.7	1700	2	100.1	6.96	0.0489	1.0	-0.22	2.74	1.00	0.00	0.16	111115
228	"09:51:18"	20180720	201	0	3.82	0.0187	39.8	1.05	5.41	38.18	6	1.42	1	2.84	45.87	38.18	49.75	400.06	387.35	9.955	13.068	9.88	12.97	199.7	1700	2	100.1	6.96	0.0489	1.0	-0.22	2.74	1.00	0.00	0.16	111115
229	"09:51:19"	20180720	201	0	3.83	0.0187	39.3	1.05	5.42	38.18	6	1.42	1	2.84	45.87	38.18	49.76	400.07	387.35	9.955	13.068	9.88	12.97	199.7	1700	2	100.1	6.96	0.0489	1.0	-0.22	2.74	1.00	0.00	0.16	111115
230	"09:51:19"	20180720	201	0	3.84	0.0187	38.4	1.05	5.42	38.18	6	1.42	1	2.84	45.87	38.18	49.76	400.08	387.33	9.956	13.067	9.88	12.97	199.7	1700	2	100.1	6.96	0.0489	1.0	-0.22	2.74	1.00	0.00	0.16	111115
231	"09:51:20"	20180720	201	0	3.84	0.0187	38.3	1.05	5.42	38.19	6	1.42	1	2.84	45.88	38.19	49.76	400.09	387.33	9.957	13.070	9.88	12.97	199.7	1700	3	100.1	6.96	0.0489	1.0	-0.22	2.74	1.00	0.00	0.16	111115
232	"09:51:20"	20180720	201	0	3.85	0.0187	37	1.05	5.42	38.19	6	1.42	1	2.84	45.88	38.19	49.76	400.09	387.30	9.958	13.068	9.88	12.97	199.7	1700	3	100.1	6.96	0.0489	1.0	-0.22	2.74	1.00	0.00	0.16	111115
