"OPEN 6.3.3"
"Tue Jul 24 2018 11:41:42"
<open><version>"6.3.3"</version></open>
<open><configfile>"/User/Configs/UserPrefs/2x3 LED.xml"</configfile></open>
<open><light><source>"6400-02 or -02B LED Source"</source><par_in>1<sensor>"SI-4027"<cal>-1.00<actinity>1.00</actinity><transm>1.00</transm></cal></sensor><transm>1</transm></par_in><par_out>1<sensor>"Q51318"<cal>6.49</cal></sensor></par_out></light></open>
<open><comps><file>"/User/Configs/Comps/StdComps_6.3"<header>""</header><extras></extras></file><energybal>no<f_parIn>1</f_parIn><f_parOut>0</f_parOut><alphaK>0.16</alphaK></energybal><bc_total>2.840<stomatal_ratio>1</stomatal_ratio><bc_oneside>1.420<type>2</type><table>"/Sys/Lib/StdBLCTable"</table><area>6</area><slope>-0.219565</slope><offset>2.73739</offset><fan>5</fan></bc_oneside></bc_total></comps></open>
<open><prompts><onlog>off</onlog><items>"Default (none)"</items></prompts></open>
<open><constants><oxygen>21 %</oxygen><bb_vapor>1.5</bb_vapor><bb_oxy>0.9</bb_oxy></constants></open>
<open><stability><items>"Std Stability"<items[1]><id>-2</id><size>15</size><pcv><onoff>0</onoff><value>1</value></pcv><std><onoff>0</onoff><value>1</value></std><slp><onoff>1</onoff><value>1</value></slp></items[1]><items[2]><id>-5</id><size>15</size><pcv><onoff>0</onoff><value>1</value></pcv><std><onoff>0</onoff><value>1</value></std><slp><onoff>1</onoff><value>1</value></slp></items[2]><items[3]><id>-7</id><size>15</size><pcv><onoff>0</onoff><value>1</value></pcv><std><onoff>0</onoff><value>1</value></std><slp><onoff>1</onoff><value>1</value></slp></items[3]></items></stability></open>
<open><log><format>"StdLogFmt_6.3"<items>{ -35 -21 -36 -76 30 23 36 21 25 221 -33 111 -34 11 -9 -10 -8 -1 -2 -4 -5 -14 -15 -7 -12 -13 -11 -65 -66 -117 -119 -116 -118 -72 -18 -19 -77 -78 -79 -23  }<hdr>{  }</hdr></items></format><options><beep>on</beep><match>"never"<time>30</time><co2>100</co2><delta>10</delta></match><hdr>normal</hdr><rem>normal</rem><stab>no</stab><stats>no<mean>no</mean><file>no</file><period>15</period></stats><excel>yes</excel><controls>yes</controls><comm>no</comm></options><datafile>"/User/0000-AAU1986-240718"</datafile><button><action>"Normal Log"<code>" LogOneObsManual "</code></action></button><autoprog>"/User/Configs/AutoProgs/AutoLog2"<active>no</active></autoprog></log></open>
<open><a2d><avgtime>4.0 secs</avgtime><userchans><ch20>"Off"</ch20><ch21>"Off"</ch21><ch22>"Off"</ch22><ch23>"Off"</ch23></userchans></a2d></open>
<open><matching><type>0</type><disp>'a'</disp><settings>><CO2Limit>10.0</CO2Limit><H2OLimit>1.0</H2OLimit><MaxAutoTime>60</MaxAutoTime><AverageTime>10</AverageTime></settings></matching></open>
<li6400><factory><unit>"PSC-4123"</unit><serviced>"19.01.2017"</serviced><fuseaware>0</fuseaware><co2mixer>yes</co2mixer><co2><coeffs>{ 0 0.219912 1.60869e-05 2.42627e-08 -3.602e-12 2.3711e-16  }</coeffs><dvdt>-4.1</dvdt><xs>{ -0.00117 -1.14e-05  }</xs></co2><h2o><coeffs>{ 0 0.00612804 1.69186e-06 1.49192e-10  }</coeffs><dvdt>-2.5</dvdt><xs>{ -0.000351 -0.00239  }</xs></h2o><flow>{ 0 0.3738  }</flow><press>{ 87.734 0.00547  }</press></factory></li6400>
<li6400><user><flow_zero>-976.9</flow_zero><irga_zero><co2>-79.5 -79.5<at>32.3675</at></co2><h2o>37.6 -1.4<at>33.9874</at></h2o></irga_zero><irga_span><co2>{ 0.985904 0.986618  }</co2><h2o>{ 1.00683 0.993449  }</h2o></irga_span><irga_match><co2>{ -1.70314 1.32569  }</co2><h2o>{ -0.0708174 -0.161627  }</h2o></irga_match><co2_mixer><pump_mv>4500</pump_mv><ppm>{ 2330.31 1136.88 449.46 273.386 125.406 73.118 48.0557 40.3927  }</ppm><mv>{ 5000 3000 1500 1000 500 300 200 100  }</mv></co2_mixer><parin_offset>0</parin_offset><led_cal><unit>"SI-4027"</unit><mv>{ 10 25 50 100 1000 2000 3000 4000 5000  }</mv><qntm>{ 3.39689 11.1502 23.8626 52.4799 561.717 1093.55 1598.71 2081.76 2538.89  }</qntm></led_cal><lcf_cal><unit>"unknown"</unit><red><mv>{ 50 100 500 1000 1500 5000  }</mv><qntm>{ 50 100 500 1000 2000 5000  }</qntm></red><blue><mv>{ 100 200 500 1000 2000 5000  }</mv><qntm>{ 10 20 50 100 200 500  }</qntm></blue></lcf_cal></user></li6400>
"11:41:44 "
$STARTOFDATA$
"Obs"	"HHMMSS"	"FTime"	"EBal?"	"Photo"	"Cond"	"Ci"	"Trmmol"	"VpdL"	"CTleaf"	"Area"	"BLC_1"	"StmRat"	"BLCond"	"Tair"	"Tleaf"	"TBlk"	"CO2R"	"CO2S"	"H2OR"	"H2OS"	"RH_R"	"RH_S"	"Flow"	"PARi"	"PARo"	"Press"	"CsMch"	"HsMch"	"CsMchSD"	"HsMchSD"	"CrMchSD"	"HrMchSD"	"StableF"	"BLCslope"	"BLCoffst"	"f_parin"	"f_parout"	"alphaK"	"Status"
1	"11:41:49"	28.0	0	4.84	0.0769	283	0.53	0.703	6.59	6	1.42	1	2.84	2.44	6.59	0.06	399.96	389.84	1.687	2.747	23.04	37.54	299.2	1696	1	99.93	1.33	-0.162	0.0805	0.00326	0.0216	0.000752	1.0	-0.22	2.74	1.00	0.00	0.16	111115
2	"11:41:49"	28.0	0	4.84	0.0769	283	0.53	0.703	6.59	6	1.42	1	2.84	2.44	6.59	0.06	399.96	389.84	1.687	2.747	23.04	37.54	299.2	1696	1	99.93	1.33	-0.162	0.0805	0.00326	0.0216	0.000752	1.0	-0.22	2.74	1.00	0.00	0.16	111115
3	"11:41:50"	28.5	0	4.81	0.0766	283	0.529	0.704	6.60	6	1.42	1	2.84	2.44	6.60	0.06	399.97	389.91	1.687	2.745	23.05	37.50	299.2	1695	1	99.93	1.33	-0.162	0.0805	0.00326	0.0216	0.000752	1.0	-0.22	2.74	1.00	0.00	0.16	111115
4	"11:41:50"	29.0	0	4.88	0.0766	282	0.529	0.705	6.61	6	1.42	1	2.84	2.44	6.61	0.06	400.02	389.81	1.687	2.746	23.05	37.52	299.2	1695	1	99.93	1.33	-0.162	0.0805	0.00326	0.0216	0.000752	1.0	-0.22	2.74	1.00	0.00	0.16	111115
5	"11:41:51"	29.5	0	4.93	0.0766	281	0.53	0.705	6.61	6	1.42	1	2.84	2.44	6.61	0.06	400.10	389.81	1.686	2.746	23.04	37.52	299.2	1695	0	99.92	1.33	-0.162	0.0805	0.00326	0.0216	0.000752	1.0	-0.22	2.74	1.00	0.00	0.16	111115
6	"11:41:51"	30.0	0	5.01	0.0765	279	0.529	0.705	6.60	6	1.42	1	2.84	2.44	6.60	0.06	400.18	389.72	1.686	2.744	23.05	37.50	299.2	1696	1	99.92	1.33	-0.162	0.0805	0.00326	0.0216	0.000752	1.0	-0.22	2.74	1.00	0.00	0.16	111115
7	"11:41:52"	30.5	0	5.03	0.0768	279	0.53	0.704	6.60	6	1.42	1	2.84	2.44	6.60	0.06	400.25	389.75	1.686	2.747	23.05	37.54	299.2	1696	0	99.92	1.33	-0.162	0.0805	0.00326	0.0216	0.000752	1.0	-0.22	2.74	1.00	0.00	0.16	111115
8	"11:41:52"	31.0	0	5.11	0.0767	277	0.53	0.705	6.61	6	1.42	1	2.84	2.43	6.61	0.06	400.33	389.67	1.686	2.747	23.05	37.55	299.2	1697	0	99.92	1.33	-0.162	0.0805	0.00326	0.0216	0.000752	1.0	-0.22	2.74	1.00	0.00	0.16	111115
9	"11:41:53"	31.5	0	5.18	0.0771	276	0.533	0.705	6.62	6	1.42	1	2.84	2.43	6.62	0.06	400.41	389.61	1.686	2.751	23.04	37.61	299.2	1697	0	99.92	1.33	-0.162	0.0805	0.00326	0.0216	0.000752	1.0	-0.22	2.74	1.00	0.00	0.16	111115
10	"11:41:53"	32.0	0	5.19	0.0771	276	0.532	0.704	6.60	6	1.42	1	2.84	2.43	6.60	0.06	400.44	389.62	1.686	2.750	23.04	37.60	299.2	1698	0	99.92	1.33	-0.162	0.0805	0.00326	0.0216	0.000752	1.0	-0.22	2.74	1.00	0.00	0.16	111115
11	"11:41:54"	32.5	0	5.24	0.0773	275	0.533	0.703	6.59	6	1.42	1	2.84	2.43	6.59	0.06	400.50	389.57	1.686	2.751	23.04	37.60	299.2	1699	0	99.92	1.33	-0.162	0.0805	0.00326	0.0216	0.000752	1.0	-0.22	2.74	1.00	0.00	0.16	111115
12	"11:41:54"	33.0	0	5.18	0.0774	276	0.533	0.702	6.58	6	1.42	1	2.84	2.43	6.58	0.06	400.49	389.68	1.685	2.752	23.04	37.62	299.2	1700	0	99.92	1.33	-0.162	0.0805	0.00326	0.0216	0.000752	1.0	-0.22	2.74	1.00	0.00	0.16	111115
13	"11:41:55"	33.5	0	5.21	0.0774	276	0.533	0.702	6.58	6	1.42	1	2.84	2.43	6.58	0.06	400.51	389.65	1.686	2.751	23.05	37.61	299.2	1700	0	99.92	1.33	-0.162	0.0805	0.00326	0.0216	0.000752	1.0	-0.22	2.74	1.00	0.00	0.16	111115
14	"11:41:55"	34.0	0	5.17	0.0773	277	0.532	0.702	6.57	6	1.42	1	2.84	2.43	6.57	0.06	400.53	389.76	1.686	2.750	23.05	37.59	299.2	1700	0	99.92	1.33	-0.162	0.0805	0.00326	0.0216	0.000752	1.0	-0.22	2.74	1.00	0.00	0.16	111115
15	"11:41:56"	34.5	0	5.18	0.0773	276	0.532	0.702	6.57	6	1.42	1	2.84	2.43	6.57	0.06	400.56	389.76	1.686	2.750	23.05	37.60	299.2	1701	0	99.92	1.33	-0.162	0.0805	0.00326	0.0216	0.000752	1.0	-0.22	2.74	1.00	0.00	0.16	111115
16	"11:41:56"	35.0	0	5.2	0.0773	276	0.531	0.701	6.56	6	1.42	1	2.84	2.43	6.56	0.06	400.59	389.75	1.686	2.749	23.06	37.59	299.2	1701	0	99.92	1.33	-0.162	0.0805	0.00326	0.0216	0.000752	1.0	-0.22	2.74	1.00	0.00	0.16	111115
17	"11:41:57"	35.5	0	5.15	0.0772	277	0.53	0.701	6.55	6	1.42	1	2.84	2.43	6.55	0.06	400.57	389.82	1.687	2.748	23.07	37.58	299.2	1701	0	99.92	1.33	-0.162	0.0805	0.00326	0.0216	0.000752	1.0	-0.22	2.74	1.00	0.00	0.16	111115
18	"11:41:57"	36.0	0	5.25	0.0772	275	0.531	0.701	6.56	6	1.42	1	2.84	2.43	6.56	0.06	400.60	389.65	1.687	2.749	23.08	37.59	299.2	1702	0	99.92	1.33	-0.162	0.0805	0.00326	0.0216	0.000752	1.0	-0.22	2.74	1.00	0.00	0.16	111115
19	"11:41:58"	36.5	0	5.31	0.0774	273	0.532	0.701	6.56	6	1.42	1	2.84	2.43	6.56	0.06	400.60	389.53	1.688	2.751	23.08	37.63	299.2	1702	0	99.92	1.33	-0.162	0.0805	0.00326	0.0216	0.000752	1.0	-0.22	2.74	1.00	0.00	0.16	111115
20	"11:41:58"	37.0	0	5.36	0.0771	272	0.53	0.701	6.56	6	1.42	1	2.84	2.43	6.56	0.06	400.60	389.44	1.688	2.747	23.08	37.58	299.3	1702	0	99.92	1.33	-0.162	0.0805	0.00326	0.0216	0.000752	1.0	-0.22	2.74	1.00	0.00	0.16	111115
"11:42:08 Coolers: Tblock -> 5.00 C"
"11:44:16 Flow: Fixed -> 300 umol/s"
21	"11:44:31"	191.0	0	5.11	0.0704	267	0.532	0.768	8.44	6	1.42	1	2.84	5.94	8.44	5.08	400.10	389.43	2.348	3.411	25.09	36.45	299.2	1701	1	99.93	0.726	-0.171	0.142	0.00526	0.0449	0.00454	0.7	-0.22	2.74	1.00	0.00	0.16	111115
22	"11:44:31"	191.0	0	5.11	0.0704	267	0.532	0.768	8.44	6	1.42	1	2.84	5.94	8.44	5.08	400.10	389.43	2.348	3.411	25.09	36.45	299.2	1701	1	99.93	0.726	-0.171	0.142	0.00526	0.0449	0.00454	0.7	-0.22	2.74	1.00	0.00	0.16	111115
23	"11:44:32"	191.5	0	5.11	0.0707	267	0.534	0.768	8.43	6	1.42	1	2.84	5.94	8.43	5.08	400.08	389.41	2.348	3.415	25.09	36.49	299.2	1701	1	99.93	0.726	-0.171	0.142	0.00526	0.0449	0.00454	0.7	-0.22	2.74	1.00	0.00	0.16	111115
24	"11:44:33"	192.0	0	5.14	0.0706	266	0.533	0.768	8.43	6	1.42	1	2.84	5.95	8.43	5.08	400.11	389.39	2.347	3.413	25.08	36.47	299.2	1701	0	99.93	0.726	-0.171	0.142	0.00526	0.0449	0.00454	1.0	-0.22	2.74	1.00	0.00	0.16	111115
25	"11:44:33"	192.5	0	5.12	0.0706	267	0.534	0.768	8.44	6	1.42	1	2.84	5.95	8.44	5.08	400.14	389.46	2.347	3.414	25.08	36.47	299.2	1701	1	99.93	0.726	-0.171	0.142	0.00526	0.0449	0.00454	1.0	-0.22	2.74	1.00	0.00	0.16	111115
26	"11:44:34"	193.0	0	5.17	0.0708	266	0.535	0.768	8.44	6	1.42	1	2.84	5.95	8.44	5.08	400.15	389.37	2.347	3.416	25.07	36.49	299.2	1701	1	99.93	0.726	-0.171	0.142	0.00526	0.0449	0.00454	1.0	-0.22	2.74	1.00	0.00	0.16	111115
27	"11:44:34"	193.5	0	5.21	0.0705	265	0.533	0.768	8.44	6	1.42	1	2.84	5.95	8.44	5.08	400.16	389.29	2.347	3.412	25.07	36.45	299.2	1701	0	99.93	0.726	-0.171	0.142	0.00526	0.0449	0.00454	1.0	-0.22	2.74	1.00	0.00	0.16	111115
28	"11:44:35"	194.0	0	5.17	0.0704	265	0.532	0.769	8.45	6	1.42	1	2.84	5.95	8.45	5.08	400.18	389.40	2.347	3.411	25.07	36.43	299.2	1701	0	99.93	0.726	-0.171	0.142	0.00526	0.0449	0.00454	1.0	-0.22	2.74	1.00	0.00	0.16	111115
29	"11:44:35"	194.5	0	5.17	0.0704	265	0.532	0.769	8.44	6	1.42	1	2.84	5.95	8.44	5.08	400.16	389.38	2.347	3.410	25.06	36.41	299.2	1701	0	99.93	0.726	-0.171	0.142	0.00526	0.0449	0.00454	1.0	-0.22	2.74	1.00	0.00	0.16	111115
30	"11:44:36"	195.0	0	5.12	0.0704	267	0.533	0.769	8.45	6	1.42	1	2.84	5.96	8.45	5.09	400.16	389.49	2.347	3.412	25.06	36.43	299.2	1701	0	99.93	0.726	-0.171	0.142	0.00526	0.0449	0.00454	1.0	-0.22	2.74	1.00	0.00	0.16	111115
31	"11:44:36"	195.5	0	5.14	0.0702	266	0.532	0.77	8.46	6	1.42	1	2.84	5.96	8.46	5.09	400.18	389.46	2.348	3.411	25.06	36.41	299.2	1701	0	99.93	0.726	-0.171	0.142	0.00526	0.0449	0.00454	1.0	-0.22	2.74	1.00	0.00	0.16	111115
32	"11:44:37"	196.0	0	5.17	0.0702	265	0.532	0.771	8.47	6	1.42	1	2.84	5.96	8.47	5.09	400.18	389.40	2.348	3.411	25.06	36.41	299.2	1701	1	99.93	0.726	-0.171	0.142	0.00526	0.0449	0.00454	1.0	-0.22	2.74	1.00	0.00	0.16	111115
33	"11:44:37"	196.5	0	5.17	0.0701	265	0.531	0.771	8.47	6	1.42	1	2.84	5.96	8.47	5.09	400.17	389.40	2.348	3.410	25.06	36.39	299.2	1701	1	99.93	0.726	-0.171	0.142	0.00526	0.0449	0.00454	1.0	-0.22	2.74	1.00	0.00	0.16	111115
34	"11:44:38"	197.0	0	5.13	0.0702	266	0.532	0.771	8.47	6	1.42	1	2.84	5.96	8.47	5.09	400.21	389.51	2.348	3.411	25.05	36.41	299.2	1701	1	99.93	0.726	-0.171	0.142	0.00526	0.0449	0.00454	1.0	-0.22	2.74	1.00	0.00	0.16	111115
35	"11:44:38"	197.5	0	5.17	0.0705	266	0.535	0.771	8.48	6	1.42	1	2.84	5.96	8.48	5.09	400.23	389.44	2.348	3.416	25.05	36.45	299.2	1701	1	99.93	0.726	-0.171	0.142	0.00526	0.0449	0.00454	1.0	-0.22	2.74	1.00	0.00	0.16	111115
36	"11:44:39"	198.0	0	5.17	0.0704	265	0.534	0.771	8.48	6	1.42	1	2.84	5.97	8.48	5.09	400.24	389.45	2.348	3.416	25.05	36.45	299.2	1701	1	99.93	0.726	-0.171	0.142	0.00526	0.0449	0.00454	1.0	-0.22	2.74	1.00	0.00	0.16	111115
37	"11:44:39"	198.5	0	5.15	0.0703	266	0.534	0.772	8.49	6	1.42	1	2.84	5.97	8.49	5.09	400.24	389.49	2.348	3.415	25.05	36.43	299.2	1700	1	99.93	0.726	-0.171	0.142	0.00526	0.0449	0.00454	1.0	-0.22	2.74	1.00	0.00	0.16	111115
"11:44:53 Coolers: Tblock -> 10.00 C"
"11:45:55 Flow: Fixed -> 300 umol/s"
38	"11:45:57"	277.0	0	4.95	0.0476	216	0.39	0.824	9.86	6	1.42	1	2.84	9.24	9.86	10.11	398.70	388.47	3.192	3.970	27.24	33.88	299.2	1700	1	99.94	0.179	-0.213	0.434	0.0745	0.299	0.0784	0.7	-0.22	2.74	1.00	0.00	0.16	111115
39	"11:45:57"	277.0	0	4.95	0.0476	216	0.39	0.824	9.86	6	1.42	1	2.84	9.24	9.86	10.11	398.70	388.47	3.192	3.970	27.24	33.88	299.2	1700	1	99.94	0.179	-0.213	0.434	0.0745	0.299	0.0784	0.7	-0.22	2.74	1.00	0.00	0.16	111115
40	"11:45:58"	277.5	0	5.13	0.0487	213	0.398	0.825	9.87	6	1.42	1	2.84	9.24	9.87	10.11	398.82	388.23	3.181	3.976	27.14	33.92	299.2	1700	1	99.94	0.179	-0.213	0.434	0.0745	0.299	0.0784	0.7	-0.22	2.74	1.00	0.00	0.16	111115
41	"11:45:58"	278.0	0	5.19	0.0491	213	0.401	0.825	9.88	6	1.42	1	2.84	9.25	9.88	10.12	398.89	388.18	3.174	3.976	27.08	33.92	299.2	1700	0	99.94	0.179	-0.213	0.434	0.0745	0.299	0.0784	0.7	-0.22	2.74	1.00	0.00	0.16	111115
42	"11:45:59"	278.5	0	5.24	0.0496	212	0.406	0.825	9.88	6	1.42	1	2.84	9.25	9.88	10.12	398.98	388.15	3.169	3.980	27.03	33.94	299.2	1700	0	99.94	0.179	-0.213	0.434	0.0745	0.299	0.0784	0.7	-0.22	2.74	1.00	0.00	0.16	111115
43	"11:45:59"	279.0	0	5.29	0.0498	212	0.407	0.825	9.88	6	1.42	1	2.84	9.25	9.88	10.12	399.00	388.09	3.167	3.980	27.00	33.93	299.2	1700	0	99.94	0.179	-0.213	0.434	0.0745	0.299	0.0784	0.7	-0.22	2.74	1.00	0.00	0.16	111115
44	"11:46:00"	279.5	0	5.51	0.0518	211	0.423	0.825	9.89	6	1.42	1	2.84	9.26	9.89	10.12	399.32	387.94	3.143	3.988	26.79	33.98	299.2	1700	0	99.94	0.179	-0.213	0.434	0.0745	0.299	0.0784	0.7	-0.22	2.74	1.00	0.00	0.16	111115
45	"11:46:00"	280.0	0	5.48	0.0522	214	0.427	0.825	9.89	6	1.42	1	2.84	9.27	9.89	10.12	399.33	388.02	3.141	3.994	26.76	34.02	299.2	1700	0	99.94	0.179	-0.213	0.434	0.0745	0.299	0.0784	0.7	-0.22	2.74	1.00	0.00	0.16	111115
46	"11:46:01"	280.5	0	5.5	0.0527	214	0.43	0.825	9.90	6	1.42	1	2.84	9.27	9.90	10.13	399.34	387.98	3.141	4.000	26.74	34.05	299.2	1700	0	99.94	0.179	-0.213	0.434	0.0745	0.299	0.0784	0.7	-0.22	2.74	1.00	0.00	0.16	111115
47	"11:46:02"	281.0	0	5.57	0.0532	214	0.435	0.824	9.91	6	1.42	1	2.84	9.28	9.91	10.13	399.35	387.85	3.142	4.009	26.73	34.12	299.2	1700	0	99.94	0.179	-0.213	0.434	0.0745	0.299	0.0784	0.7	-0.22	2.74	1.00	0.00	0.16	111115
48	"11:46:02"	281.5	0	5.54	0.0536	216	0.437	0.824	9.91	6	1.42	1	2.84	9.29	9.91	10.13	399.36	387.90	3.142	4.015	26.72	34.15	299.2	1700	0	99.94	0.179	-0.213	0.434	0.0745	0.299	0.0784	0.7	-0.22	2.74	1.00	0.00	0.16	111115
49	"11:46:03"	282.0	0	5.54	0.0541	217	0.441	0.824	9.92	6	1.42	1	2.84	9.30	9.92	10.14	399.39	387.95	3.142	4.023	26.71	34.20	299.2	1700	0	99.94	0.179	-0.213	0.434	0.0745	0.299	0.0784	0.7	-0.22	2.74	1.00	0.00	0.16	111115
50	"11:46:03"	282.5	0	5.55	0.0546	219	0.445	0.823	9.93	6	1.42	1	2.84	9.30	9.93	10.14	399.36	387.88	3.142	4.032	26.70	34.26	299.2	1700	0	99.94	0.179	-0.213	0.434	0.0745	0.299	0.0784	0.3	-0.22	2.74	1.00	0.00	0.16	111115
51	"11:46:04"	283.0	0	5.51	0.0554	222	0.451	0.823	9.94	6	1.42	1	2.84	9.31	9.94	10.14	399.39	387.98	3.141	4.042	26.68	34.33	299.2	1700	0	99.94	0.179	-0.213	0.434	0.0745	0.299	0.0784	0.3	-0.22	2.74	1.00	0.00	0.16	111115
52	"11:46:04"	283.5	0	5.48	0.0557	224	0.454	0.824	9.95	6	1.42	1	2.84	9.32	9.95	10.14	399.38	388.04	3.142	4.048	26.67	34.36	299.2	1700	1	99.93	0.179	-0.213	0.434	0.0745	0.299	0.0784	0.3	-0.22	2.74	1.00	0.00	0.16	111115
53	"11:46:05"	284.5	0	5.55	0.0562	223	0.459	0.825	9.98	6	1.42	1	2.84	9.33	9.98	10.15	399.44	387.97	3.143	4.060	26.65	34.43	299.2	1700	1	99.93	0.179	-0.213	0.434	0.0745	0.299	0.0784	0.3	-0.22	2.74	1.00	0.00	0.16	111115
54	"11:46:05"	285.0	0	5.5	0.0562	225	0.459	0.826	9.99	6	1.42	1	2.84	9.34	9.99	10.15	399.43	388.05	3.143	4.060	26.64	34.41	299.2	1700	1	99.93	0.179	-0.213	0.434	0.0745	0.299	0.0784	0.3	-0.22	2.74	1.00	0.00	0.16	111115
55	"11:46:06"	285.5	0	5.48	0.0563	225	0.46	0.827	10.00	6	1.42	1	2.84	9.35	10.00	10.15	399.43	388.08	3.144	4.062	26.63	34.41	299.2	1700	1	99.93	0.179	-0.213	0.434	0.0745	0.299	0.0784	0.3	-0.22	2.74	1.00	0.00	0.16	111115
56	"11:46:07"	286.0	0	5.47	0.0567	227	0.464	0.826	10.01	6	1.42	1	2.84	9.36	10.01	10.15	399.39	388.06	3.144	4.070	26.62	34.46	299.2	1700	1	99.93	0.179	-0.213	0.434	0.0745	0.299	0.0784	0.3	-0.22	2.74	1.00	0.00	0.16	111115
57	"11:46:07"	286.5	0	5.45	0.0567	228	0.464	0.827	10.02	6	1.42	1	2.84	9.36	10.02	10.16	399.43	388.14	3.145	4.071	26.61	34.45	299.2	1700	1	99.93	0.179	-0.213	0.434	0.0745	0.299	0.0784	0.3	-0.22	2.74	1.00	0.00	0.16	111115
58	"11:46:08"	287.0	0	5.48	0.0567	227	0.464	0.828	10.02	6	1.42	1	2.84	9.37	10.02	10.16	399.42	388.07	3.145	4.072	26.60	34.45	299.2	1700	1	99.93	0.179	-0.213	0.434	0.0745	0.299	0.0784	0.3	-0.22	2.74	1.00	0.00	0.16	111115
59	"11:46:08"	287.5	0	5.46	0.0569	228	0.466	0.827	10.02	6	1.42	1	2.84	9.38	10.02	10.16	399.43	388.13	3.145	4.075	26.59	34.45	299.2	1700	1	99.93	0.179	-0.213	0.434	0.0745	0.299	0.0784	0.3	-0.22	2.74	1.00	0.00	0.16	111115
"11:46:21 Coolers: Tblock -> 15.00 C"
"11:48:23 Flow: Fixed -> 300 umol/s"
60	"11:48:34"	434.5	0	5.57	0.0642	242	0.604	0.951	12.93	6	1.42	1	2.84	13.79	12.93	15.14	399.90	388.25	4.252	5.456	26.86	34.46	299.2	1699	1	99.94	0.0255	-0.223	0.106	0.0099	0.0193	0.0109	1.0	-0.22	2.74	1.00	0.00	0.16	111115
61	"11:48:35"	434.5	0	5.57	0.0642	242	0.604	0.951	12.93	6	1.42	1	2.84	13.79	12.93	15.14	399.90	388.25	4.252	5.456	26.86	34.46	299.2	1699	1	99.94	0.0255	-0.223	0.106	0.0099	0.0193	0.0109	1.0	-0.22	2.74	1.00	0.00	0.16	111115
62	"11:48:35"	435.0	0	5.62	0.0642	241	0.604	0.951	12.93	6	1.42	1	2.84	13.79	12.93	15.14	399.94	388.19	4.252	5.456	26.85	34.45	299.2	1699	1	99.94	0.0255	-0.223	0.106	0.0099	0.0193	0.0109	1.0	-0.22	2.74	1.00	0.00	0.16	111115
63	"11:48:36"	435.5	0	5.59	0.0644	242	0.606	0.952	12.94	6	1.42	1	2.84	13.80	12.94	15.14	399.98	388.30	4.252	5.461	26.84	34.47	299.2	1699	1	99.94	0.0255	-0.223	0.106	0.0099	0.0193	0.0109	1.0	-0.22	2.74	1.00	0.00	0.16	111115
64	"11:48:36"	436.0	0	5.68	0.0646	240	0.608	0.952	12.95	6	1.42	1	2.84	13.80	12.95	15.14	400.00	388.13	4.252	5.465	26.83	34.48	299.2	1699	1	99.94	0.0255	-0.223	0.106	0.0099	0.0193	0.0109	1.0	-0.22	2.74	1.00	0.00	0.16	111115
65	"11:48:37"	436.5	0	5.8	0.0648	237	0.61	0.952	12.96	6	1.42	1	2.84	13.81	12.96	15.14	400.02	387.92	4.252	5.469	26.82	34.50	299.2	1699	1	99.94	0.0255	-0.223	0.106	0.0099	0.0193	0.0109	1.0	-0.22	2.74	1.00	0.00	0.16	111115
66	"11:48:37"	437.0	0	5.78	0.065	238	0.612	0.953	12.97	6	1.42	1	2.84	13.81	12.97	15.14	400.05	387.99	4.251	5.472	26.81	34.51	299.2	1699	0	99.94	0.0255	-0.223	0.106	0.0099	0.0193	0.0109	1.0	-0.22	2.74	1.00	0.00	0.16	111115
67	"11:48:38"	437.5	0	5.81	0.0648	237	0.611	0.954	12.97	6	1.42	1	2.84	13.82	12.97	15.14	400.11	387.98	4.252	5.470	26.81	34.49	299.2	1699	0	99.94	0.0255	-0.223	0.106	0.0099	0.0193	0.0109	1.0	-0.22	2.74	1.00	0.00	0.16	111115
68	"11:48:38"	438.0	0	5.83	0.0648	236	0.611	0.954	12.98	6	1.42	1	2.84	13.82	12.98	15.14	400.17	388.00	4.252	5.471	26.80	34.48	299.2	1699	0	99.94	0.0255	-0.223	0.106	0.0099	0.0193	0.0109	1.0	-0.22	2.74	1.00	0.00	0.16	111115
69	"11:48:39"	438.5	0	5.89	0.0644	234	0.608	0.955	12.98	6	1.42	1	2.84	13.83	12.98	15.14	400.22	387.93	4.252	5.465	26.79	34.43	299.2	1699	1	99.94	0.0255	-0.223	0.106	0.0099	0.0193	0.0109	1.0	-0.22	2.74	1.00	0.00	0.16	111115
70	"11:48:40"	439.0	0	5.88	0.0644	234	0.609	0.956	12.99	6	1.42	1	2.84	13.83	12.99	15.14	400.25	387.98	4.253	5.467	26.79	34.43	299.2	1699	1	99.94	0.0255	-0.223	0.106	0.0099	0.0193	0.0109	1.0	-0.22	2.74	1.00	0.00	0.16	111115
71	"11:48:40"	439.5	0	5.93	0.0645	233	0.609	0.956	12.99	6	1.42	1	2.84	13.84	12.99	15.14	400.30	387.94	4.252	5.467	26.77	34.42	299.2	1699	1	99.94	0.0255	-0.223	0.106	0.0099	0.0193	0.0109	1.0	-0.22	2.74	1.00	0.00	0.16	111115
72	"11:48:41"	440.0	0	5.88	0.0642	234	0.607	0.957	13.00	6	1.42	1	2.84	13.84	13.00	15.14	400.32	388.06	4.252	5.463	26.77	34.39	299.2	1699	1	99.94	0.0255	-0.223	0.106	0.0099	0.0193	0.0109	1.0	-0.22	2.74	1.00	0.00	0.16	111115
73	"11:48:41"	440.5	0	5.87	0.0644	234	0.609	0.957	13.00	6	1.42	1	2.84	13.84	13.00	15.14	400.36	388.11	4.252	5.466	26.76	34.40	299.2	1699	1	99.94	0.0255	-0.223	0.106	0.0099	0.0193	0.0109	1.0	-0.22	2.74	1.00	0.00	0.16	111115
74	"11:48:42"	441.0	0	5.92	0.0643	233	0.609	0.958	13.01	6	1.42	1	2.84	13.85	13.01	15.14	400.37	388.03	4.253	5.467	26.76	34.40	299.2	1699	1	99.94	0.0255	-0.223	0.106	0.0099	0.0193	0.0109	1.0	-0.22	2.74	1.00	0.00	0.16	111115
75	"11:48:42"	441.5	0	5.89	0.0644	234	0.61	0.958	13.02	6	1.42	1	2.84	13.85	13.02	15.14	400.40	388.11	4.253	5.470	26.75	34.40	299.2	1699	1	99.94	0.0255	-0.223	0.106	0.0099	0.0193	0.0109	1.0	-0.22	2.74	1.00	0.00	0.16	111115
76	"11:48:43"	442.0	0	5.84	0.0646	236	0.612	0.958	13.02	6	1.42	1	2.84	13.86	13.02	15.14	400.40	388.21	4.253	5.473	26.74	34.41	299.2	1699	1	99.94	0.0255	-0.223	0.106	0.0099	0.0193	0.0109	1.0	-0.22	2.74	1.00	0.00	0.16	111115
77	"11:48:43"	442.5	0	5.8	0.0648	237	0.614	0.959	13.03	6	1.42	1	2.84	13.86	13.03	15.14	400.43	388.32	4.253	5.478	26.74	34.44	299.2	1699	1	99.94	0.0255	-0.223	0.106	0.0099	0.0193	0.0109	1.0	-0.22	2.74	1.00	0.00	0.16	111115
"11:49:00 Coolers: Tblock -> 20.00 C"
"11:53:22 Flow: Fixed -> 300 umol/s"
78	"11:53:46"	745.5	0	5.87	0.0592	219	0.774	1.32	17.52	6	1.42	1	2.84	18.88	17.52	20.14	399.45	387.09	5.391	6.933	24.61	31.65	299.3	1699	1	99.94	0.0521	-0.24	0.116	0.0162	0.104	0.0162	1.0	-0.22	2.74	1.00	0.00	0.16	111115
79	"11:53:46"	745.5	0	5.87	0.0592	219	0.774	1.32	17.52	6	1.42	1	2.84	18.88	17.52	20.14	399.45	387.09	5.391	6.933	24.61	31.65	299.3	1699	1	99.94	0.0521	-0.24	0.116	0.0162	0.104	0.0162	1.0	-0.22	2.74	1.00	0.00	0.16	111115
80	"11:53:47"	746.0	0	5.85	0.059	219	0.772	1.32	17.52	6	1.42	1	2.84	18.88	17.52	20.14	399.40	387.07	5.391	6.928	24.61	31.63	299.3	1699	1	99.94	0.0521	-0.24	0.116	0.0162	0.104	0.0162	1.0	-0.22	2.74	1.00	0.00	0.16	111115
81	"11:53:47"	746.5	0	5.82	0.0588	220	0.77	1.32	17.53	6	1.42	1	2.84	18.89	17.53	20.14	399.40	387.14	5.391	6.924	24.61	31.60	299.3	1699	1	99.94	0.0521	-0.24	0.116	0.0162	0.104	0.0162	1.0	-0.22	2.74	1.00	0.00	0.16	111115
82	"11:53:48"	747.0	0	5.78	0.0588	221	0.77	1.32	17.53	6	1.42	1	2.84	18.89	17.53	20.14	399.38	387.20	5.391	6.924	24.60	31.60	299.3	1699	0	99.94	0.0521	-0.24	0.116	0.0162	0.104	0.0162	1.0	-0.22	2.74	1.00	0.00	0.16	111115
83	"11:53:48"	747.5	0	5.75	0.0589	222	0.772	1.32	17.53	6	1.42	1	2.84	18.89	17.53	20.14	399.38	387.25	5.391	6.929	24.60	31.62	299.2	1699	0	99.94	0.0521	-0.24	0.116	0.0162	0.104	0.0162	1.0	-0.22	2.74	1.00	0.00	0.16	111115
84	"11:53:49"	748.0	0	5.82	0.0591	220	0.775	1.32	17.54	6	1.42	1	2.84	18.89	17.54	20.14	399.40	387.12	5.392	6.935	24.60	31.64	299.2	1699	0	99.94	0.0521	-0.24	0.116	0.0162	0.104	0.0162	1.0	-0.22	2.74	1.00	0.00	0.16	111115
85	"11:53:49"	748.5	0	5.83	0.0591	220	0.775	1.32	17.54	6	1.42	1	2.84	18.89	17.54	20.14	399.42	387.13	5.392	6.936	24.60	31.64	299.2	1700	0	99.94	0.0521	-0.24	0.116	0.0162	0.104	0.0162	1.0	-0.22	2.74	1.00	0.00	0.16	111115
86	"11:53:50"	749.0	0	5.8	0.0591	221	0.774	1.32	17.54	6	1.42	1	2.84	18.90	17.54	20.14	399.47	387.24	5.393	6.935	24.60	31.63	299.2	1700	0	99.94	0.0521	-0.24	0.116	0.0162	0.104	0.0162	1.0	-0.22	2.74	1.00	0.00	0.16	111115
87	"11:53:50"	749.5	0	5.83	0.059	220	0.774	1.32	17.55	6	1.42	1	2.84	18.90	17.55	20.14	399.50	387.20	5.393	6.935	24.60	31.63	299.2	1699	0	99.94	0.0521	-0.24	0.116	0.0162	0.104	0.0162	1.0	-0.22	2.74	1.00	0.00	0.16	111115
88	"11:53:51"	750.0	0	5.89	0.0591	218	0.775	1.32	17.55	6	1.42	1	2.84	18.90	17.55	20.14	399.58	387.16	5.395	6.938	24.60	31.64	299.2	1699	0	99.94	0.0521	-0.24	0.116	0.0162	0.104	0.0162	1.0	-0.22	2.74	1.00	0.00	0.16	111115
89	"11:53:51"	750.5	0	5.99	0.0592	216	0.777	1.32	17.55	6	1.42	1	2.84	18.90	17.55	20.14	399.63	387.00	5.396	6.943	24.61	31.66	299.2	1699	1	99.94	0.0521	-0.24	0.116	0.0162	0.104	0.0162	1.0	-0.22	2.74	1.00	0.00	0.16	111115
90	"11:53:52"	751.0	0	6.06	0.0592	214	0.777	1.32	17.55	6	1.42	1	2.84	18.90	17.55	20.14	399.67	386.91	5.397	6.943	24.61	31.66	299.2	1699	1	99.94	0.0521	-0.24	0.116	0.0162	0.104	0.0162	1.0	-0.22	2.74	1.00	0.00	0.16	111115
91	"11:53:52"	751.5	0	6.07	0.0592	214	0.777	1.32	17.56	6	1.42	1	2.84	18.91	17.56	20.14	399.71	386.93	5.398	6.944	24.61	31.66	299.2	1699	1	99.94	0.0521	-0.24	0.116	0.0162	0.104	0.0162	1.0	-0.22	2.74	1.00	0.00	0.16	111115
92	"11:53:53"	752.5	0	6.01	0.0591	215	0.776	1.32	17.56	6	1.42	1	2.84	18.91	17.56	20.14	399.72	387.07	5.399	6.944	24.61	31.65	299.2	1699	1	99.94	0.0521	-0.24	0.116	0.0162	0.104	0.0162	1.0	-0.22	2.74	1.00	0.00	0.16	111115
93	"11:53:53"	753.0	0	6.01	0.0592	215	0.777	1.32	17.57	6	1.42	1	2.84	18.91	17.57	20.14	399.70	387.04	5.399	6.947	24.60	31.66	299.2	1699	1	99.94	0.0521	-0.24	0.116	0.0162	0.104	0.0162	1.0	-0.22	2.74	1.00	0.00	0.16	111115
94	"11:53:54"	753.5	0	6.02	0.0591	215	0.777	1.32	17.57	6	1.42	1	2.84	18.91	17.57	20.14	399.68	386.99	5.399	6.946	24.60	31.65	299.2	1699	1	99.94	0.0521	-0.24	0.116	0.0162	0.104	0.0162	1.0	-0.22	2.74	1.00	0.00	0.16	111115
"11:54:06 Coolers: Tblock -> 25.00 C"
"11:55:42 Flow: Fixed -> 300 umol/s"
95	"11:55:53"	873.0	0	6.08	0.0499	183	0.678	1.36	19.61	6	1.42	1	2.84	22.66	19.61	25.12	399.83	387.11	7.955	9.301	28.78	33.65	299.2	1700	1	99.95	-0.0932	-0.311	0.181	0.066	0.259	0.0763	1.0	-0.22	2.74	1.00	0.00	0.16	111115
96	"11:55:54"	873.0	0	6.08	0.0499	183	0.678	1.36	19.61	6	1.42	1	2.84	22.66	19.61	25.12	399.83	387.11	7.955	9.301	28.78	33.65	299.2	1700	1	99.95	-0.0932	-0.311	0.181	0.066	0.259	0.0763	1.0	-0.22	2.74	1.00	0.00	0.16	111115
97	"11:55:54"	873.5	0	6.13	0.05	181	0.679	1.36	19.61	6	1.42	1	2.84	22.67	19.61	25.12	399.82	387.00	7.955	9.305	28.77	33.66	299.1	1700	1	99.95	-0.0932	-0.311	0.181	0.066	0.259	0.0763	1.0	-0.22	2.74	1.00	0.00	0.16	111115
98	"11:55:55"	874.0	0	6.17	0.0501	181	0.682	1.36	19.62	6	1.42	1	2.84	22.67	19.62	25.12	399.83	386.93	7.956	9.310	28.77	33.67	299.2	1700	1	99.95	-0.0932	-0.311	0.181	0.066	0.259	0.0763	1.0	-0.22	2.74	1.00	0.00	0.16	111115
99	"11:55:55"	874.5	0	6.16	0.0501	181	0.682	1.36	19.63	6	1.42	1	2.84	22.67	19.63	25.12	399.81	386.94	7.957	9.312	28.77	33.67	299.2	1700	1	99.95	-0.0932	-0.311	0.181	0.066	0.259	0.0763	1.0	-0.22	2.74	1.00	0.00	0.16	111115
100	"11:55:56"	875.0	0	6.15	0.0502	182	0.684	1.36	19.64	6	1.42	1	2.84	22.68	19.64	25.12	399.83	386.97	7.957	9.316	28.76	33.67	299.2	1700	1	99.95	-0.0932	-0.311	0.181	0.066	0.259	0.0763	1.0	-0.22	2.74	1.00	0.00	0.16	111115
101	"11:55:56"	875.5	0	6.1	0.0503	184	0.686	1.36	19.65	6	1.42	1	2.84	22.68	19.65	25.12	399.83	387.06	7.957	9.321	28.75	33.68	299.2	1700	1	99.95	-0.0932	-0.311	0.181	0.066	0.259	0.0763	1.0	-0.22	2.74	1.00	0.00	0.16	111115
102	"11:55:57"	876.0	0	6.06	0.0506	186	0.689	1.36	19.65	6	1.42	1	2.84	22.69	19.65	25.12	399.79	387.11	7.958	9.327	28.75	33.70	299.2	1700	1	99.95	-0.0932	-0.311	0.181	0.066	0.259	0.0763	1.0	-0.22	2.74	1.00	0.00	0.16	111115
103	"11:55:57"	876.5	0	6.01	0.0507	188	0.691	1.36	19.65	6	1.42	1	2.84	22.69	19.65	25.12	399.82	387.23	7.958	9.331	28.74	33.70	299.2	1700	1	99.95	-0.0932	-0.311	0.181	0.066	0.259	0.0763	0.7	-0.22	2.74	1.00	0.00	0.16	111115
104	"11:55:58"	877.0	0	6.01	0.0506	188	0.691	1.37	19.66	6	1.42	1	2.84	22.69	19.66	25.12	399.76	387.18	7.960	9.332	28.74	33.70	299.2	1700	1	99.95	-0.0932	-0.311	0.181	0.066	0.259	0.0763	0.7	-0.22	2.74	1.00	0.00	0.16	111115
105	"11:55:59"	877.5	0	5.97	0.0508	190	0.693	1.36	19.66	6	1.42	1	2.84	22.70	19.66	25.11	399.75	387.23	7.960	9.337	28.74	33.71	299.2	1700	1	99.95	-0.0932	-0.311	0.181	0.066	0.259	0.0763	0.7	-0.22	2.74	1.00	0.00	0.16	111115
106	"11:55:59"	878.0	0	5.92	0.051	192	0.695	1.36	19.67	6	1.42	1	2.84	22.70	19.67	25.11	399.72	387.31	7.961	9.341	28.73	33.71	299.1	1700	1	99.95	-0.0932	-0.311	0.181	0.066	0.259	0.0763	0.7	-0.22	2.74	1.00	0.00	0.16	111115
107	"11:56:00"	878.5	0	5.92	0.0512	193	0.698	1.37	19.67	6	1.42	1	2.84	22.71	19.67	25.11	399.70	387.29	7.961	9.349	28.73	33.73	299.2	1700	1	99.95	-0.0932	-0.311	0.181	0.066	0.259	0.0763	0.7	-0.22	2.74	1.00	0.00	0.16	111115
108	"11:56:00"	879.0	0	5.87	0.0514	196	0.701	1.36	19.67	6	1.42	1	2.84	22.71	19.67	25.11	399.67	387.35	7.962	9.355	28.72	33.74	299.2	1700	1	99.95	-0.0932	-0.311	0.181	0.066	0.259	0.0763	0.7	-0.22	2.74	1.00	0.00	0.16	111115
109	"11:56:01"	879.5	0	5.94	0.0514	193	0.701	1.37	19.68	6	1.42	1	2.84	22.71	19.68	25.11	399.66	387.21	7.962	9.355	28.71	33.74	299.2	1700	1	99.95	-0.0932	-0.311	0.181	0.066	0.259	0.0763	0.7	-0.22	2.74	1.00	0.00	0.16	111115
110	"11:56:01"	880.5	0	5.98	0.0515	192	0.704	1.37	19.70	6	1.42	1	2.84	22.72	19.70	25.11	399.62	387.08	7.962	9.361	28.70	33.74	299.1	1700	1	99.95	-0.0932	-0.311	0.181	0.066	0.259	0.0763	0.7	-0.22	2.74	1.00	0.00	0.16	111115
111	"11:56:02"	881.0	0	5.94	0.0515	193	0.704	1.37	19.71	6	1.42	1	2.84	22.73	19.71	25.11	399.60	387.14	7.962	9.361	28.69	33.74	299.1	1700	1	99.95	-0.0932	-0.311	0.181	0.066	0.259	0.0763	0.7	-0.22	2.74	1.00	0.00	0.16	111115
112	"11:56:02"	881.5	0	5.93	0.0516	194	0.706	1.37	19.72	6	1.42	1	2.84	22.73	19.72	25.11	399.58	387.14	7.962	9.366	28.69	33.75	299.1	1700	1	99.95	-0.0932	-0.311	0.181	0.066	0.259	0.0763	0.7	-0.22	2.74	1.00	0.00	0.16	111115
113	"11:56:03"	882.0	0	5.97	0.0516	193	0.707	1.37	19.72	6	1.42	1	2.84	22.73	19.72	25.10	399.57	387.04	7.963	9.367	28.68	33.74	299.2	1700	1	99.95	-0.0932	-0.311	0.181	0.066	0.259	0.0763	0.7	-0.22	2.74	1.00	0.00	0.16	111115
"11:56:13 Coolers: Tblock -> 30.00 C"
"11:59:16 Flow: Fixed -> 300 umol/s"
114	"11:59:19"	1078.5	0	6.2	0.057	202	0.957	1.68	22.68	6	1.42	1	2.84	27.09	22.68	30.14	400.19	387.02	8.961	10.860	24.89	30.17	299.2	1698	0	99.95	-0.417	-0.329	0.0937	0.00708	0.0242	0.008	1.0	-0.22	2.74	1.00	0.00	0.16	111115
115	"11:59:19"	1078.5	0	6.2	0.057	202	0.957	1.68	22.68	6	1.42	1	2.84	27.09	22.68	30.14	400.19	387.02	8.961	10.860	24.89	30.17	299.2	1698	0	99.95	-0.417	-0.329	0.0937	0.00708	0.0242	0.008	1.0	-0.22	2.74	1.00	0.00	0.16	111115
116	"11:59:20"	1079.0	0	6.26	0.0571	201	0.961	1.68	22.70	6	1.42	1	2.84	27.09	22.70	30.14	400.23	386.93	8.956	10.863	24.88	30.18	299.2	1698	0	99.95	-0.417	-0.329	0.0937	0.00708	0.0242	0.008	1.0	-0.22	2.74	1.00	0.00	0.16	111115
117	"11:59:20"	1079.5	0	6.25	0.0571	201	0.962	1.68	22.71	6	1.42	1	2.84	27.09	22.71	30.13	400.26	386.97	8.953	10.861	24.86	30.16	299.2	1698	1	99.95	-0.417	-0.329	0.0937	0.00708	0.0242	0.008	1.0	-0.22	2.74	1.00	0.00	0.16	111115
118	"11:59:21"	1080.0	0	6.23	0.0572	202	0.963	1.69	22.71	6	1.42	1	2.84	27.10	22.71	30.13	400.29	387.04	8.950	10.861	24.86	30.16	299.2	1698	1	99.95	-0.417	-0.329	0.0937	0.00708	0.0242	0.008	1.0	-0.22	2.74	1.00	0.00	0.16	111115
119	"11:59:21"	1080.5	0	6.2	0.0577	204	0.971	1.68	22.71	6	1.42	1	2.84	27.10	22.71	30.12	400.36	387.16	8.936	10.863	24.81	30.16	299.2	1699	1	99.95	-0.417	-0.329	0.0937	0.00708	0.0242	0.008	1.0	-0.22	2.74	1.00	0.00	0.16	111115
120	"11:59:22"	1081.0	0	6.19	0.0578	205	0.975	1.69	22.72	6	1.42	1	2.84	27.10	22.72	30.11	400.39	387.21	8.935	10.869	24.80	30.17	299.1	1699	1	99.95	-0.417	-0.329	0.0937	0.00708	0.0242	0.008	1.0	-0.22	2.74	1.00	0.00	0.16	111115
121	"11:59:22"	1081.5	0	6.23	0.0578	204	0.976	1.69	22.73	6	1.42	1	2.84	27.11	22.73	30.10	400.40	387.15	8.934	10.870	24.80	30.17	299.2	1699	1	99.95	-0.417	-0.329	0.0937	0.00708	0.0242	0.008	1.0	-0.22	2.74	1.00	0.00	0.16	111115
122	"11:59:23"	1082.0	0	6.22	0.0579	204	0.978	1.69	22.74	6	1.42	1	2.84	27.11	22.74	30.10	400.39	387.15	8.933	10.873	24.79	30.17	299.2	1699	1	99.95	-0.417	-0.329	0.0937	0.00708	0.0242	0.008	1.0	-0.22	2.74	1.00	0.00	0.16	111115
123	"11:59:23"	1083.0	0	6.17	0.0578	205	0.977	1.69	22.75	6	1.42	1	2.84	27.11	22.75	30.09	400.36	387.22	8.933	10.871	24.78	30.16	299.2	1699	1	99.95	-0.417	-0.329	0.0937	0.00708	0.0242	0.008	1.0	-0.22	2.74	1.00	0.00	0.16	111115
124	"11:59:24"	1083.5	0	6.18	0.0579	205	0.978	1.69	22.75	6	1.42	1	2.84	27.12	22.75	30.08	400.33	387.18	8.933	10.873	24.78	30.16	299.2	1699	1	99.95	-0.417	-0.329	0.0937	0.00708	0.0242	0.008	1.0	-0.22	2.74	1.00	0.00	0.16	111115
125	"11:59:24"	1084.0	0	6.2	0.0579	205	0.979	1.69	22.75	6	1.42	1	2.84	27.12	22.75	30.08	400.31	387.13	8.932	10.874	24.77	30.16	299.2	1700	1	99.95	-0.417	-0.329	0.0937	0.00708	0.0242	0.008	1.0	-0.22	2.74	1.00	0.00	0.16	111115
126	"11:59:25"	1084.5	0	6.23	0.0579	204	0.979	1.69	22.75	6	1.42	1	2.84	27.12	22.75	30.08	400.30	387.05	8.933	10.874	24.77	30.16	299.2	1700	1	99.95	-0.417	-0.329	0.0937	0.00708	0.0242	0.008	1.0	-0.22	2.74	1.00	0.00	0.16	111115
127	"11:59:25"	1085.0	0	6.27	0.0578	202	0.977	1.69	22.75	6	1.42	1	2.84	27.12	22.75	30.08	400.30	386.96	8.932	10.870	24.77	30.14	299.2	1700	1	99.96	-0.417	-0.329	0.0937	0.00708	0.0242	0.008	1.0	-0.22	2.74	1.00	0.00	0.16	111115
128	"11:59:26"	1085.5	0	6.27	0.0578	202	0.977	1.69	22.75	6	1.42	1	2.84	27.12	22.75	30.08	400.28	386.94	8.932	10.869	24.76	30.13	299.2	1700	1	99.95	-0.417	-0.329	0.0937	0.00708	0.0242	0.008	1.0	-0.22	2.74	1.00	0.00	0.16	111115
129	"11:59:27"	1086.0	0	6.25	0.0578	203	0.976	1.69	22.74	6	1.42	1	2.84	27.13	22.74	30.08	400.27	386.97	8.933	10.870	24.76	30.13	299.2	1700	1	99.95	-0.417	-0.329	0.0937	0.00708	0.0242	0.008	1.0	-0.22	2.74	1.00	0.00	0.16	111115
130	"11:59:27"	1086.5	0	6.21	0.058	205	0.979	1.69	22.73	6	1.42	1	2.84	27.13	22.73	30.09	400.28	387.07	8.933	10.874	24.76	30.14	299.3	1700	1	99.95	-0.417	-0.329	0.0937	0.00708	0.0242	0.008	1.0	-0.22	2.74	1.00	0.00	0.16	111115
131	"11:59:28"	1087.0	0	6.28	0.0582	203	0.981	1.69	22.73	6	1.42	1	2.84	27.13	22.73	30.09	400.27	386.91	8.933	10.878	24.76	30.14	299.3	1700	1	99.96	-0.417	-0.329	0.0937	0.00708	0.0242	0.008	1.0	-0.22	2.74	1.00	0.00	0.16	111115
132	"11:59:28"	1087.5	0	6.32	0.0583	202	0.983	1.69	22.72	6	1.42	1	2.84	27.14	22.72	30.10	400.30	386.86	8.933	10.882	24.75	30.15	299.3	1700	1	99.95	-0.417	-0.329	0.0937	0.00708	0.0242	0.008	1.0	-0.22	2.74	1.00	0.00	0.16	111115
"11:59:44 Coolers: Tblock -> 35.00 C"
"12:03:18 Flow: Fixed -> 300 umol/s"
133	"12:03:19"	1318.5	0	5.25	0.0464	193	1.02	2.18	25.74	6	1.42	1	2.84	31.50	25.74	35.14	398.12	386.79	9.375	11.399	20.19	24.55	299.1	1698	1	99.97	-0.556	-0.336	0.0978	0.00849	0.058	0.00708	1.0	-0.22	2.74	1.00	0.00	0.16	111115
134	"12:03:20"	1318.5	0	5.25	0.0464	193	1.02	2.18	25.74	6	1.42	1	2.84	31.50	25.74	35.14	398.12	386.79	9.375	11.399	20.19	24.55	299.1	1698	1	99.97	-0.556	-0.336	0.0978	0.00849	0.058	0.00708	1.0	-0.22	2.74	1.00	0.00	0.16	111115
135	"12:03:20"	1319.0	0	5.65	0.0512	197	1.13	2.19	25.76	6	1.42	1	2.84	31.50	25.76	35.14	398.99	386.80	9.170	11.402	19.75	24.56	299.2	1698	1	99.96	-0.556	-0.336	0.0978	0.00849	0.058	0.00708	1.0	-0.22	2.74	1.00	0.00	0.16	111115
136	"12:03:21"	1319.5	0	5.7	0.0528	201	1.16	2.19	25.78	6	1.42	1	2.84	31.50	25.78	35.14	399.27	386.94	9.095	11.400	19.58	24.55	299.2	1699	1	99.96	-0.556	-0.336	0.0978	0.00849	0.058	0.00708	1.0	-0.22	2.74	1.00	0.00	0.16	111115
137	"12:03:21"	1320.0	0	5.77	0.0538	202	1.18	2.19	25.79	6	1.42	1	2.84	31.51	25.79	35.14	399.48	386.98	9.058	11.406	19.50	24.55	299.2	1699	1	99.96	-0.556	-0.336	0.0978	0.00849	0.058	0.00708	1.0	-0.22	2.74	1.00	0.00	0.16	111115
138	"12:03:22"	1320.5	0	5.81	0.0545	203	1.2	2.19	25.79	6	1.42	1	2.84	31.51	25.79	35.14	399.60	387.01	9.035	11.411	19.45	24.56	299.2	1698	1	99.96	-0.556	-0.336	0.0978	0.00849	0.058	0.00708	1.0	-0.22	2.74	1.00	0.00	0.16	111115
139	"12:03:22"	1321.0	0	5.9	0.0549	202	1.21	2.19	25.80	6	1.42	1	2.84	31.51	25.80	35.14	399.69	386.92	9.019	11.414	19.41	24.56	299.2	1699	1	99.96	-0.556	-0.336	0.0978	0.00849	0.058	0.00708	1.0	-0.22	2.74	1.00	0.00	0.16	111115
140	"12:03:23"	1321.5	0	5.95	0.0552	201	1.21	2.19	25.79	6	1.42	1	2.84	31.51	25.79	35.14	399.77	386.89	9.009	11.417	19.39	24.57	299.1	1698	1	99.96	-0.556	-0.336	0.0978	0.00849	0.058	0.00708	1.0	-0.22	2.74	1.00	0.00	0.16	111115
141	"12:03:23"	1322.0	0	5.95	0.0553	201	1.22	2.19	25.80	6	1.42	1	2.84	31.52	25.80	35.14	399.81	386.93	9.001	11.417	19.37	24.56	299.1	1699	1	99.96	-0.556	-0.336	0.0978	0.00849	0.058	0.00708	1.0	-0.22	2.74	1.00	0.00	0.16	111115
142	"12:03:24"	1322.5	0	6.05	0.0565	202	1.25	2.2	25.83	6	1.42	1	2.84	31.52	25.83	35.14	400.07	386.97	8.946	11.417	19.24	24.56	299.2	1699	1	99.96	-0.556	-0.336	0.0978	0.00849	0.058	0.00708	1.0	-0.22	2.74	1.00	0.00	0.16	111115
143	"12:03:24"	1323.0	0	6.05	0.0566	202	1.25	2.2	25.85	6	1.42	1	2.84	31.53	25.85	35.14	400.10	386.98	8.943	11.423	19.23	24.56	299.1	1699	1	99.96	-0.556	-0.336	0.0978	0.00849	0.058	0.00708	1.0	-0.22	2.74	1.00	0.00	0.16	111115
144	"12:03:25"	1323.5	0	6.11	0.0566	201	1.25	2.2	25.86	6	1.42	1	2.84	31.53	25.86	35.14	400.14	386.90	8.942	11.425	19.22	24.56	299.1	1699	1	99.96	-0.556	-0.336	0.0978	0.00849	0.058	0.00708	1.0	-0.22	2.74	1.00	0.00	0.16	111115
145	"12:03:25"	1324.0	0	6.14	0.0567	200	1.26	2.2	25.86	6	1.42	1	2.84	31.53	25.86	35.14	400.17	386.87	8.941	11.430	19.22	24.57	299.1	1699	1	99.96	-0.556	-0.336	0.0978	0.00849	0.058	0.00708	1.0	-0.22	2.74	1.00	0.00	0.16	111115
146	"12:03:26"	1324.5	0	6.2	0.0566	198	1.25	2.21	25.88	6	1.42	1	2.84	31.54	25.88	35.14	400.16	386.76	8.941	11.426	19.22	24.56	299.1	1699	1	99.96	-0.556	-0.336	0.0978	0.00849	0.058	0.00708	1.0	-0.22	2.74	1.00	0.00	0.16	111115
147	"12:03:26"	1325.0	0	6.2	0.0566	198	1.25	2.21	25.89	6	1.42	1	2.84	31.54	25.89	35.14	400.16	386.76	8.941	11.427	19.21	24.55	299.2	1699	1	99.96	-0.556	-0.336	0.0978	0.00849	0.058	0.00708	1.0	-0.22	2.74	1.00	0.00	0.16	111115
148	"12:03:27"	1325.5	0	6.12	0.0565	200	1.25	2.21	25.90	6	1.42	1	2.84	31.54	25.90	35.14	400.16	386.91	8.939	11.424	19.20	24.54	299.2	1699	1	99.96	-0.556	-0.336	0.0978	0.00849	0.058	0.00708	1.0	-0.22	2.74	1.00	0.00	0.16	111115
149	"12:03:27"	1326.0	0	6.16	0.0565	199	1.25	2.21	25.91	6	1.42	1	2.84	31.55	25.91	35.14	400.16	386.84	8.940	11.427	19.20	24.54	299.2	1699	1	99.96	-0.556	-0.336	0.0978	0.00849	0.058	0.00708	1.0	-0.22	2.74	1.00	0.00	0.16	111115
150	"12:03:37"	1336.5	0	6.01	0.0561	202	1.26	2.24	26.03	6	1.42	1	2.84	31.62	26.03	35.14	400.13	387.10	8.937	11.437	19.11	24.46	299.1	1699	1	99.96	-0.556	-0.336	0.0978	0.00849	0.058	0.00708	1.0	-0.22	2.74	1.00	0.00	0.16	111115
151	"12:03:37"	1336.5	0	6.01	0.0561	202	1.26	2.24	26.03	6	1.42	1	2.84	31.62	26.03	35.14	400.13	387.10	8.937	11.437	19.11	24.46	299.1	1699	1	99.96	-0.556	-0.336	0.0978	0.00849	0.058	0.00708	1.0	-0.22	2.74	1.00	0.00	0.16	111115
152	"12:03:38"	1337.0	0	5.99	0.0561	203	1.26	2.24	26.03	6	1.42	1	2.84	31.63	26.03	35.14	400.11	387.12	8.937	11.434	19.11	24.45	299.1	1699	1	99.96	-0.556	-0.336	0.0978	0.00849	0.058	0.00708	1.0	-0.22	2.74	1.00	0.00	0.16	111115
153	"12:03:39"	1337.5	0	6.02	0.0561	202	1.26	2.24	26.04	6	1.42	1	2.84	31.63	26.04	35.14	400.10	387.04	8.936	11.436	19.10	24.45	299.1	1699	1	99.96	-0.556	-0.336	0.0978	0.00849	0.058	0.00708	1.0	-0.22	2.74	1.00	0.00	0.16	111115
154	"12:03:39"	1338.0	0	5.96	0.056	203	1.26	2.24	26.03	6	1.42	1	2.84	31.63	26.03	35.13	400.06	387.13	8.936	11.432	19.10	24.43	299.0	1699	1	99.96	-0.556	-0.336	0.0978	0.00849	0.058	0.00708	1.0	-0.22	2.74	1.00	0.00	0.16	111115
155	"12:03:40"	1338.5	0	5.97	0.0559	203	1.26	2.24	26.03	6	1.42	1	2.84	31.64	26.03	35.13	400.05	387.10	8.936	11.429	19.09	24.42	299.0	1699	1	99.96	-0.556	-0.336	0.0978	0.00849	0.058	0.00708	0.7	-0.22	2.74	1.00	0.00	0.16	111115
156	"12:03:40"	1339.0	0	6.01	0.0559	201	1.26	2.24	26.05	6	1.42	1	2.84	31.64	26.05	35.13	400.06	387.02	8.936	11.429	19.09	24.41	299.1	1699	1	99.96	-0.556	-0.336	0.0978	0.00849	0.058	0.00708	0.7	-0.22	2.74	1.00	0.00	0.16	111115
157	"12:03:41"	1339.5	0	5.95	0.0559	203	1.26	2.24	26.05	6	1.42	1	2.84	31.65	26.05	35.13	400.04	387.13	8.937	11.432	19.09	24.42	299.1	1699	1	99.96	-0.556	-0.336	0.0978	0.00849	0.058	0.00708	0.7	-0.22	2.74	1.00	0.00	0.16	111115
158	"12:03:41"	1340.0	0	5.94	0.0561	204	1.26	2.24	26.05	6	1.42	1	2.84	31.65	26.05	35.13	400.04	387.14	8.937	11.437	19.08	24.42	299.1	1699	1	99.96	-0.556	-0.336	0.0978	0.00849	0.058	0.00708	0.7	-0.22	2.74	1.00	0.00	0.16	111115
159	"12:03:42"	1340.5	0	5.97	0.0561	203	1.26	2.24	26.05	6	1.42	1	2.84	31.65	26.05	35.13	400.04	387.09	8.937	11.439	19.08	24.42	299.1	1699	1	99.96	-0.556	-0.336	0.0978	0.00849	0.058	0.00708	0.7	-0.22	2.74	1.00	0.00	0.16	111115
160	"12:03:42"	1341.0	0	5.95	0.0561	204	1.26	2.24	26.06	6	1.42	1	2.84	31.66	26.06	35.13	400.04	387.12	8.937	11.438	19.08	24.42	299.1	1699	1	99.96	-0.556	-0.336	0.0978	0.00849	0.058	0.00708	0.7	-0.22	2.74	1.00	0.00	0.16	111115
161	"12:03:43"	1341.5	0	5.98	0.0561	203	1.26	2.24	26.06	6	1.42	1	2.84	31.66	26.06	35.13	400.08	387.11	8.937	11.440	19.08	24.42	299.2	1699	1	99.96	-0.556	-0.336	0.0978	0.00849	0.058	0.00708	0.7	-0.22	2.74	1.00	0.00	0.16	111115
162	"12:03:43"	1342.0	0	6.02	0.0561	202	1.26	2.24	26.07	6	1.42	1	2.84	31.66	26.07	35.13	400.13	387.08	8.938	11.443	19.07	24.42	299.2	1699	1	99.96	-0.556	-0.336	0.0978	0.00849	0.058	0.00708	0.7	-0.22	2.74	1.00	0.00	0.16	111115
163	"12:03:44"	1342.5	0	6.05	0.0561	201	1.27	2.25	26.08	6	1.42	1	2.84	31.66	26.08	35.13	400.15	387.03	8.937	11.447	19.07	24.42	299.2	1699	1	99.96	-0.556	-0.336	0.0978	0.00849	0.058	0.00708	0.7	-0.22	2.74	1.00	0.00	0.16	111115
164	"12:03:45"	1343.5	0	6.05	0.0561	201	1.27	2.25	26.08	6	1.42	1	2.84	31.67	26.08	35.13	400.14	387.03	8.937	11.446	19.06	24.41	299.1	1699	1	99.96	-0.556	-0.336	0.0978	0.00849	0.058	0.00708	0.7	-0.22	2.74	1.00	0.00	0.16	111115
165	"12:03:45"	1344.0	0	6.09	0.056	199	1.27	2.25	26.10	6	1.42	1	2.84	31.67	26.10	35.13	400.17	386.98	8.937	11.446	19.06	24.41	299.2	1699	1	99.96	-0.556	-0.336	0.0978	0.00849	0.058	0.00708	1.0	-0.22	2.74	1.00	0.00	0.16	111115
166	"12:03:46"	1344.5	0	6.1	0.0559	199	1.27	2.25	26.11	6	1.42	1	2.84	31.68	26.11	35.13	400.21	386.98	8.937	11.445	19.05	24.40	299.2	1699	1	99.96	-0.556	-0.336	0.0978	0.00849	0.058	0.00708	1.0	-0.22	2.74	1.00	0.00	0.16	111115
167	"12:03:46"	1345.0	0	6.14	0.0559	198	1.27	2.25	26.12	6	1.42	1	2.84	31.68	26.12	35.14	400.25	386.95	8.937	11.446	19.05	24.40	299.2	1699	1	99.96	-0.556	-0.336	0.0978	0.00849	0.058	0.00708	1.0	-0.22	2.74	1.00	0.00	0.16	111115
168	"12:03:47"	1345.5	0	6.11	0.0557	198	1.26	2.26	26.13	6	1.42	1	2.84	31.69	26.13	35.14	400.27	387.05	8.937	11.440	19.04	24.38	299.1	1699	1	99.96	-0.556	-0.336	0.0978	0.00849	0.058	0.00708	1.0	-0.22	2.74	1.00	0.00	0.16	111115
169	"12:03:47"	1346.0	0	6.12	0.0557	198	1.26	2.26	26.14	6	1.42	1	2.84	31.69	26.14	35.14	400.27	387.03	8.936	11.443	19.04	24.38	299.2	1699	1	99.96	-0.556	-0.336	0.0978	0.00849	0.058	0.00708	1.0	-0.22	2.74	1.00	0.00	0.16	111115
170	"12:03:48"	1347.0	0	6.12	0.0556	197	1.26	2.26	26.17	6	1.42	1	2.84	31.70	26.17	35.14	400.21	386.96	8.937	11.443	19.03	24.37	299.1	1699	1	99.96	-0.556	-0.336	0.0978	0.00849	0.058	0.00708	1.0	-0.22	2.74	1.00	0.00	0.16	111115
"12:04:00 Coolers: Tblock -> 40.00 C"
"12:11:01 Flow: Fixed -> 300 umol/s"
171	"12:11:03"	1783.0	0	2.91	0.032	229	1.08	3.32	30.71	6	1.42	1	2.84	36.69	30.71	40.13	399.89	393.21	9.052	11.192	14.60	18.05	299.1	1702	1	99.97	-0.088	-0.318	0.0715	0.00722	0.0237	0.00203	1.0	-0.22	2.74	1.00	0.00	0.16	111115
172	"12:11:03"	1783.0	0	2.91	0.032	229	1.08	3.32	30.71	6	1.42	1	2.84	36.69	30.71	40.13	399.89	393.21	9.052	11.192	14.60	18.05	299.1	1702	1	99.97	-0.088	-0.318	0.0715	0.00722	0.0237	0.00203	1.0	-0.22	2.74	1.00	0.00	0.16	111115
173	"12:11:04"	1783.5	0	2.94	0.0322	229	1.09	3.32	30.70	6	1.42	1	2.84	36.69	30.70	40.13	399.90	393.14	9.030	11.187	14.56	18.04	299.0	1702	1	99.97	-0.088	-0.318	0.0715	0.00722	0.0237	0.00203	1.0	-0.22	2.74	1.00	0.00	0.16	111115
174	"12:11:04"	1784.0	0	2.94	0.0325	230	1.1	3.32	30.70	6	1.42	1	2.84	36.69	30.70	40.13	399.93	393.17	9.015	11.188	14.54	18.04	299.1	1702	1	99.97	-0.088	-0.318	0.0715	0.00722	0.0237	0.00203	1.0	-0.22	2.74	1.00	0.00	0.16	111115
175	"12:11:05"	1784.5	0	2.92	0.0326	231	1.1	3.32	30.69	6	1.42	1	2.84	36.69	30.69	40.13	399.97	393.24	9.005	11.185	14.52	18.04	299.1	1702	1	99.97	-0.088	-0.318	0.0715	0.00722	0.0237	0.00203	1.0	-0.22	2.74	1.00	0.00	0.16	111115
176	"12:11:05"	1785.0	0	2.94	0.0327	231	1.1	3.31	30.68	6	1.42	1	2.84	36.69	30.68	40.13	399.98	393.22	8.997	11.183	14.51	18.03	299.1	1701	1	99.97	-0.088	-0.318	0.0715	0.00722	0.0237	0.00203	0.7	-0.22	2.74	1.00	0.00	0.16	111115
177	"12:11:06"	1785.5	0	2.99	0.0334	231	1.12	3.31	30.68	6	1.42	1	2.84	36.69	30.68	40.13	400.10	393.21	8.947	11.177	14.43	18.02	299.1	1701	1	99.97	-0.088	-0.318	0.0715	0.00722	0.0237	0.00203	0.7	-0.22	2.74	1.00	0.00	0.16	111115
178	"12:11:06"	1786.0	0	3.04	0.0333	229	1.12	3.31	30.68	6	1.42	1	2.84	36.69	30.68	40.13	400.10	393.11	8.944	11.170	14.42	18.01	299.1	1701	1	99.97	-0.088	-0.318	0.0715	0.00722	0.0237	0.00203	0.7	-0.22	2.74	1.00	0.00	0.16	111115
179	"12:11:07"	1786.5	0	3.09	0.0333	226	1.12	3.31	30.67	6	1.42	1	2.84	36.70	30.67	40.13	400.12	393.03	8.942	11.169	14.42	18.00	299.1	1700	1	99.97	-0.088	-0.318	0.0715	0.00722	0.0237	0.00203	0.7	-0.22	2.74	1.00	0.00	0.16	111115
180	"12:11:07"	1787.0	0	3.09	0.0333	226	1.12	3.31	30.67	6	1.42	1	2.84	36.70	30.67	40.13	400.13	393.04	8.942	11.165	14.41	18.00	299.1	1700	1	99.97	-0.088	-0.318	0.0715	0.00722	0.0237	0.00203	1.0	-0.22	2.74	1.00	0.00	0.16	111115
181	"12:11:08"	1787.5	0	3.09	0.0332	226	1.12	3.31	30.67	6	1.42	1	2.84	36.70	30.67	40.13	400.16	393.08	8.942	11.160	14.41	17.99	299.1	1700	1	99.97	-0.088	-0.318	0.0715	0.00722	0.0237	0.00203	1.0	-0.22	2.74	1.00	0.00	0.16	111115
182	"12:11:08"	1788.0	0	3.13	0.0331	223	1.11	3.31	30.67	6	1.42	1	2.84	36.70	30.67	40.13	400.18	393.01	8.943	11.154	14.41	17.98	299.1	1699	1	99.97	-0.088	-0.318	0.0715	0.00722	0.0237	0.00203	1.0	-0.22	2.74	1.00	0.00	0.16	111115
183	"12:11:09"	1788.5	0	3.2	0.033	220	1.11	3.31	30.67	6	1.42	1	2.84	36.70	30.67	40.13	400.20	392.91	8.943	11.151	14.41	17.97	299.1	1699	1	99.97	-0.088	-0.318	0.0715	0.00722	0.0237	0.00203	1.0	-0.22	2.74	1.00	0.00	0.16	111115
184	"12:11:10"	1789.0	0	3.27	0.0329	216	1.11	3.31	30.68	6	1.42	1	2.84	36.70	30.68	40.13	400.25	392.82	8.943	11.145	14.41	17.96	299.1	1699	1	99.97	-0.088	-0.318	0.0715	0.00722	0.0237	0.00203	1.0	-0.22	2.74	1.00	0.00	0.16	111115
185	"12:11:10"	1789.5	0	3.3	0.0329	214	1.11	3.31	30.67	6	1.42	1	2.84	36.71	30.67	40.13	400.33	392.83	8.942	11.142	14.41	17.95	299.1	1699	1	99.97	-0.088	-0.318	0.0715	0.00722	0.0237	0.00203	1.0	-0.22	2.74	1.00	0.00	0.16	111115
186	"12:11:11"	1790.0	0	3.26	0.0328	216	1.11	3.31	30.67	6	1.42	1	2.84	36.71	30.67	40.13	400.36	392.95	8.942	11.135	14.41	17.94	299.1	1699	1	99.97	-0.088	-0.318	0.0715	0.00722	0.0237	0.00203	1.0	-0.22	2.74	1.00	0.00	0.16	111115
187	"12:11:11"	1790.5	0	3.2	0.0326	218	1.1	3.32	30.68	6	1.42	1	2.84	36.71	30.68	40.13	400.35	393.06	8.942	11.126	14.40	17.92	299.2	1699	1	99.97	-0.088	-0.318	0.0715	0.00722	0.0237	0.00203	1.0	-0.22	2.74	1.00	0.00	0.16	111115
188	"12:11:12"	1791.0	0	3.14	0.0324	220	1.09	3.32	30.69	6	1.42	1	2.84	36.71	30.69	40.13	400.34	393.19	8.942	11.113	14.40	17.90	299.1	1699	1	99.97	-0.088	-0.318	0.0715	0.00722	0.0237	0.00203	1.0	-0.22	2.74	1.00	0.00	0.16	111115
189	"12:11:12"	1791.5	0	3.09	0.0324	222	1.09	3.32	30.69	6	1.42	1	2.84	36.71	30.69	40.13	400.30	393.25	8.941	11.111	14.40	17.89	299.1	1699	1	99.97	-0.088	-0.318	0.0715	0.00722	0.0237	0.00203	1.0	-0.22	2.74	1.00	0.00	0.16	111115
190	"12:11:13"	1792.0	0	3.03	0.0323	225	1.09	3.32	30.69	6	1.42	1	2.84	36.72	30.69	40.13	400.28	393.35	8.940	11.105	14.40	17.88	299.1	1699	1	99.97	-0.088	-0.318	0.0715	0.00722	0.0237	0.00203	1.0	-0.22	2.74	1.00	0.00	0.16	111115
191	"12:11:13"	1792.5	0	3.02	0.0323	225	1.09	3.32	30.69	6	1.42	1	2.84	36.72	30.69	40.13	400.29	393.37	8.941	11.104	14.40	17.88	299.1	1699	1	99.97	-0.088	-0.318	0.0715	0.00722	0.0237	0.00203	1.0	-0.22	2.74	1.00	0.00	0.16	111115
"12:11:24 Coolers: Tblock -> 45.00 C"
"12:12:39 Flow: Fixed -> 300 umol/s"
192	"12:12:45"	1885.5	0	2.55	0.0304	239	1.15	3.71	32.19	6	1.42	1	2.84	40.45	32.19	45.22	399.87	393.84	8.938	11.221	11.77	14.77	299.1	1700	1	99.97	-0.363	-0.326	0.0573	0.011	0.0328	0.00874	1.0	-0.22	2.74	1.00	0.00	0.16	111115
193	"12:12:46"	1885.5	0	2.55	0.0304	239	1.15	3.71	32.19	6	1.42	1	2.84	40.45	32.19	45.22	399.87	393.84	8.938	11.221	11.77	14.77	299.1	1700	1	99.97	-0.363	-0.326	0.0573	0.011	0.0328	0.00874	1.0	-0.22	2.74	1.00	0.00	0.16	111115
194	"12:12:46"	1886.0	0	2.55	0.0304	239	1.15	3.71	32.20	6	1.42	1	2.84	40.46	32.20	45.22	399.86	393.84	8.938	11.219	11.76	14.76	299.1	1700	1	99.97	-0.363	-0.326	0.0573	0.011	0.0328	0.00874	1.0	-0.22	2.74	1.00	0.00	0.16	111115
195	"12:12:47"	1886.5	0	2.54	0.0304	240	1.15	3.7	32.18	6	1.42	1	2.84	40.47	32.18	45.21	399.88	393.87	8.937	11.216	11.76	14.75	299.1	1700	1	99.97	-0.363	-0.326	0.0573	0.011	0.0328	0.00874	1.0	-0.22	2.74	1.00	0.00	0.16	111115
196	"12:12:47"	1887.0	0	2.57	0.0303	238	1.15	3.7	32.19	6	1.42	1	2.84	40.47	32.19	45.21	399.90	393.83	8.937	11.212	11.75	14.74	299.1	1700	1	99.97	-0.363	-0.326	0.0573	0.011	0.0328	0.00874	1.0	-0.22	2.74	1.00	0.00	0.16	111115
197	"12:12:48"	1887.5	0	2.54	0.0303	239	1.15	3.71	32.20	6	1.42	1	2.84	40.48	32.20	45.21	399.93	393.92	8.936	11.211	11.75	14.74	299.1	1700	1	99.97	-0.363	-0.326	0.0573	0.011	0.0328	0.00874	1.0	-0.22	2.74	1.00	0.00	0.16	111115
198	"12:12:48"	1888.0	0	2.52	0.0302	240	1.15	3.71	32.22	6	1.42	1	2.84	40.48	32.22	45.21	399.91	393.95	8.936	11.208	11.74	14.73	299.1	1700	1	99.97	-0.363	-0.326	0.0573	0.011	0.0328	0.00874	1.0	-0.22	2.74	1.00	0.00	0.16	111115
199	"12:12:49"	1888.5	0	2.5	0.0302	241	1.14	3.72	32.23	6	1.42	1	2.84	40.49	32.23	45.21	399.89	393.98	8.935	11.204	11.74	14.72	299.1	1700	1	99.97	-0.363	-0.326	0.0573	0.011	0.0328	0.00874	1.0	-0.22	2.74	1.00	0.00	0.16	111115
200	"12:12:50"	1889.0	0	2.52	0.0301	240	1.14	3.72	32.22	6	1.42	1	2.84	40.50	32.22	45.20	399.91	393.96	8.936	11.199	11.73	14.71	299.1	1700	1	99.97	-0.363	-0.326	0.0573	0.011	0.0328	0.00874	1.0	-0.22	2.74	1.00	0.00	0.16	111115
201	"12:12:50"	1890.0	0	2.55	0.03	237	1.14	3.72	32.24	6	1.42	1	2.84	40.51	32.24	45.20	399.94	393.92	8.935	11.198	11.73	14.70	299.1	1700	1	99.97	-0.363	-0.326	0.0573	0.011	0.0328	0.00874	1.0	-0.22	2.74	1.00	0.00	0.16	111115
202	"12:12:51"	1890.5	0	2.57	0.03	237	1.14	3.73	32.26	6	1.42	1	2.84	40.51	32.26	45.20	399.96	393.91	8.935	11.199	11.72	14.69	299.1	1700	0	99.97	-0.363	-0.326	0.0573	0.011	0.0328	0.00874	1.0	-0.22	2.74	1.00	0.00	0.16	111115
203	"12:12:51"	1891.0	0	2.59	0.03	235	1.14	3.73	32.28	6	1.42	1	2.84	40.52	32.28	45.20	399.95	393.86	8.936	11.197	11.72	14.69	299.1	1700	1	99.97	-0.363	-0.326	0.0573	0.011	0.0328	0.00874	1.0	-0.22	2.74	1.00	0.00	0.16	111115
204	"12:12:52"	1891.5	0	2.58	0.03	236	1.14	3.73	32.28	6	1.42	1	2.84	40.53	32.28	45.20	399.92	393.84	8.937	11.199	11.72	14.68	299.2	1700	1	99.97	-0.363	-0.326	0.0573	0.011	0.0328	0.00874	1.0	-0.22	2.74	1.00	0.00	0.16	111115
205	"12:12:53"	1892.0	0	2.62	0.03	233	1.14	3.73	32.29	6	1.42	1	2.84	40.53	32.29	45.20	399.93	393.77	8.937	11.201	11.71	14.68	299.2	1700	1	99.97	-0.363	-0.326	0.0573	0.011	0.0328	0.00874	1.0	-0.22	2.74	1.00	0.00	0.16	111115
206	"12:12:53"	1892.5	0	2.68	0.0299	230	1.14	3.74	32.31	6	1.42	1	2.84	40.54	32.31	45.20	399.94	393.66	8.937	11.202	11.71	14.68	299.2	1700	1	99.97	-0.363	-0.326	0.0573	0.011	0.0328	0.00874	1.0	-0.22	2.74	1.00	0.00	0.16	111115
207	"12:12:54"	1893.5	0	2.66	0.0299	231	1.14	3.74	32.32	6	1.42	1	2.84	40.55	32.32	45.19	399.94	393.70	8.937	11.201	11.70	14.67	299.2	1701	1	99.97	-0.363	-0.326	0.0573	0.011	0.0328	0.00874	1.0	-0.22	2.74	1.00	0.00	0.16	111115
208	"12:12:55"	1894.0	0	2.68	0.0298	229	1.14	3.75	32.35	6	1.42	1	2.84	40.56	32.35	45.19	399.93	393.65	8.937	11.202	11.70	14.66	299.2	1701	1	99.97	-0.363	-0.326	0.0573	0.011	0.0328	0.00874	1.0	-0.22	2.74	1.00	0.00	0.16	111115
209	"12:12:55"	1894.5	0	2.72	0.0298	227	1.14	3.75	32.36	6	1.42	1	2.84	40.56	32.36	45.20	399.96	393.61	8.938	11.200	11.70	14.66	299.1	1701	1	99.97	-0.363	-0.326	0.0573	0.011	0.0328	0.00874	1.0	-0.22	2.74	1.00	0.00	0.16	111115
210	"12:12:56"	1895.5	0	2.68	0.0298	229	1.14	3.76	32.38	6	1.42	1	2.84	40.57	32.38	45.19	400.02	393.74	8.936	11.201	11.69	14.65	299.1	1700	1	99.97	-0.363	-0.326	0.0573	0.011	0.0328	0.00874	1.0	-0.22	2.74	1.00	0.00	0.16	111115
211	"12:12:57"	1896.0	0	2.65	0.0297	230	1.14	3.76	32.39	6	1.42	1	2.84	40.58	32.39	45.19	400.03	393.81	8.936	11.199	11.68	14.64	299.1	1700	1	99.97	-0.363	-0.326	0.0573	0.011	0.0328	0.00874	1.0	-0.22	2.74	1.00	0.00	0.16	111115
212	"12:12:57"	1896.5	0	2.67	0.0297	230	1.14	3.76	32.38	6	1.42	1	2.84	40.58	32.38	45.19	400.08	393.82	8.935	11.198	11.68	14.64	299.0	1701	1	99.97	-0.363	-0.326	0.0573	0.011	0.0328	0.00874	1.0	-0.22	2.74	1.00	0.00	0.16	111115
213	"12:12:58"	1897.5	0	2.67	0.0297	229	1.14	3.77	32.41	6	1.42	1	2.84	40.59	32.41	45.19	400.14	393.88	8.935	11.198	11.67	14.63	299.1	1701	0	99.97	-0.363	-0.326	0.0573	0.011	0.0328	0.00874	1.0	-0.22	2.74	1.00	0.00	0.16	111115
214	"12:12:58"	1898.0	0	2.67	0.0297	229	1.14	3.77	32.40	6	1.42	1	2.84	40.60	32.40	45.19	400.18	393.92	8.935	11.197	11.67	14.63	299.1	1701	0	99.97	-0.363	-0.326	0.0573	0.011	0.0328	0.00874	1.0	-0.22	2.74	1.00	0.00	0.16	111115
215	"12:12:59"	1898.5	0	2.63	0.0297	231	1.14	3.77	32.41	6	1.42	1	2.84	40.60	32.41	45.19	400.15	393.97	8.935	11.199	11.67	14.62	299.1	1701	1	99.97	-0.363	-0.326	0.0573	0.011	0.0328	0.00874	1.0	-0.22	2.74	1.00	0.00	0.16	111115
"12:13:10 Coolers: Tblock -> 50.00 C"
"12:20:03 Flow: Fixed -> 300 umol/s"
216	"12:20:06"	2325.0	0	1.11	0.0221	288	1.14	4.99	36.45	6	1.42	1	2.84	45.63	36.45	49.93	400.27	397.14	8.989	11.242	9.03	11.29	299.1	1701	1	99.97	-0.362	-0.317	0.163	0.00738	0.0879	0.00198	1.0	-0.22	2.74	1.00	0.00	0.16	111115
217	"12:20:06"	2325.0	0	1.11	0.0221	288	1.14	4.99	36.45	6	1.42	1	2.84	45.63	36.45	49.93	400.27	397.14	8.989	11.242	9.03	11.29	299.1	1701	1	99.97	-0.362	-0.317	0.163	0.00738	0.0879	0.00198	1.0	-0.22	2.74	1.00	0.00	0.16	111115
218	"12:20:07"	2325.5	0	1.08	0.0223	291	1.15	4.99	36.44	6	1.42	1	2.84	45.63	36.44	49.93	400.27	397.20	8.969	11.241	9.01	11.29	299.0	1701	1	99.97	-0.362	-0.317	0.163	0.00738	0.0879	0.00198	1.0	-0.22	2.74	1.00	0.00	0.16	111115
219	"12:20:07"	2326.0	0	1.06	0.0224	293	1.15	4.99	36.42	6	1.42	1	2.84	45.63	36.42	49.93	400.27	397.23	8.956	11.241	8.99	11.29	299.1	1701	1	99.97	-0.362	-0.317	0.163	0.00738	0.0879	0.00198	1.0	-0.22	2.74	1.00	0.00	0.16	111115
220	"12:20:08"	2326.5	0	1.06	0.0225	293	1.16	4.99	36.43	6	1.42	1	2.84	45.63	36.43	49.93	400.25	397.20	8.947	11.240	8.98	11.29	299.1	1701	1	99.97	-0.362	-0.317	0.163	0.00738	0.0879	0.00198	1.0	-0.22	2.74	1.00	0.00	0.16	111115
221	"12:20:08"	2327.0	0	1.01	0.0226	297	1.16	4.99	36.43	6	1.42	1	2.84	45.63	36.43	49.93	400.21	397.26	8.939	11.239	8.98	11.29	299.1	1701	1	99.97	-0.362	-0.317	0.163	0.00738	0.0879	0.00198	1.0	-0.22	2.74	1.00	0.00	0.16	111115
222	"12:20:09"	2327.5	0	0.947	0.023	302	1.18	4.99	36.43	6	1.42	1	2.84	45.63	36.43	49.92	400.18	397.34	8.893	11.240	8.93	11.29	299.0	1701	1	99.97	-0.362	-0.317	0.163	0.00738	0.0879	0.00198	1.0	-0.22	2.74	1.00	0.00	0.16	111115
223	"12:20:09"	2328.0	0	0.883	0.0231	307	1.18	4.98	36.41	6	1.42	1	2.84	45.63	36.41	49.92	400.18	397.46	8.890	11.236	8.93	11.28	299.0	1701	1	99.97	-0.362	-0.317	0.163	0.00738	0.0879	0.00198	1.0	-0.22	2.74	1.00	0.00	0.16	111115
224	"12:20:10"	2329.0	0	0.888	0.0231	306	1.18	4.98	36.41	6	1.42	1	2.84	45.63	36.41	49.92	400.15	397.42	8.889	11.237	8.92	11.28	299.1	1701	1	99.97	-0.362	-0.317	0.163	0.00738	0.0879	0.00198	1.0	-0.22	2.74	1.00	0.00	0.16	111115
225	"12:20:10"	2329.5	0	0.88	0.0231	307	1.18	4.98	36.41	6	1.42	1	2.84	45.63	36.41	49.91	400.15	397.44	8.889	11.235	8.92	11.28	299.1	1701	1	99.97	-0.362	-0.317	0.163	0.00738	0.0879	0.00198	1.0	-0.22	2.74	1.00	0.00	0.16	111115
226	"12:20:11"	2330.0	0	0.903	0.023	305	1.18	4.98	36.42	6	1.42	1	2.84	45.63	36.42	49.91	400.16	397.41	8.889	11.232	8.92	11.28	299.0	1702	1	99.97	-0.362	-0.317	0.163	0.00738	0.0879	0.00198	1.0	-0.22	2.74	1.00	0.00	0.16	111115
227	"12:20:11"	2330.5	0	0.901	0.0231	305	1.18	4.98	36.41	6	1.42	1	2.84	45.64	36.41	49.91	400.15	397.40	8.888	11.233	8.92	11.28	299.0	1702	0	99.97	-0.362	-0.317	0.163	0.00738	0.0879	0.00198	1.0	-0.22	2.74	1.00	0.00	0.16	111115
228	"12:20:12"	2331.0	0	0.954	0.023	302	1.18	4.98	36.41	6	1.42	1	2.84	45.64	36.41	49.90	400.21	397.35	8.889	11.233	8.92	11.28	299.0	1702	0	99.97	-0.362	-0.317	0.163	0.00738	0.0879	0.00198	1.0	-0.22	2.74	1.00	0.00	0.16	111115
229	"12:20:13"	2331.5	0	0.987	0.023	299	1.18	4.99	36.43	6	1.42	1	2.84	45.64	36.43	49.90	400.24	397.32	8.889	11.231	8.92	11.27	299.0	1702	0	99.97	-0.362	-0.317	0.163	0.00738	0.0879	0.00198	1.0	-0.22	2.74	1.00	0.00	0.16	111115
230	"12:20:13"	2332.0	0	0.997	0.023	299	1.18	4.99	36.45	6	1.42	1	2.84	45.64	36.45	49.90	400.25	397.30	8.889	11.234	8.92	11.28	299.0	1702	1	99.97	-0.362	-0.317	0.163	0.00738	0.0879	0.00198	1.0	-0.22	2.74	1.00	0.00	0.16	111115
231	"12:20:14"	2332.5	0	1.03	0.023	297	1.18	5	36.46	6	1.42	1	2.84	45.64	36.46	49.90	400.28	397.28	8.890	11.237	8.92	11.28	299.0	1702	1	99.97	-0.362	-0.317	0.163	0.00738	0.0879	0.00198	1.0	-0.22	2.74	1.00	0.00	0.16	111115
232	"12:20:14"	2333.0	0	1.01	0.023	298	1.18	5	36.47	6	1.42	1	2.84	45.64	36.47	49.89	400.32	397.35	8.890	11.236	8.92	11.28	299.0	1701	1	99.97	-0.362	-0.317	0.163	0.00738	0.0879	0.00198	1.0	-0.22	2.74	1.00	0.00	0.16	111115
233	"12:20:15"	2333.5	0	1.03	0.023	296	1.18	5	36.48	6	1.42	1	2.84	45.64	36.48	49.89	400.30	397.30	8.889	11.235	8.92	11.28	299.0	1701	1	99.97	-0.362	-0.317	0.163	0.00738	0.0879	0.00198	1.0	-0.22	2.74	1.00	0.00	0.16	111115
234	"12:20:15"	2334.0	0	1.01	0.023	297	1.18	5.01	36.49	6	1.42	1	2.84	45.64	36.49	49.89	400.31	397.33	8.891	11.239	8.92	11.28	299.1	1701	1	99.97	-0.362	-0.317	0.163	0.00738	0.0879	0.00198	1.0	-0.22	2.74	1.00	0.00	0.16	111115
235	"12:20:16"	2334.5	0	1	0.0229	298	1.18	5.01	36.51	6	1.42	1	2.84	45.64	36.51	49.89	400.30	397.35	8.891	11.241	8.92	11.28	299.0	1701	1	99.97	-0.362	-0.317	0.163	0.00738	0.0879	0.00198	1.0	-0.22	2.74	1.00	0.00	0.16	111115
236	"12:20:16"	2335.0	0	0.987	0.0229	299	1.19	5.02	36.54	6	1.42	1	2.84	45.64	36.54	49.89	400.27	397.34	8.890	11.242	8.92	11.28	299.1	1701	1	99.97	-0.362	-0.317	0.163	0.00738	0.0879	0.00198	1.0	-0.22	2.74	1.00	0.00	0.16	111115
237	"12:20:17"	2335.5	0	0.99	0.0229	299	1.19	5.02	36.54	6	1.42	1	2.84	45.64	36.54	49.89	400.27	397.34	8.889	11.242	8.92	11.28	299.1	1701	1	99.97	-0.362	-0.317	0.163	0.00738	0.0879	0.00198	1.0	-0.22	2.74	1.00	0.00	0.16	111115
238	"12:20:17"	2336.0	0	0.998	0.0229	298	1.19	5.02	36.54	6	1.42	1	2.84	45.64	36.54	49.89	400.26	397.31	8.888	11.243	8.92	11.28	299.1	1701	1	99.98	-0.362	-0.317	0.163	0.00738	0.0879	0.00198	1.0	-0.22	2.74	1.00	0.00	0.16	111115
