"OPEN 6.3.3"
"Mon Jul 23 2018 10:29:24"
<open><version>"6.3.3"</version></open>
<open><configfile>"/User/Configs/UserPrefs/2x3 LED.xml"</configfile></open>
<open><light><source>"6400-02 or -02B LED Source"</source><par_in>1<sensor>"SI-4027"<cal>-1.00<actinity>1.00</actinity><transm>1.00</transm></cal></sensor><transm>1</transm></par_in><par_out>1<sensor>"Q51318"<cal>6.49</cal></sensor></par_out></light></open>
<open><comps><file>"/User/Configs/Comps/StdComps_6.3"<header>""</header><extras></extras></file><energybal>no<f_parIn>1</f_parIn><f_parOut>0</f_parOut><alphaK>0.16</alphaK></energybal><bc_total>2.840<stomatal_ratio>1</stomatal_ratio><bc_oneside>1.420<type>2</type><table>"/Sys/Lib/StdBLCTable"</table><area>6</area><slope>-0.219565</slope><offset>2.73739</offset><fan>5</fan></bc_oneside></bc_total></comps></open>
<open><prompts><onlog>off</onlog><items>"Default (none)"</items></prompts></open>
<open><constants><oxygen>21 %</oxygen><bb_vapor>1.5</bb_vapor><bb_oxy>0.9</bb_oxy></constants></open>
<open><stability><items>"Std Stability"<items[1]><id>-2</id><size>15</size><pcv><onoff>0</onoff><value>1</value></pcv><std><onoff>0</onoff><value>1</value></std><slp><onoff>1</onoff><value>1</value></slp></items[1]><items[2]><id>-5</id><size>15</size><pcv><onoff>0</onoff><value>1</value></pcv><std><onoff>0</onoff><value>1</value></std><slp><onoff>1</onoff><value>1</value></slp></items[2]><items[3]><id>-7</id><size>15</size><pcv><onoff>0</onoff><value>1</value></pcv><std><onoff>0</onoff><value>1</value></std><slp><onoff>1</onoff><value>1</value></slp></items[3]></items></stability></open>
<open><log><format>"StdLogFmt_6.3"<items>{ -35 -21 -36 -76 30 23 36 21 25 221 -33 111 -34 11 -9 -10 -8 -1 -2 -4 -5 -14 -15 -7 -12 -13 -11 -65 -66 -117 -119 -116 -118 -72 -18 -19 -77 -78 -79 -23  }<hdr>{  }</hdr></items></format><options><beep>on</beep><match>"never"<time>30</time><co2>100</co2><delta>10</delta></match><hdr>normal</hdr><rem>normal</rem><stab>no</stab><stats>no<mean>no</mean><file>no</file><period>15</period></stats><excel>yes</excel><controls>yes</controls><comm>no</comm></options><datafile>"/User/0000-AAH4970-230718"</datafile><button><action>"Normal Log"<code>" LogOneObsManual "</code></action></button><autoprog>"/User/Configs/AutoProgs/AutoLog2"<active>no</active></autoprog></log></open>
<open><a2d><avgtime>4.0 secs</avgtime><userchans><ch20>"Off"</ch20><ch21>"Off"</ch21><ch22>"Off"</ch22><ch23>"Off"</ch23></userchans></a2d></open>
<open><matching><type>0</type><disp>'a'</disp><settings>><CO2Limit>10.0</CO2Limit><H2OLimit>1.0</H2OLimit><MaxAutoTime>60</MaxAutoTime><AverageTime>10</AverageTime></settings></matching></open>
<li6400><factory><unit>"PSC-4123"</unit><serviced>"19.01.2017"</serviced><fuseaware>0</fuseaware><co2mixer>yes</co2mixer><co2><coeffs>{ 0 0.219912 1.60869e-05 2.42627e-08 -3.602e-12 2.3711e-16  }</coeffs><dvdt>-4.1</dvdt><xs>{ -0.00117 -1.14e-05  }</xs></co2><h2o><coeffs>{ 0 0.00612804 1.69186e-06 1.49192e-10  }</coeffs><dvdt>-2.5</dvdt><xs>{ -0.000351 -0.00239  }</xs></h2o><flow>{ 0 0.3738  }</flow><press>{ 87.734 0.00547  }</press></factory></li6400>
<li6400><user><flow_zero>-547.7</flow_zero><irga_zero><co2>-79.5 -79.5<at>32.3675</at></co2><h2o>37.6 -1.4<at>33.9874</at></h2o></irga_zero><irga_span><co2>{ 0.985904 0.986618  }</co2><h2o>{ 1.00683 0.993449  }</h2o></irga_span><irga_match><co2>{ -1.70314 0.267675  }</co2><h2o>{ -0.0708174 -0.118951  }</h2o></irga_match><co2_mixer><pump_mv>4500</pump_mv><ppm>{ 2330.31 1136.88 449.46 273.386 125.406 73.118 48.0557 40.3927  }</ppm><mv>{ 5000 3000 1500 1000 500 300 200 100  }</mv></co2_mixer><parin_offset>0</parin_offset><led_cal><unit>"SI-4027"</unit><mv>{ 10 25 50 100 1000 2000 3000 4000 5000  }</mv><qntm>{ 3.39689 11.1502 23.8626 52.4799 561.717 1093.55 1598.71 2081.76 2538.89  }</qntm></led_cal><lcf_cal><unit>"unknown"</unit><red><mv>{ 50 100 500 1000 1500 5000  }</mv><qntm>{ 50 100 500 1000 2000 5000  }</qntm></red><blue><mv>{ 100 200 500 1000 2000 5000  }</mv><qntm>{ 10 20 50 100 200 500  }</qntm></blue></lcf_cal></user></li6400>
"10:29:26 "
$STARTOFDATA$
"Obs"	"HHMMSS"	"FTime"	"EBal?"	"Photo"	"Cond"	"Ci"	"Trmmol"	"VpdL"	"CTleaf"	"Area"	"BLC_1"	"StmRat"	"BLCond"	"Tair"	"Tleaf"	"TBlk"	"CO2R"	"CO2S"	"H2OR"	"H2OS"	"RH_R"	"RH_S"	"Flow"	"PARi"	"PARo"	"Press"	"CsMch"	"HsMch"	"CsMchSD"	"HsMchSD"	"CrMchSD"	"HrMchSD"	"StableF"	"BLCslope"	"BLCoffst"	"f_parin"	"f_parout"	"alphaK"	"Status"
"10:38:25 Flow: Fixed -> 500 umol/s"
"10:38:54 CO2 Mixer: CO2R -> 400 uml"
"10:39:47 Coolers: Tblock -> 12.00 C"
"10:55:45 Flow: Fixed -> 500 umol/s"
"10:55:56 Coolers: Tblock -> 0.00 C"
"11:08:37 Flow: Fixed -> 500 umol/s"
1	"11:08:38"	2378.5	0	6.18	0.0497	182	0.412	0.837	8.41	6	1.42	1	2.84	2.53	8.41	0.06	395.83	388.21	2.206	2.699	29.96	36.66	499.7	1701	4	99.97	1.51	-0.133	0.177	0.00392	0.0371	0.00054	1.0	-0.22	2.74	1.00	0.00	0.16	111115
2	"11:08:38"	2378.5	0	6.18	0.0497	182	0.412	0.837	8.41	6	1.42	1	2.84	2.53	8.41	0.06	395.83	388.21	2.206	2.699	29.96	36.66	499.7	1701	4	99.97	1.51	-0.133	0.177	0.00392	0.0371	0.00054	1.0	-0.22	2.74	1.00	0.00	0.16	111115
3	"11:08:39"	2379.0	0	7.8	0.0662	192	0.545	0.836	8.40	6	1.42	1	2.84	2.53	8.40	0.06	397.73	388.12	2.056	2.708	27.92	36.78	499.8	1701	3	99.97	1.51	-0.133	0.177	0.00392	0.0371	0.00054	1.0	-0.22	2.74	1.00	0.00	0.16	111115
4	"11:08:39"	2379.5	0	8.32	0.0745	202	0.61	0.834	8.38	6	1.42	1	2.84	2.53	8.38	0.06	398.52	388.24	1.986	2.716	26.98	36.89	499.8	1701	4	99.97	1.51	-0.133	0.177	0.00392	0.0371	0.00054	0.7	-0.22	2.74	1.00	0.00	0.16	111115
5	"11:08:40"	2380.0	0	8.74	0.0788	203	0.642	0.832	8.35	6	1.42	1	2.84	2.53	8.35	0.06	398.98	388.20	1.948	2.716	26.46	36.90	499.9	1701	3	99.97	1.51	-0.133	0.177	0.00392	0.0371	0.00054	0.7	-0.22	2.74	1.00	0.00	0.16	111115
6	"11:08:40"	2380.5	0	8.96	0.0813	203	0.662	0.832	8.36	6	1.42	1	2.84	2.53	8.36	0.06	399.28	388.21	1.923	2.716	26.13	36.89	499.9	1701	4	99.97	1.51	-0.133	0.177	0.00392	0.0371	0.00054	0.7	-0.22	2.74	1.00	0.00	0.16	111115
7	"11:08:41"	2381.0	0	9.11	0.0831	204	0.677	0.833	8.37	6	1.42	1	2.84	2.53	8.37	0.06	399.42	388.18	1.907	2.717	25.90	36.91	499.9	1701	4	99.97	1.51	-0.133	0.177	0.00392	0.0371	0.00054	0.7	-0.22	2.74	1.00	0.00	0.16	111115
8	"11:08:41"	2381.5	0	9.2	0.0846	206	0.689	0.832	8.37	6	1.42	1	2.84	2.53	8.37	0.06	399.55	388.18	1.895	2.720	25.74	36.94	499.9	1701	4	99.97	1.51	-0.133	0.177	0.00392	0.0371	0.00054	0.7	-0.22	2.74	1.00	0.00	0.16	111115
9	"11:08:42"	2382.0	0	9.34	0.0856	205	0.697	0.833	8.37	6	1.42	1	2.84	2.53	8.37	0.07	399.65	388.12	1.886	2.720	25.62	36.94	499.9	1701	4	99.97	1.51	-0.133	0.177	0.00392	0.0371	0.00054	0.7	-0.22	2.74	1.00	0.00	0.16	111115
10	"11:08:42"	2382.5	0	9.85	0.0911	206	0.739	0.832	8.37	6	1.42	1	2.84	2.53	8.37	0.07	400.24	388.07	1.838	2.724	24.98	37.00	499.9	1701	4	99.97	1.51	-0.133	0.177	0.00392	0.0371	0.00054	0.7	-0.22	2.74	1.00	0.00	0.16	111115
11	"11:08:43"	2383.0	0	9.82	0.0924	209	0.749	0.831	8.36	6	1.42	1	2.84	2.53	8.36	0.07	400.32	388.18	1.827	2.724	24.82	37.01	499.8	1701	4	99.97	1.51	-0.133	0.177	0.00392	0.0371	0.00054	0.7	-0.22	2.74	1.00	0.00	0.16	111115
12	"11:08:43"	2384.0	0	9.9	0.0921	207	0.749	0.834	8.39	6	1.42	1	2.84	2.52	8.39	0.07	400.37	388.13	1.822	2.720	24.76	36.95	499.8	1701	4	99.97	1.51	-0.133	0.177	0.00392	0.0371	0.00054	0.7	-0.22	2.74	1.00	0.00	0.16	111115
13	"11:08:44"	2384.5	0	9.88	0.0923	208	0.751	0.834	8.39	6	1.42	1	2.84	2.52	8.39	0.07	400.37	388.16	1.822	2.720	24.75	36.96	499.8	1701	4	99.97	1.51	-0.133	0.177	0.00392	0.0371	0.00054	0.7	-0.22	2.74	1.00	0.00	0.16	111115
14	"11:08:44"	2385.0	0	9.88	0.0921	208	0.75	0.834	8.39	6	1.42	1	2.84	2.52	8.39	0.07	400.39	388.18	1.821	2.718	24.74	36.93	499.8	1701	4	99.97	1.51	-0.133	0.177	0.00392	0.0371	0.00054	0.7	-0.22	2.74	1.00	0.00	0.16	111115
15	"11:08:45"	2385.5	0	9.97	0.0919	206	0.748	0.834	8.39	6	1.42	1	2.84	2.52	8.39	0.07	400.42	388.09	1.820	2.715	24.73	36.90	499.8	1701	4	99.97	1.51	-0.133	0.177	0.00392	0.0371	0.00054	0.7	-0.22	2.74	1.00	0.00	0.16	111115
16	"11:08:45"	2386.0	0	9.91	0.0921	207	0.749	0.834	8.38	6	1.42	1	2.84	2.52	8.38	0.07	400.43	388.18	1.819	2.716	24.72	36.91	499.8	1701	4	99.97	1.51	-0.133	0.177	0.00392	0.0371	0.00054	0.7	-0.22	2.74	1.00	0.00	0.16	111115
17	"11:08:46"	2386.5	0	9.92	0.0918	207	0.747	0.834	8.38	6	1.42	1	2.84	2.52	8.38	0.07	400.41	388.15	1.819	2.713	24.72	36.87	499.8	1701	4	99.97	1.51	-0.133	0.177	0.00392	0.0371	0.00054	0.7	-0.22	2.74	1.00	0.00	0.16	111115
18	"11:08:46"	2387.0	0	9.98	0.0917	205	0.746	0.834	8.39	6	1.42	1	2.84	2.52	8.39	0.07	400.43	388.10	1.819	2.713	24.72	36.86	499.8	1701	4	99.97	1.51	-0.133	0.177	0.00392	0.0371	0.00054	0.7	-0.22	2.74	1.00	0.00	0.16	111115
19	"11:08:47"	2387.5	0	9.99	0.0922	206	0.749	0.833	8.37	6	1.42	1	2.84	2.52	8.37	0.07	400.41	388.07	1.818	2.715	24.71	36.90	499.8	1701	4	99.97	1.51	-0.133	0.177	0.00392	0.0371	0.00054	0.7	-0.22	2.74	1.00	0.00	0.16	111115
20	"11:08:47"	2388.0	0	10	0.0924	206	0.749	0.831	8.35	6	1.42	1	2.84	2.52	8.35	0.07	400.42	388.04	1.818	2.715	24.71	36.90	499.8	1701	4	99.97	1.51	-0.133	0.177	0.00392	0.0371	0.00054	0.7	-0.22	2.74	1.00	0.00	0.16	111115
21	"11:08:48"	2388.5	0	9.94	0.0924	207	0.749	0.832	8.35	6	1.42	1	2.84	2.52	8.35	0.07	400.38	388.10	1.817	2.714	24.70	36.89	499.8	1701	4	99.97	1.51	-0.133	0.177	0.00392	0.0371	0.00054	0.7	-0.22	2.74	1.00	0.00	0.16	111115
22	"11:08:49"	2389.0	0	9.89	0.0923	208	0.749	0.832	8.36	6	1.42	1	2.84	2.52	8.36	0.07	400.37	388.15	1.818	2.714	24.70	36.89	499.8	1701	4	99.97	1.51	-0.133	0.177	0.00392	0.0371	0.00054	0.7	-0.22	2.74	1.00	0.00	0.16	111115
23	"11:08:49"	2389.5	0	9.8	0.0921	209	0.749	0.833	8.37	6	1.42	1	2.84	2.52	8.37	0.07	400.37	388.25	1.818	2.714	24.71	36.89	499.8	1701	4	99.97	1.51	-0.133	0.177	0.00392	0.0371	0.00054	0.7	-0.22	2.74	1.00	0.00	0.16	111115
24	"11:08:50"	2390.0	0	9.72	0.0919	210	0.748	0.835	8.39	6	1.42	1	2.84	2.52	8.39	0.07	400.34	388.32	1.818	2.714	24.71	36.89	499.8	1701	4	99.97	1.51	-0.133	0.177	0.00392	0.0371	0.00054	0.7	-0.22	2.74	1.00	0.00	0.16	111115
25	"11:08:50"	2390.5	0	9.61	0.0918	212	0.748	0.835	8.40	6	1.42	1	2.84	2.52	8.40	0.07	400.34	388.45	1.818	2.714	24.71	36.89	499.8	1701	4	99.97	1.51	-0.133	0.177	0.00392	0.0371	0.00054	0.7	-0.22	2.74	1.00	0.00	0.16	111115
26	"11:08:51"	2391.0	0	9.63	0.0919	212	0.749	0.836	8.41	6	1.42	1	2.84	2.52	8.41	0.07	400.33	388.42	1.818	2.715	24.71	36.91	499.8	1701	4	99.97	1.51	-0.133	0.177	0.00392	0.0371	0.00054	0.7	-0.22	2.74	1.00	0.00	0.16	111115
27	"11:08:51"	2391.5	0	9.64	0.0918	212	0.75	0.837	8.42	6	1.42	1	2.84	2.52	8.42	0.07	400.35	388.43	1.818	2.715	24.71	36.91	499.9	1701	4	99.97	1.51	-0.133	0.177	0.00392	0.0371	0.00054	0.7	-0.22	2.74	1.00	0.00	0.16	111115
28	"11:09:20"	2421.0	0	9.89	0.0938	210	0.756	0.827	8.30	6	1.42	1	2.84	2.48	8.30	0.06	400.12	387.89	1.815	2.720	24.73	37.08	499.8	1701	4	99.97	1.51	-0.133	0.177	0.00392	0.0371	0.00054	0.7	-0.22	2.74	1.00	0.00	0.16	111115
29	"11:09:20"	2421.0	0	9.89	0.0938	210	0.756	0.827	8.30	6	1.42	1	2.84	2.48	8.30	0.06	400.12	387.89	1.815	2.720	24.73	37.08	499.8	1701	4	99.97	1.51	-0.133	0.177	0.00392	0.0371	0.00054	0.7	-0.22	2.74	1.00	0.00	0.16	111115
30	"11:09:21"	2421.5	0	9.87	0.0941	211	0.757	0.826	8.28	6	1.42	1	2.84	2.48	8.28	0.06	400.11	387.91	1.814	2.721	24.73	37.09	499.8	1701	4	99.97	1.51	-0.133	0.177	0.00392	0.0371	0.00054	0.7	-0.22	2.74	1.00	0.00	0.16	111115
31	"11:09:21"	2422.0	0	9.91	0.0944	211	0.76	0.825	8.28	6	1.42	1	2.84	2.48	8.28	0.06	400.10	387.86	1.814	2.723	24.72	37.12	499.8	1701	4	99.97	1.51	-0.133	0.177	0.00392	0.0371	0.00054	0.7	-0.22	2.74	1.00	0.00	0.16	111115
32	"11:09:22"	2422.5	0	9.93	0.0943	211	0.76	0.826	8.29	6	1.42	1	2.84	2.48	8.29	0.06	400.09	387.82	1.814	2.723	24.72	37.12	499.8	1701	4	99.97	1.51	-0.133	0.177	0.00392	0.0371	0.00054	0.7	-0.22	2.74	1.00	0.00	0.16	111115
33	"11:09:23"	2423.0	0	9.95	0.094	210	0.757	0.827	8.30	6	1.42	1	2.84	2.48	8.30	0.06	400.07	387.77	1.814	2.721	24.73	37.09	499.8	1701	4	99.97	1.51	-0.133	0.177	0.00392	0.0371	0.00054	0.7	-0.22	2.74	1.00	0.00	0.16	111115
34	"11:09:23"	2423.5	0	9.88	0.0939	211	0.757	0.827	8.31	6	1.42	1	2.84	2.48	8.31	0.06	400.08	387.87	1.814	2.721	24.74	37.10	499.8	1701	3	99.97	1.51	-0.133	0.177	0.00392	0.0371	0.00054	0.7	-0.22	2.74	1.00	0.00	0.16	111115
35	"11:09:24"	2424.0	0	9.77	0.0936	212	0.757	0.829	8.32	6	1.42	1	2.84	2.48	8.32	0.06	400.07	387.99	1.814	2.720	24.73	37.08	499.8	1701	4	99.97	1.51	-0.133	0.177	0.00392	0.0371	0.00054	0.7	-0.22	2.74	1.00	0.00	0.16	111115
36	"11:09:24"	2424.5	0	9.77	0.0936	212	0.757	0.83	8.34	6	1.42	1	2.84	2.48	8.34	0.06	400.05	387.97	1.814	2.721	24.73	37.10	499.8	1701	4	99.97	1.51	-0.133	0.177	0.00392	0.0371	0.00054	0.7	-0.22	2.74	1.00	0.00	0.16	111115
37	"11:09:25"	2425.0	0	9.7	0.0928	212	0.754	0.833	8.37	6	1.42	1	2.84	2.48	8.37	0.06	400.03	388.03	1.815	2.717	24.74	37.05	499.8	1701	4	99.97	1.51	-0.133	0.177	0.00392	0.0371	0.00054	0.7	-0.22	2.74	1.00	0.00	0.16	111115
38	"11:09:25"	2426.0	0	9.7	0.0924	211	0.752	0.834	8.39	6	1.42	1	2.84	2.48	8.39	0.06	400.05	388.05	1.816	2.716	24.75	37.03	499.8	1701	4	99.97	1.51	-0.133	0.177	0.00392	0.0371	0.00054	0.7	-0.22	2.74	1.00	0.00	0.16	111115
39	"11:09:26"	2426.5	0	9.77	0.092	209	0.75	0.836	8.40	6	1.42	1	2.84	2.48	8.40	0.06	400.08	388.01	1.816	2.714	24.76	37.00	499.9	1701	4	99.97	1.51	-0.133	0.177	0.00392	0.0371	0.00054	0.7	-0.22	2.74	1.00	0.00	0.16	111115
40	"11:09:26"	2427.0	0	9.77	0.0919	209	0.75	0.837	8.42	6	1.42	1	2.84	2.48	8.42	0.06	400.13	388.05	1.816	2.713	24.75	37.00	499.9	1701	4	99.97	1.51	-0.133	0.177	0.00392	0.0371	0.00054	0.7	-0.22	2.74	1.00	0.00	0.16	111115
41	"11:09:27"	2427.5	0	9.76	0.0914	209	0.747	0.837	8.42	6	1.42	1	2.84	2.47	8.42	0.06	400.12	388.06	1.816	2.710	24.76	36.95	499.8	1701	4	99.97	1.51	-0.133	0.177	0.00392	0.0371	0.00054	0.7	-0.22	2.74	1.00	0.00	0.16	111115
42	"11:09:27"	2428.0	0	9.88	0.0917	207	0.749	0.836	8.41	6	1.42	1	2.84	2.47	8.41	0.06	400.16	387.96	1.816	2.713	24.77	36.99	499.9	1701	4	99.97	1.51	-0.133	0.177	0.00392	0.0371	0.00054	0.7	-0.22	2.74	1.00	0.00	0.16	111115
"11:10:34 Coolers: Tblock -> 5.00 C"
"11:12:38 Flow: Fixed -> 500 umol/s"
43	"11:12:40"	2620.5	0	8.18	0.0738	203	0.658	0.908	10.08	6	1.42	1	2.84	5.97	10.08	5.09	398.16	388.04	2.526	3.314	26.95	35.35	499.8	1700	4	99.97	1.23	-0.146	0.0489	0.0021	0.0402	0.0018	1.0	-0.22	2.74	1.00	0.00	0.16	111115
44	"11:12:40"	2620.5	0	8.18	0.0738	203	0.658	0.908	10.08	6	1.42	1	2.84	5.97	10.08	5.09	398.16	388.04	2.526	3.314	26.95	35.35	499.8	1700	4	99.97	1.23	-0.146	0.0489	0.0021	0.0402	0.0018	1.0	-0.22	2.74	1.00	0.00	0.16	111115
45	"11:12:41"	2621.0	0	8.49	0.078	205	0.694	0.908	10.08	6	1.42	1	2.84	5.97	10.08	5.09	398.59	388.07	2.488	3.319	26.54	35.41	499.8	1700	4	99.97	1.23	-0.146	0.0489	0.0021	0.0402	0.0018	1.0	-0.22	2.74	1.00	0.00	0.16	111115
46	"11:12:41"	2621.5	0	8.79	0.0805	205	0.716	0.907	10.08	6	1.42	1	2.84	5.97	10.08	5.09	398.88	387.99	2.464	3.322	26.29	35.44	499.8	1700	4	99.97	1.23	-0.146	0.0489	0.0021	0.0402	0.0018	1.0	-0.22	2.74	1.00	0.00	0.16	111115
47	"11:12:42"	2622.0	0	8.94	0.0819	205	0.729	0.908	10.08	6	1.42	1	2.84	5.97	10.08	5.09	399.07	388.00	2.448	3.319	26.11	35.41	499.8	1700	4	99.97	1.23	-0.146	0.0489	0.0021	0.0402	0.0018	1.0	-0.22	2.74	1.00	0.00	0.16	111115
48	"11:12:42"	2622.5	0	9.05	0.083	205	0.738	0.908	10.08	6	1.42	1	2.84	5.97	10.08	5.09	399.23	388.02	2.436	3.318	25.98	35.40	499.8	1700	4	99.97	1.23	-0.146	0.0489	0.0021	0.0402	0.0018	1.0	-0.22	2.74	1.00	0.00	0.16	111115
49	"11:12:43"	2623.0	0	9.2	0.0839	204	0.745	0.907	10.07	6	1.42	1	2.84	5.98	10.07	5.09	399.33	387.94	2.427	3.319	25.88	35.39	499.8	1700	4	99.97	1.23	-0.146	0.0489	0.0021	0.0402	0.0018	1.0	-0.22	2.74	1.00	0.00	0.16	111115
50	"11:12:43"	2623.5	0	9.66	0.089	205	0.789	0.907	10.08	6	1.42	1	2.84	5.98	10.08	5.09	399.88	387.91	2.379	3.322	25.36	35.43	499.8	1700	4	99.97	1.23	-0.146	0.0489	0.0021	0.0402	0.0018	1.0	-0.22	2.74	1.00	0.00	0.16	111115
51	"11:12:44"	2624.0	0	9.77	0.0899	205	0.798	0.908	10.09	6	1.42	1	2.84	5.98	10.09	5.09	399.99	387.89	2.369	3.323	25.26	35.43	499.8	1700	4	99.97	1.23	-0.146	0.0489	0.0021	0.0402	0.0018	1.0	-0.22	2.74	1.00	0.00	0.16	111115
52	"11:12:44"	2624.5	0	9.85	0.0905	205	0.803	0.908	10.10	6	1.42	1	2.84	5.98	10.10	5.10	400.06	387.86	2.366	3.327	25.23	35.47	499.8	1700	4	99.97	1.23	-0.146	0.0489	0.0021	0.0402	0.0018	1.0	-0.22	2.74	1.00	0.00	0.16	111115
53	"11:12:45"	2625.0	0	9.94	0.0907	203	0.804	0.908	10.10	6	1.42	1	2.84	5.99	10.10	5.10	400.08	387.77	2.365	3.327	25.20	35.46	499.8	1700	4	99.97	1.23	-0.146	0.0489	0.0021	0.0402	0.0018	1.0	-0.22	2.74	1.00	0.00	0.16	111115
54	"11:12:45"	2625.5	0	9.98	0.0907	203	0.805	0.908	10.10	6	1.42	1	2.84	5.99	10.10	5.10	400.12	387.77	2.364	3.327	25.19	35.45	499.8	1700	4	99.97	1.23	-0.146	0.0489	0.0021	0.0402	0.0018	1.0	-0.22	2.74	1.00	0.00	0.16	111115
55	"11:12:46"	2626.0	0	10	0.0908	202	0.807	0.909	10.11	6	1.42	1	2.84	5.99	10.11	5.10	400.10	387.67	2.363	3.328	25.18	35.46	499.9	1700	4	99.97	1.23	-0.146	0.0489	0.0021	0.0402	0.0018	1.0	-0.22	2.74	1.00	0.00	0.16	111115
56	"11:12:47"	2626.5	0	10	0.091	202	0.809	0.91	10.12	6	1.42	1	2.84	5.99	10.12	5.10	400.08	387.66	2.363	3.330	25.17	35.48	499.8	1700	4	99.97	1.23	-0.146	0.0489	0.0021	0.0402	0.0018	1.0	-0.22	2.74	1.00	0.00	0.16	111115
57	"11:12:47"	2627.0	0	10	0.0912	203	0.811	0.911	10.14	6	1.42	1	2.84	5.99	10.14	5.10	400.08	387.67	2.362	3.332	25.15	35.49	499.8	1700	4	99.97	1.23	-0.146	0.0489	0.0021	0.0402	0.0018	1.0	-0.22	2.74	1.00	0.00	0.16	111115
58	"11:12:48"	2627.5	0	10	0.0913	203	0.812	0.91	10.13	6	1.42	1	2.84	6.00	10.13	5.10	400.07	387.68	2.361	3.332	25.14	35.49	499.8	1700	4	99.96	1.23	-0.146	0.0489	0.0021	0.0402	0.0018	1.0	-0.22	2.74	1.00	0.00	0.16	111115
59	"11:12:48"	2628.0	0	10	0.0913	203	0.812	0.911	10.13	6	1.42	1	2.84	6.00	10.13	5.10	400.07	387.67	2.361	3.332	25.14	35.48	499.8	1700	4	99.97	1.23	-0.146	0.0489	0.0021	0.0402	0.0018	1.0	-0.22	2.74	1.00	0.00	0.16	111115
60	"11:13:35"	2675.5	0	10.1	0.0913	201	0.832	0.932	10.42	6	1.42	1	2.84	6.14	10.42	5.08	400.07	387.55	2.358	3.353	24.87	35.37	499.8	1699	4	99.97	1.23	-0.146	0.0489	0.0021	0.0402	0.0018	1.0	-0.22	2.74	1.00	0.00	0.16	111115
61	"11:13:35"	2675.5	0	10.1	0.0913	201	0.832	0.932	10.42	6	1.42	1	2.84	6.14	10.42	5.08	400.07	387.55	2.358	3.353	24.87	35.37	499.8	1699	4	99.97	1.23	-0.146	0.0489	0.0021	0.0402	0.0018	1.0	-0.22	2.74	1.00	0.00	0.16	111115
62	"11:13:36"	2676.0	0	10.1	0.0912	202	0.83	0.932	10.41	6	1.42	1	2.84	6.14	10.41	5.08	400.03	387.55	2.359	3.352	24.87	35.35	499.8	1699	4	99.97	1.23	-0.146	0.0489	0.0021	0.0402	0.0018	1.0	-0.22	2.74	1.00	0.00	0.16	111115
63	"11:13:36"	2676.5	0	9.98	0.0913	203	0.831	0.932	10.41	6	1.42	1	2.84	6.14	10.41	5.08	400.03	387.65	2.359	3.353	24.88	35.36	499.8	1699	4	99.97	1.23	-0.146	0.0489	0.0021	0.0402	0.0018	1.0	-0.22	2.74	1.00	0.00	0.16	111115
64	"11:13:37"	2677.0	0	9.96	0.0911	203	0.829	0.932	10.41	6	1.42	1	2.84	6.14	10.41	5.08	400.02	387.68	2.358	3.351	24.87	35.33	499.8	1699	4	99.97	1.23	-0.146	0.0489	0.0021	0.0402	0.0018	1.0	-0.22	2.74	1.00	0.00	0.16	111115
65	"11:13:37"	2677.5	0	9.89	0.0914	205	0.832	0.931	10.41	6	1.42	1	2.84	6.14	10.41	5.08	400.02	387.76	2.359	3.354	24.87	35.36	499.8	1699	4	99.97	1.23	-0.146	0.0489	0.0021	0.0402	0.0018	1.0	-0.22	2.74	1.00	0.00	0.16	111115
66	"11:13:38"	2678.0	0	9.96	0.0916	205	0.834	0.932	10.42	6	1.42	1	2.84	6.14	10.42	5.08	400.02	387.69	2.359	3.357	24.87	35.39	499.8	1699	4	99.97	1.23	-0.146	0.0489	0.0021	0.0402	0.0018	1.0	-0.22	2.74	1.00	0.00	0.16	111115
67	"11:13:38"	2678.5	0	9.84	0.0911	206	0.831	0.934	10.44	6	1.42	1	2.84	6.14	10.44	5.08	400.00	387.80	2.359	3.353	24.87	35.35	499.8	1699	4	99.97	1.23	-0.146	0.0489	0.0021	0.0402	0.0018	1.0	-0.22	2.74	1.00	0.00	0.16	111115
68	"11:13:39"	2679.0	0	9.9	0.0911	205	0.832	0.935	10.46	6	1.42	1	2.84	6.14	10.46	5.08	399.98	387.71	2.359	3.355	24.87	35.37	499.8	1699	4	99.97	1.23	-0.146	0.0489	0.0021	0.0402	0.0018	1.0	-0.22	2.74	1.00	0.00	0.16	111115
69	"11:13:40"	2679.5	0	9.84	0.0909	205	0.831	0.936	10.47	6	1.42	1	2.84	6.15	10.47	5.08	399.98	387.78	2.359	3.353	24.86	35.35	499.8	1699	4	99.97	1.23	-0.146	0.0489	0.0021	0.0402	0.0018	1.0	-0.22	2.74	1.00	0.00	0.16	111115
70	"11:13:40"	2680.0	0	9.86	0.0911	205	0.834	0.937	10.48	6	1.42	1	2.84	6.15	10.48	5.08	399.96	387.74	2.358	3.356	24.86	35.37	499.8	1699	4	99.97	1.23	-0.146	0.0489	0.0021	0.0402	0.0018	1.0	-0.22	2.74	1.00	0.00	0.16	111115
71	"11:13:41"	2680.5	0	9.92	0.0907	203	0.831	0.938	10.48	6	1.42	1	2.84	6.15	10.48	5.09	399.99	387.70	2.358	3.353	24.86	35.34	499.8	1699	5	99.97	1.23	-0.146	0.0489	0.0021	0.0402	0.0018	1.0	-0.22	2.74	1.00	0.00	0.16	111115
72	"11:13:41"	2681.0	0	9.98	0.0909	203	0.833	0.938	10.49	6	1.42	1	2.84	6.15	10.49	5.09	400.01	387.64	2.358	3.355	24.85	35.36	499.8	1699	5	99.97	1.23	-0.146	0.0489	0.0021	0.0402	0.0018	1.0	-0.22	2.74	1.00	0.00	0.16	111115
73	"11:13:42"	2681.5	0	9.99	0.0905	202	0.83	0.939	10.49	6	1.42	1	2.84	6.15	10.49	5.09	400.01	387.63	2.358	3.351	24.85	35.31	499.9	1699	5	99.97	1.23	-0.146	0.0489	0.0021	0.0402	0.0018	1.0	-0.22	2.74	1.00	0.00	0.16	111115
74	"11:13:42"	2682.0	0	9.92	0.0905	203	0.83	0.938	10.48	6	1.42	1	2.84	6.15	10.48	5.08	400.02	387.72	2.358	3.350	24.84	35.30	499.9	1699	4	99.97	1.23	-0.146	0.0489	0.0021	0.0402	0.0018	1.0	-0.22	2.74	1.00	0.00	0.16	111115
75	"11:13:43"	2682.5	0	9.99	0.0907	202	0.83	0.936	10.46	6	1.42	1	2.84	6.15	10.46	5.09	400.05	387.67	2.358	3.350	24.84	35.30	499.9	1699	4	99.96	1.23	-0.146	0.0489	0.0021	0.0402	0.0018	1.0	-0.22	2.74	1.00	0.00	0.16	111115
76	"11:13:43"	2683.0	0	9.98	0.0905	202	0.827	0.935	10.44	6	1.42	1	2.84	6.15	10.44	5.09	400.08	387.72	2.357	3.346	24.83	35.25	499.9	1699	4	99.97	1.23	-0.146	0.0489	0.0021	0.0402	0.0018	1.0	-0.22	2.74	1.00	0.00	0.16	111115
77	"11:13:44"	2683.5	0	9.99	0.0906	202	0.827	0.934	10.43	6	1.42	1	2.84	6.15	10.43	5.09	400.09	387.71	2.358	3.346	24.84	35.25	499.9	1699	4	99.97	1.23	-0.146	0.0489	0.0021	0.0402	0.0018	1.0	-0.22	2.74	1.00	0.00	0.16	111115
78	"11:13:44"	2684.0	0	9.96	0.0908	203	0.828	0.933	10.42	6	1.42	1	2.84	6.16	10.42	5.09	400.12	387.77	2.358	3.348	24.84	35.27	499.9	1699	4	99.97	1.23	-0.146	0.0489	0.0021	0.0402	0.0018	1.0	-0.22	2.74	1.00	0.00	0.16	111115
79	"11:13:45"	2685.0	0	10.1	0.0909	201	0.829	0.933	10.43	6	1.42	1	2.84	6.16	10.43	5.09	400.07	387.61	2.359	3.350	24.84	35.29	499.8	1699	4	99.97	1.23	-0.146	0.0489	0.0021	0.0402	0.0018	1.0	-0.22	2.74	1.00	0.00	0.16	111115
"11:14:11 Coolers: Tblock -> 10.00 C"
"11:17:26 Flow: Fixed -> 500 umol/s"
80	"11:17:27"	2908.5	0	8.61	0.076	197	0.807	1.08	13.05	6	1.42	1	2.84	10.23	13.05	10.12	398.48	387.77	3.330	4.294	26.59	34.29	499.8	1699	4	99.96	1.1	-0.163	0.076	0.00208	0.0718	0.00235	1.0	-0.22	2.74	1.00	0.00	0.16	111115
81	"11:17:28"	2908.5	0	8.61	0.076	197	0.807	1.08	13.05	6	1.42	1	2.84	10.23	13.05	10.12	398.48	387.77	3.330	4.294	26.59	34.29	499.8	1699	4	99.96	1.1	-0.163	0.076	0.00208	0.0718	0.00235	1.0	-0.22	2.74	1.00	0.00	0.16	111115
82	"11:17:28"	2908.5	0	8.61	0.076	197	0.807	1.08	13.05	6	1.42	1	2.84	10.23	13.05	10.12	398.48	387.77	3.330	4.294	26.59	34.29	499.8	1699	4	99.96	1.1	-0.163	0.076	0.00208	0.0718	0.00235	1.0	-0.22	2.74	1.00	0.00	0.16	111115
83	"11:17:28"	2909.0	0	8.87	0.0799	201	0.846	1.08	13.04	6	1.42	1	2.84	10.23	13.04	10.12	398.84	387.79	3.285	4.296	26.23	34.31	499.9	1699	4	99.96	1.1	-0.163	0.076	0.00208	0.0718	0.00235	1.0	-0.22	2.74	1.00	0.00	0.16	111115
84	"11:17:29"	2909.5	0	9.26	0.0821	198	0.87	1.08	13.05	6	1.42	1	2.84	10.23	13.05	10.11	399.11	387.59	3.257	4.297	26.01	34.31	499.8	1699	4	99.96	1.1	-0.163	0.076	0.00208	0.0718	0.00235	1.0	-0.22	2.74	1.00	0.00	0.16	111115
85	"11:17:29"	2910.0	0	9.43	0.0836	198	0.886	1.08	13.07	6	1.42	1	2.84	10.23	13.07	10.11	399.30	387.58	3.239	4.298	25.86	34.32	499.8	1699	4	99.96	1.1	-0.163	0.076	0.00208	0.0718	0.00235	1.0	-0.22	2.74	1.00	0.00	0.16	111115
86	"11:17:30"	2910.5	0	9.51	0.0848	198	0.898	1.08	13.07	6	1.42	1	2.84	10.23	13.07	10.11	399.42	387.59	3.225	4.299	25.75	34.33	499.8	1699	4	99.96	1.1	-0.163	0.076	0.00208	0.0718	0.00235	1.0	-0.22	2.74	1.00	0.00	0.16	111115
87	"11:17:30"	2911.0	0	9.58	0.0857	199	0.907	1.08	13.07	6	1.42	1	2.84	10.23	13.07	10.11	399.52	387.60	3.215	4.299	25.67	34.32	499.8	1699	4	99.96	1.1	-0.163	0.076	0.00208	0.0718	0.00235	1.0	-0.22	2.74	1.00	0.00	0.16	111115
88	"11:17:31"	2911.5	0	10.1	0.0901	198	0.953	1.08	13.06	6	1.42	1	2.84	10.24	13.06	10.11	400.09	387.51	3.159	4.298	25.22	34.31	499.8	1699	4	99.96	1.1	-0.163	0.076	0.00208	0.0718	0.00235	1.0	-0.22	2.74	1.00	0.00	0.16	111115
89	"11:17:31"	2912.0	0	10.3	0.0912	197	0.964	1.08	13.06	6	1.42	1	2.84	10.24	13.06	10.11	400.17	387.40	3.148	4.300	25.13	34.33	499.8	1699	4	99.96	1.1	-0.163	0.076	0.00208	0.0718	0.00235	1.0	-0.22	2.74	1.00	0.00	0.16	111115
90	"11:17:32"	2912.5	0	10.2	0.092	199	0.97	1.08	13.06	6	1.42	1	2.84	10.24	13.06	10.12	400.21	387.48	3.145	4.305	25.10	34.36	499.8	1699	4	99.96	1.1	-0.163	0.076	0.00208	0.0718	0.00235	1.0	-0.22	2.74	1.00	0.00	0.16	111115
91	"11:17:32"	2913.0	0	10.4	0.092	196	0.971	1.08	13.06	6	1.42	1	2.84	10.24	13.06	10.12	400.27	387.33	3.144	4.305	25.09	34.36	499.8	1699	4	99.96	1.1	-0.163	0.076	0.00208	0.0718	0.00235	1.0	-0.22	2.74	1.00	0.00	0.16	111115
92	"11:17:33"	2913.5	0	10.2	0.0921	200	0.972	1.08	13.06	6	1.42	1	2.84	10.24	13.06	10.12	400.27	387.54	3.143	4.305	25.09	34.36	499.8	1699	4	99.96	1.1	-0.163	0.076	0.00208	0.0718	0.00235	1.0	-0.22	2.74	1.00	0.00	0.16	111115
93	"11:17:34"	2914.0	0	10.2	0.0924	202	0.974	1.08	13.05	6	1.42	1	2.84	10.24	13.05	10.12	400.27	387.62	3.142	4.306	25.08	34.37	499.8	1699	4	99.97	1.1	-0.163	0.076	0.00208	0.0718	0.00235	1.0	-0.22	2.74	1.00	0.00	0.16	111115
94	"11:17:35"	2914.5	0	10.2	0.0922	201	0.972	1.08	13.05	6	1.42	1	2.84	10.24	13.05	10.12	400.29	387.61	3.142	4.304	25.08	34.35	499.8	1699	4	99.96	1.1	-0.163	0.076	0.00208	0.0718	0.00235	1.0	-0.22	2.74	1.00	0.00	0.16	111115
95	"11:17:36"	2915.5	0	10.1	0.0925	202	0.975	1.08	13.05	6	1.42	1	2.84	10.24	13.05	10.13	400.31	387.68	3.141	4.307	25.06	34.37	499.8	1699	4	99.96	1.1	-0.163	0.076	0.00208	0.0718	0.00235	1.0	-0.22	2.74	1.00	0.00	0.16	111115
96	"11:17:37"	2916.5	0	10.1	0.0923	202	0.973	1.08	13.04	6	1.42	1	2.84	10.25	13.04	10.13	400.31	387.69	3.140	4.303	25.05	34.33	499.8	1699	4	99.96	1.1	-0.163	0.076	0.00208	0.0718	0.00235	1.0	-0.22	2.74	1.00	0.00	0.16	111115
97	"11:17:41"	2917.5	0	10	0.0926	205	0.976	1.08	13.05	6	1.42	1	2.84	10.25	13.05	10.13	400.37	387.90	3.139	4.306	25.04	34.34	499.8	1699	4	99.96	1.1	-0.163	0.076	0.00208	0.0718	0.00235	1.0	-0.22	2.74	1.00	0.00	0.16	111115
98	"11:17:41"	2918.5	0	10.1	0.0924	203	0.976	1.08	13.06	6	1.42	1	2.84	10.25	13.06	10.13	400.44	387.86	3.138	4.305	25.02	34.32	499.7	1699	4	99.96	1.1	-0.163	0.076	0.00208	0.0718	0.00235	1.0	-0.22	2.74	1.00	0.00	0.16	111115
99	"11:17:42"	2922.5	0	10.2	0.0916	199	0.976	1.09	13.17	6	1.42	1	2.84	10.26	13.17	10.12	400.40	387.68	3.138	4.305	25.01	34.30	499.8	1699	4	99.96	1.1	-0.163	0.076	0.00208	0.0718	0.00235	1.0	-0.22	2.74	1.00	0.00	0.16	111115
100	"11:17:43"	2923.0	0	10.3	0.0914	197	0.974	1.09	13.16	6	1.42	1	2.84	10.27	13.16	10.12	400.40	387.60	3.138	4.302	25.01	34.28	499.8	1699	4	99.96	1.1	-0.163	0.076	0.00208	0.0718	0.00235	1.0	-0.22	2.74	1.00	0.00	0.16	111115
101	"11:18:19"	2960.5	0	10.2	0.0927	201	0.993	1.1	13.24	6	1.42	1	2.84	10.34	13.24	10.11	400.05	387.35	3.135	4.323	24.87	34.28	499.8	1699	4	99.96	1.1	-0.163	0.076	0.00208	0.0718	0.00235	0.7	-0.22	2.74	1.00	0.00	0.16	111115
102	"11:18:20"	2960.5	0	10.2	0.0927	201	0.993	1.1	13.24	6	1.42	1	2.84	10.34	13.24	10.11	400.05	387.35	3.135	4.323	24.87	34.28	499.8	1699	4	99.96	1.1	-0.163	0.076	0.00208	0.0718	0.00235	0.7	-0.22	2.74	1.00	0.00	0.16	111115
103	"11:18:20"	2961.0	0	10.2	0.0923	200	0.989	1.1	13.24	6	1.42	1	2.84	10.34	13.24	10.11	400.06	387.32	3.136	4.318	24.87	34.24	499.8	1698	4	99.96	1.1	-0.163	0.076	0.00208	0.0718	0.00235	0.7	-0.22	2.74	1.00	0.00	0.16	111115
104	"11:18:21"	2961.5	0	10.2	0.092	199	0.988	1.1	13.25	6	1.42	1	2.84	10.34	13.25	10.11	400.03	387.28	3.136	4.317	24.87	34.23	499.8	1698	4	99.96	1.1	-0.163	0.076	0.00208	0.0718	0.00235	0.7	-0.22	2.74	1.00	0.00	0.16	111115
105	"11:18:22"	2962.0	0	10.2	0.0921	200	0.988	1.1	13.25	6	1.42	1	2.84	10.34	13.25	10.11	400.01	387.28	3.136	4.317	24.87	34.23	499.8	1698	4	99.96	1.1	-0.163	0.076	0.00208	0.0718	0.00235	0.7	-0.22	2.74	1.00	0.00	0.16	111115
106	"11:18:22"	2962.5	0	10.2	0.092	200	0.987	1.1	13.24	6	1.42	1	2.84	10.34	13.24	10.11	400.02	387.31	3.136	4.316	24.87	34.22	499.8	1698	4	99.96	1.1	-0.163	0.076	0.00208	0.0718	0.00235	0.7	-0.22	2.74	1.00	0.00	0.16	111115
107	"11:18:23"	2963.0	0	10.2	0.0925	200	0.99	1.09	13.23	6	1.42	1	2.84	10.34	13.23	10.11	400.01	387.29	3.136	4.320	24.87	34.25	499.8	1699	4	99.96	1.1	-0.163	0.076	0.00208	0.0718	0.00235	0.7	-0.22	2.74	1.00	0.00	0.16	111115
108	"11:18:23"	2964.0	0	10.2	0.0922	200	0.989	1.1	13.25	6	1.42	1	2.84	10.34	13.25	10.11	399.96	387.26	3.136	4.318	24.86	34.23	499.8	1699	4	99.96	1.1	-0.163	0.076	0.00208	0.0718	0.00235	0.7	-0.22	2.74	1.00	0.00	0.16	111115
109	"11:18:24"	2964.5	0	10.2	0.0924	201	0.992	1.1	13.26	6	1.42	1	2.84	10.34	13.26	10.11	399.91	387.21	3.135	4.320	24.85	34.25	499.8	1699	4	99.96	1.1	-0.163	0.076	0.00208	0.0718	0.00235	0.7	-0.22	2.74	1.00	0.00	0.16	111115
110	"11:18:24"	2965.0	0	10.2	0.0925	201	0.993	1.1	13.26	6	1.42	1	2.84	10.34	13.26	10.11	399.89	387.18	3.135	4.322	24.85	34.26	499.8	1699	4	99.96	1.1	-0.163	0.076	0.00208	0.0718	0.00235	0.7	-0.22	2.74	1.00	0.00	0.16	111115
111	"11:18:25"	2965.5	0	10.2	0.093	202	0.996	1.1	13.25	6	1.42	1	2.84	10.34	13.25	10.11	399.90	387.23	3.134	4.325	24.84	34.28	499.8	1699	4	99.96	1.1	-0.163	0.076	0.00208	0.0718	0.00235	0.7	-0.22	2.74	1.00	0.00	0.16	111115
112	"11:18:25"	2966.0	0	10.1	0.0927	203	0.994	1.1	13.25	6	1.42	1	2.84	10.34	13.25	10.11	399.88	387.32	3.134	4.322	24.84	34.26	499.8	1700	4	99.96	1.1	-0.163	0.076	0.00208	0.0718	0.00235	0.7	-0.22	2.74	1.00	0.00	0.16	111115
113	"11:18:26"	2966.5	0	10	0.0931	206	0.998	1.1	13.26	6	1.42	1	2.84	10.34	13.26	10.11	399.86	387.40	3.134	4.327	24.84	34.29	499.8	1700	4	99.96	1.1	-0.163	0.076	0.00208	0.0718	0.00235	0.7	-0.22	2.74	1.00	0.00	0.16	111115
114	"11:18:26"	2967.0	0	10.1	0.093	204	0.997	1.1	13.26	6	1.42	1	2.84	10.34	13.26	10.11	399.89	387.31	3.134	4.326	24.84	34.28	499.8	1700	4	99.96	1.1	-0.163	0.076	0.00208	0.0718	0.00235	0.7	-0.22	2.74	1.00	0.00	0.16	111115
115	"11:18:27"	2967.5	0	10	0.0928	204	0.996	1.1	13.27	6	1.42	1	2.84	10.35	13.27	10.11	399.89	387.38	3.135	4.325	24.84	34.28	499.8	1700	5	99.96	1.1	-0.163	0.076	0.00208	0.0718	0.00235	0.7	-0.22	2.74	1.00	0.00	0.16	111115
116	"11:18:27"	2968.0	0	10	0.0926	204	0.994	1.1	13.26	6	1.42	1	2.84	10.35	13.26	10.11	399.93	387.41	3.135	4.323	24.84	34.26	499.8	1700	5	99.96	1.1	-0.163	0.076	0.00208	0.0718	0.00235	0.7	-0.22	2.74	1.00	0.00	0.16	111115
117	"11:18:28"	2968.5	0	10	0.0926	204	0.994	1.1	13.26	6	1.42	1	2.84	10.35	13.26	10.12	399.97	387.48	3.136	4.323	24.85	34.26	499.8	1700	5	99.96	1.1	-0.163	0.076	0.00208	0.0718	0.00235	0.7	-0.22	2.74	1.00	0.00	0.16	111115
118	"11:18:29"	2969.0	0	9.99	0.0924	205	0.991	1.1	13.25	6	1.42	1	2.84	10.35	13.25	10.12	400.02	387.57	3.136	4.321	24.85	34.24	499.8	1700	5	99.96	1.1	-0.163	0.076	0.00208	0.0718	0.00235	1.0	-0.22	2.74	1.00	0.00	0.16	111115
119	"11:18:29"	2970.0	0	10.1	0.0923	202	0.992	1.1	13.27	6	1.42	1	2.84	10.35	13.27	10.12	400.08	387.44	3.137	4.322	24.85	34.24	499.8	1700	5	99.97	1.1	-0.163	0.076	0.00208	0.0718	0.00235	1.0	-0.22	2.74	1.00	0.00	0.16	111115
120	"11:18:30"	2970.5	0	10.2	0.0917	199	0.986	1.1	13.27	6	1.42	1	2.84	10.35	13.27	10.12	400.08	387.37	3.136	4.315	24.85	34.18	499.8	1700	5	99.97	1.1	-0.163	0.076	0.00208	0.0718	0.00235	1.0	-0.22	2.74	1.00	0.00	0.16	111115
121	"11:18:30"	2971.0	0	10.2	0.0918	200	0.987	1.1	13.28	6	1.42	1	2.84	10.35	13.28	10.12	400.06	387.36	3.136	4.316	24.84	34.19	499.8	1700	5	99.96	1.1	-0.163	0.076	0.00208	0.0718	0.00235	1.0	-0.22	2.74	1.00	0.00	0.16	111115
122	"11:18:31"	2971.5	0	10.1	0.0917	201	0.987	1.1	13.28	6	1.42	1	2.84	10.35	13.28	10.12	400.04	387.43	3.136	4.316	24.84	34.19	499.8	1700	5	99.96	1.1	-0.163	0.076	0.00208	0.0718	0.00235	1.0	-0.22	2.74	1.00	0.00	0.16	111115
"11:19:05 Coolers: Tblock -> 15.00 C"
"11:21:26 Flow: Fixed -> 500 umol/s"
123	"11:21:27"	3148.0	0	8.05	0.0726	200	0.864	1.21	15.48	6	1.42	1	2.84	14.27	15.48	15.13	397.32	387.26	4.568	5.598	27.96	34.28	500.0	1698	4	99.96	0.899	-0.188	0.127	0.00551	0.0488	0.0045	0.7	-0.22	2.74	1.00	0.00	0.16	111115
124	"11:21:28"	3148.5	0	8.77	0.078	197	0.927	1.21	15.49	6	1.42	1	2.84	14.27	15.49	15.13	398.14	387.18	4.482	5.588	27.44	34.21	500.0	1698	4	99.96	0.899	-0.188	0.127	0.00551	0.0488	0.0045	0.7	-0.22	2.74	1.00	0.00	0.16	111115
125	"11:21:28"	3148.5	0	8.77	0.078	197	0.927	1.21	15.49	6	1.42	1	2.84	14.27	15.49	15.13	398.14	387.18	4.482	5.588	27.44	34.21	500.0	1698	4	99.96	0.899	-0.188	0.127	0.00551	0.0488	0.0045	0.7	-0.22	2.74	1.00	0.00	0.16	111115
126	"11:21:28"	3149.0	0	9.01	0.0811	200	0.964	1.21	15.49	6	1.42	1	2.84	14.27	15.49	15.14	398.51	387.25	4.436	5.587	27.15	34.20	499.9	1698	4	99.96	0.899	-0.188	0.127	0.00551	0.0488	0.0045	0.7	-0.22	2.74	1.00	0.00	0.16	111115
127	"11:21:29"	3149.5	0	9.2	0.0832	200	0.988	1.21	15.50	6	1.42	1	2.84	14.27	15.50	15.14	398.75	387.25	4.407	5.587	26.98	34.20	499.9	1698	4	99.96	0.899	-0.188	0.127	0.00551	0.0488	0.0045	0.7	-0.22	2.74	1.00	0.00	0.16	111115
128	"11:21:29"	3150.0	0	9.42	0.0845	199	1	1.21	15.50	6	1.42	1	2.84	14.27	15.50	15.13	398.93	387.16	4.388	5.586	26.86	34.19	499.9	1699	4	99.96	0.899	-0.188	0.127	0.00551	0.0488	0.0045	0.7	-0.22	2.74	1.00	0.00	0.16	111115
129	"11:21:30"	3150.5	0	9.48	0.0855	200	1.02	1.21	15.51	6	1.42	1	2.84	14.28	15.51	15.13	399.06	387.22	4.374	5.586	26.77	34.19	499.9	1699	4	99.96	0.899	-0.188	0.127	0.00551	0.0488	0.0045	0.7	-0.22	2.74	1.00	0.00	0.16	111115
130	"11:21:30"	3151.0	0	9.54	0.0863	200	1.03	1.21	15.51	6	1.42	1	2.84	14.28	15.51	15.13	399.13	387.20	4.362	5.587	26.70	34.19	499.9	1699	4	99.96	0.899	-0.188	0.127	0.00551	0.0488	0.0045	0.7	-0.22	2.74	1.00	0.00	0.16	111115
131	"11:21:31"	3151.5	0	10	0.0907	200	1.08	1.21	15.52	6	1.42	1	2.84	14.28	15.52	15.13	399.70	387.20	4.303	5.588	26.33	34.20	499.9	1699	4	99.96	0.899	-0.188	0.127	0.00551	0.0488	0.0045	0.7	-0.22	2.74	1.00	0.00	0.16	111115
132	"11:21:31"	3152.0	0	10	0.0911	200	1.08	1.21	15.52	6	1.42	1	2.84	14.28	15.52	15.13	399.79	387.25	4.293	5.585	26.27	34.17	499.9	1699	4	99.96	0.899	-0.188	0.127	0.00551	0.0488	0.0045	0.7	-0.22	2.74	1.00	0.00	0.16	111115
133	"11:21:32"	3152.5	0	10	0.0914	201	1.09	1.21	15.52	6	1.42	1	2.84	14.28	15.52	15.13	399.83	387.29	4.291	5.586	26.25	34.17	499.8	1699	4	99.96	0.899	-0.188	0.127	0.00551	0.0488	0.0045	0.7	-0.22	2.74	1.00	0.00	0.16	111115
134	"11:21:32"	3153.0	0	10.1	0.0915	201	1.09	1.21	15.52	6	1.42	1	2.84	14.29	15.52	15.13	399.88	387.28	4.289	5.587	26.23	34.17	499.8	1699	4	99.96	0.899	-0.188	0.127	0.00551	0.0488	0.0045	0.7	-0.22	2.74	1.00	0.00	0.16	111115
135	"11:21:33"	3153.5	0	10.1	0.0916	200	1.09	1.21	15.53	6	1.42	1	2.84	14.29	15.53	15.13	399.88	387.26	4.288	5.588	26.22	34.17	499.8	1699	4	99.96	0.899	-0.188	0.127	0.00551	0.0488	0.0045	0.7	-0.22	2.74	1.00	0.00	0.16	111115
136	"11:21:33"	3154.0	0	10	0.0915	201	1.09	1.21	15.54	6	1.42	1	2.84	14.29	15.54	15.13	399.89	387.32	4.288	5.587	26.21	34.16	499.8	1699	4	99.96	0.899	-0.188	0.127	0.00551	0.0488	0.0045	0.7	-0.22	2.74	1.00	0.00	0.16	111115
137	"11:21:34"	3154.5	0	10.1	0.0917	200	1.09	1.21	15.53	6	1.42	1	2.84	14.29	15.53	15.13	399.88	387.26	4.287	5.588	26.21	34.16	499.8	1700	4	99.96	0.899	-0.188	0.127	0.00551	0.0488	0.0045	0.7	-0.22	2.74	1.00	0.00	0.16	111115
138	"11:21:35"	3155.0	0	10.1	0.0917	201	1.09	1.21	15.54	6	1.42	1	2.84	14.30	15.54	15.13	399.88	387.31	4.287	5.589	26.20	34.16	499.8	1700	4	99.96	0.899	-0.188	0.127	0.00551	0.0488	0.0045	0.7	-0.22	2.74	1.00	0.00	0.16	111115
139	"11:21:58"	3179.0	0	10.3	0.0922	197	1.11	1.23	15.72	6	1.42	1	2.84	14.41	15.72	15.13	399.19	386.31	4.287	5.616	26.02	34.09	499.8	1700	4	99.96	0.899	-0.188	0.127	0.00551	0.0488	0.0045	0.7	-0.22	2.74	1.00	0.00	0.16	111115
140	"11:21:58"	3179.0	0	10.3	0.0922	197	1.11	1.23	15.72	6	1.42	1	2.84	14.41	15.72	15.13	399.19	386.31	4.287	5.616	26.02	34.09	499.8	1700	4	99.96	0.899	-0.188	0.127	0.00551	0.0488	0.0045	0.7	-0.22	2.74	1.00	0.00	0.16	111115
141	"11:21:59"	3179.5	0	10.3	0.0926	197	1.12	1.23	15.74	6	1.42	1	2.84	14.41	15.74	15.13	399.19	386.25	4.286	5.621	26.01	34.11	499.8	1700	5	99.96	0.899	-0.188	0.127	0.00551	0.0488	0.0045	0.7	-0.22	2.74	1.00	0.00	0.16	111115
142	"11:22:00"	3180.0	0	10.3	0.0924	198	1.12	1.23	15.74	6	1.42	1	2.84	14.41	15.74	15.13	399.19	386.36	4.286	5.621	26.01	34.11	499.8	1700	5	99.96	0.899	-0.188	0.127	0.00551	0.0488	0.0045	0.7	-0.22	2.74	1.00	0.00	0.16	111115
143	"11:22:00"	3180.5	0	10.2	0.0923	198	1.12	1.23	15.75	6	1.42	1	2.84	14.41	15.75	15.13	399.18	386.38	4.287	5.620	26.01	34.10	499.8	1700	4	99.96	0.899	-0.188	0.127	0.00551	0.0488	0.0045	0.7	-0.22	2.74	1.00	0.00	0.16	111115
144	"11:22:01"	3181.0	0	10.3	0.0923	197	1.12	1.24	15.76	6	1.42	1	2.84	14.41	15.76	15.13	399.17	386.30	4.286	5.621	26.00	34.09	499.8	1700	4	99.96	0.899	-0.188	0.127	0.00551	0.0488	0.0045	0.7	-0.22	2.74	1.00	0.00	0.16	111115
145	"11:22:01"	3181.5	0	10.2	0.0919	198	1.11	1.24	15.77	6	1.42	1	2.84	14.42	15.77	15.13	399.16	386.37	4.285	5.616	25.99	34.06	499.8	1700	4	99.96	0.899	-0.188	0.127	0.00551	0.0488	0.0045	0.7	-0.22	2.74	1.00	0.00	0.16	111115
146	"11:22:02"	3182.0	0	10.2	0.0918	197	1.11	1.24	15.78	6	1.42	1	2.84	14.42	15.78	15.13	399.16	386.36	4.285	5.616	25.99	34.06	499.8	1700	4	99.96	0.899	-0.188	0.127	0.00551	0.0488	0.0045	0.7	-0.22	2.74	1.00	0.00	0.16	111115
147	"11:22:02"	3182.5	0	10.2	0.092	199	1.12	1.24	15.78	6	1.42	1	2.84	14.42	15.78	15.13	399.15	386.45	4.285	5.618	25.98	34.07	499.8	1700	4	99.96	0.899	-0.188	0.127	0.00551	0.0488	0.0045	0.7	-0.22	2.74	1.00	0.00	0.16	111115
148	"11:22:03"	3183.5	0	10.1	0.092	200	1.12	1.24	15.79	6	1.42	1	2.84	14.42	15.79	15.13	399.17	386.51	4.285	5.619	25.98	34.06	499.8	1700	4	99.96	0.899	-0.188	0.127	0.00551	0.0488	0.0045	0.7	-0.22	2.74	1.00	0.00	0.16	111115
149	"11:22:03"	3184.0	0	10.2	0.0919	199	1.12	1.24	15.78	6	1.42	1	2.84	14.43	15.78	15.13	399.16	386.46	4.285	5.617	25.97	34.04	499.8	1700	4	99.96	0.899	-0.188	0.127	0.00551	0.0488	0.0045	0.7	-0.22	2.74	1.00	0.00	0.16	111115
150	"11:22:04"	3184.5	0	10.1	0.092	199	1.12	1.24	15.78	6	1.42	1	2.84	14.43	15.78	15.13	399.20	386.50	4.285	5.618	25.97	34.04	499.8	1700	4	99.96	0.899	-0.188	0.127	0.00551	0.0488	0.0045	0.7	-0.22	2.74	1.00	0.00	0.16	111115
151	"11:22:04"	3185.0	0	10.2	0.0922	198	1.12	1.24	15.78	6	1.42	1	2.84	14.43	15.78	15.13	399.24	386.42	4.286	5.622	25.97	34.06	499.8	1700	4	99.96	0.899	-0.188	0.127	0.00551	0.0488	0.0045	0.7	-0.22	2.74	1.00	0.00	0.16	111115
152	"11:22:05"	3185.5	0	10.3	0.0924	196	1.12	1.24	15.78	6	1.42	1	2.84	14.43	15.78	15.13	399.25	386.32	4.286	5.624	25.97	34.08	499.8	1700	4	99.96	0.899	-0.188	0.127	0.00551	0.0488	0.0045	0.7	-0.22	2.74	1.00	0.00	0.16	111115
153	"11:22:05"	3186.0	0	10.3	0.0927	198	1.12	1.24	15.78	6	1.42	1	2.84	14.43	15.78	15.13	399.26	386.41	4.286	5.628	25.96	34.09	499.8	1700	4	99.96	0.899	-0.188	0.127	0.00551	0.0488	0.0045	0.7	-0.22	2.74	1.00	0.00	0.16	111115
154	"11:22:06"	3186.5	0	10.3	0.0924	197	1.12	1.24	15.79	6	1.42	1	2.84	14.44	15.79	15.13	399.31	386.39	4.287	5.627	25.97	34.08	499.8	1700	4	99.96	0.899	-0.188	0.127	0.00551	0.0488	0.0045	1.0	-0.22	2.74	1.00	0.00	0.16	111115
155	"11:22:07"	3187.0	0	10.4	0.0925	195	1.12	1.24	15.80	6	1.42	1	2.84	14.44	15.80	15.13	399.27	386.25	4.286	5.627	25.96	34.07	499.9	1700	4	99.96	0.899	-0.188	0.127	0.00551	0.0488	0.0045	1.0	-0.22	2.74	1.00	0.00	0.16	111115
156	"11:22:07"	3187.5	0	10.4	0.0925	195	1.12	1.24	15.80	6	1.42	1	2.84	14.44	15.80	15.13	399.27	386.23	4.286	5.628	25.95	34.08	499.8	1700	4	99.96	0.899	-0.188	0.127	0.00551	0.0488	0.0045	1.0	-0.22	2.74	1.00	0.00	0.16	111115
"11:22:35 Coolers: Tblock -> 20.00 C"
"11:26:27 Flow: Fixed -> 500 umol/s"
157	"11:26:28"	3449.0	0	8.81	0.0712	178	1.03	1.46	18.92	6	1.42	1	2.84	18.84	18.92	20.13	397.62	386.56	6.138	7.363	28.10	33.71	499.9	1699	4	99.95	0.728	-0.219	0.0704	0.00901	0.0615	0.00701	0.7	-0.22	2.74	1.00	0.00	0.16	111115
158	"11:26:29"	3449.0	0	8.81	0.0712	178	1.03	1.46	18.92	6	1.42	1	2.84	18.84	18.92	20.13	397.62	386.56	6.138	7.363	28.10	33.71	499.9	1699	4	99.95	0.728	-0.219	0.0704	0.00901	0.0615	0.00701	0.7	-0.22	2.74	1.00	0.00	0.16	111115
159	"11:26:29"	3449.5	0	9.35	0.0772	182	1.11	1.45	18.89	6	1.42	1	2.84	18.84	18.89	20.13	398.34	386.60	6.041	7.363	27.65	33.71	499.9	1699	4	99.95	0.728	-0.219	0.0704	0.00901	0.0615	0.00701	0.7	-0.22	2.74	1.00	0.00	0.16	111115
160	"11:26:30"	3450.0	0	9.59	0.0804	184	1.15	1.45	18.89	6	1.42	1	2.84	18.84	18.89	20.13	398.68	386.63	5.989	7.364	27.42	33.71	499.8	1699	4	99.95	0.728	-0.219	0.0704	0.00901	0.0615	0.00701	0.7	-0.22	2.74	1.00	0.00	0.16	111115
161	"11:26:30"	3450.5	0	9.74	0.0823	186	1.18	1.45	18.90	6	1.42	1	2.84	18.84	18.90	20.13	398.94	386.69	5.958	7.366	27.27	33.71	499.8	1699	4	99.95	0.728	-0.219	0.0704	0.00901	0.0615	0.00701	0.7	-0.22	2.74	1.00	0.00	0.16	111115
162	"11:26:31"	3451.0	0	9.85	0.0838	187	1.2	1.45	18.90	6	1.42	1	2.84	18.85	18.90	20.13	399.11	386.73	5.936	7.368	27.17	33.72	499.9	1699	5	99.95	0.728	-0.219	0.0704	0.00901	0.0615	0.00701	0.7	-0.22	2.74	1.00	0.00	0.16	111115
163	"11:26:32"	3451.5	0	9.87	0.0845	188	1.21	1.46	18.91	6	1.42	1	2.84	18.85	18.91	20.12	399.23	386.82	5.922	7.367	27.10	33.72	499.9	1699	5	99.95	0.728	-0.219	0.0704	0.00901	0.0615	0.00701	0.7	-0.22	2.74	1.00	0.00	0.16	111115
164	"11:26:32"	3452.0	0	9.92	0.0852	189	1.22	1.46	18.90	6	1.42	1	2.84	18.85	18.90	20.12	399.32	386.84	5.911	7.367	27.05	33.71	499.8	1699	5	99.95	0.728	-0.219	0.0704	0.00901	0.0615	0.00701	0.7	-0.22	2.74	1.00	0.00	0.16	111115
165	"11:26:33"	3452.5	0	10.2	0.0894	192	1.28	1.45	18.89	6	1.42	1	2.84	18.85	18.89	20.12	399.85	386.97	5.844	7.368	26.74	33.72	499.8	1699	5	99.95	0.728	-0.219	0.0704	0.00901	0.0615	0.00701	0.7	-0.22	2.74	1.00	0.00	0.16	111115
166	"11:26:33"	3453.5	0	10.2	0.0905	195	1.29	1.45	18.89	6	1.42	1	2.84	18.85	18.89	20.12	399.94	387.07	5.833	7.375	26.69	33.75	499.9	1699	5	99.95	0.728	-0.219	0.0704	0.00901	0.0615	0.00701	0.7	-0.22	2.74	1.00	0.00	0.16	111115
167	"11:26:34"	3454.0	0	10.2	0.0906	195	1.3	1.45	18.89	6	1.42	1	2.84	18.85	18.89	20.12	399.97	387.13	5.832	7.376	26.68	33.75	499.9	1699	5	99.95	0.728	-0.219	0.0704	0.00901	0.0615	0.00701	1.0	-0.22	2.74	1.00	0.00	0.16	111115
168	"11:26:34"	3454.5	0	10.2	0.0906	194	1.3	1.45	18.90	6	1.42	1	2.84	18.85	18.90	20.12	399.99	387.09	5.832	7.376	26.68	33.75	499.9	1699	5	99.95	0.728	-0.219	0.0704	0.00901	0.0615	0.00701	1.0	-0.22	2.74	1.00	0.00	0.16	111115
169	"11:26:35"	3455.0	0	10.2	0.0906	195	1.3	1.45	18.90	6	1.42	1	2.84	18.85	18.90	20.12	400.01	387.17	5.832	7.376	26.68	33.75	499.8	1699	5	99.95	0.728	-0.219	0.0704	0.00901	0.0615	0.00701	1.0	-0.22	2.74	1.00	0.00	0.16	111115
170	"11:26:35"	3455.5	0	10.2	0.091	196	1.3	1.45	18.89	6	1.42	1	2.84	18.85	18.89	20.12	400.00	387.17	5.831	7.380	26.68	33.76	499.8	1699	5	99.95	0.728	-0.219	0.0704	0.00901	0.0615	0.00701	1.0	-0.22	2.74	1.00	0.00	0.16	111115
171	"11:26:36"	3456.0	0	10.3	0.091	194	1.3	1.45	18.90	6	1.42	1	2.84	18.85	18.90	20.12	400.04	387.06	5.831	7.381	26.67	33.76	499.8	1699	5	99.95	0.728	-0.219	0.0704	0.00901	0.0615	0.00701	1.0	-0.22	2.74	1.00	0.00	0.16	111115
172	"11:26:36"	3456.5	0	10.3	0.0911	194	1.3	1.45	18.90	6	1.42	1	2.84	18.86	18.90	20.13	400.04	387.04	5.831	7.383	26.67	33.77	499.8	1699	5	99.95	0.728	-0.219	0.0704	0.00901	0.0615	0.00701	1.0	-0.22	2.74	1.00	0.00	0.16	111115
173	"11:26:37"	3457.0	0	10.3	0.0908	195	1.3	1.46	18.91	6	1.42	1	2.84	18.86	18.91	20.13	400.05	387.14	5.830	7.379	26.66	33.75	499.8	1699	4	99.95	0.728	-0.219	0.0704	0.00901	0.0615	0.00701	1.0	-0.22	2.74	1.00	0.00	0.16	111115
174	"11:26:37"	3457.5	0	10.3	0.091	193	1.3	1.45	18.91	6	1.42	1	2.84	18.86	18.91	20.13	400.03	387.02	5.830	7.381	26.66	33.75	499.8	1699	4	99.95	0.728	-0.219	0.0704	0.00901	0.0615	0.00701	1.0	-0.22	2.74	1.00	0.00	0.16	111115
175	"11:26:38"	3458.0	0	10.3	0.0911	193	1.3	1.45	18.91	6	1.42	1	2.84	18.86	18.91	20.13	400.02	386.99	5.829	7.383	26.66	33.76	499.8	1699	4	99.95	0.728	-0.219	0.0704	0.00901	0.0615	0.00701	1.0	-0.22	2.74	1.00	0.00	0.16	111115
176	"11:26:55"	3475.5	0	10.3	0.0912	195	1.31	1.46	19.00	6	1.42	1	2.84	18.90	19.00	20.12	400.39	387.42	5.844	7.410	26.65	33.79	499.8	1698	4	99.95	0.728	-0.219	0.0704	0.00901	0.0615	0.00701	1.0	-0.22	2.74	1.00	0.00	0.16	111115
177	"11:26:55"	3475.5	0	10.3	0.0912	195	1.31	1.46	19.00	6	1.42	1	2.84	18.90	19.00	20.12	400.39	387.42	5.844	7.410	26.65	33.79	499.8	1698	4	99.95	0.728	-0.219	0.0704	0.00901	0.0615	0.00701	1.0	-0.22	2.74	1.00	0.00	0.16	111115
178	"11:26:56"	3476.0	0	10.3	0.0911	195	1.31	1.47	19.01	6	1.42	1	2.84	18.90	19.01	20.12	400.38	387.44	5.845	7.410	26.65	33.79	499.8	1698	4	99.95	0.728	-0.219	0.0704	0.00901	0.0615	0.00701	0.7	-0.22	2.74	1.00	0.00	0.16	111115
179	"11:26:56"	3476.5	0	10.3	0.0911	195	1.32	1.47	19.02	6	1.42	1	2.84	18.91	19.02	20.13	400.34	387.41	5.845	7.413	26.65	33.80	499.8	1699	4	99.95	0.728	-0.219	0.0704	0.00901	0.0615	0.00701	0.7	-0.22	2.74	1.00	0.00	0.16	111115
180	"11:26:57"	3477.0	0	10.2	0.091	196	1.31	1.47	19.02	6	1.42	1	2.84	18.91	19.02	20.13	400.28	387.39	5.845	7.411	26.65	33.79	499.8	1699	4	99.95	0.728	-0.219	0.0704	0.00901	0.0615	0.00701	0.7	-0.22	2.74	1.00	0.00	0.16	111115
181	"11:26:57"	3477.5	0	10.3	0.091	194	1.32	1.47	19.04	6	1.42	1	2.84	18.91	19.04	20.13	400.24	387.26	5.847	7.415	26.65	33.80	499.8	1699	4	99.95	0.728	-0.219	0.0704	0.00901	0.0615	0.00701	0.7	-0.22	2.74	1.00	0.00	0.16	111115
182	"11:26:58"	3478.0	0	10.3	0.0909	194	1.32	1.47	19.05	6	1.42	1	2.84	18.91	19.05	20.14	400.20	387.22	5.847	7.415	26.66	33.80	499.7	1699	4	99.95	0.728	-0.219	0.0704	0.00901	0.0615	0.00701	0.7	-0.22	2.74	1.00	0.00	0.16	111115
183	"11:26:58"	3478.5	0	10.4	0.091	192	1.32	1.47	19.05	6	1.42	1	2.84	18.91	19.05	20.14	400.19	387.07	5.848	7.417	26.66	33.81	499.7	1699	4	99.95	0.728	-0.219	0.0704	0.00901	0.0615	0.00701	1.0	-0.22	2.74	1.00	0.00	0.16	111115
184	"11:26:59"	3479.0	0	10.3	0.0907	193	1.31	1.47	19.06	6	1.42	1	2.84	18.91	19.06	20.14	400.11	387.09	5.848	7.415	26.65	33.79	499.8	1699	4	99.95	0.728	-0.219	0.0704	0.00901	0.0615	0.00701	1.0	-0.22	2.74	1.00	0.00	0.16	111115
185	"11:26:59"	3479.5	0	10.3	0.0908	193	1.32	1.47	19.06	6	1.42	1	2.84	18.91	19.06	20.14	400.10	387.10	5.849	7.417	26.66	33.80	499.8	1699	4	99.95	0.728	-0.219	0.0704	0.00901	0.0615	0.00701	1.0	-0.22	2.74	1.00	0.00	0.16	111115
186	"11:27:00"	3480.0	0	10.3	0.0907	194	1.32	1.47	19.06	6	1.42	1	2.84	18.92	19.06	20.14	400.06	387.12	5.849	7.416	26.65	33.79	499.8	1700	4	99.95	0.728	-0.219	0.0704	0.00901	0.0615	0.00701	1.0	-0.22	2.74	1.00	0.00	0.16	111115
187	"11:27:00"	3480.5	0	10.2	0.0909	196	1.32	1.47	19.06	6	1.42	1	2.84	18.92	19.06	20.14	400.04	387.19	5.849	7.419	26.65	33.80	499.8	1700	4	99.95	0.728	-0.219	0.0704	0.00901	0.0615	0.00701	1.0	-0.22	2.74	1.00	0.00	0.16	111115
188	"11:27:01"	3481.0	0	10.2	0.0911	196	1.32	1.47	19.07	6	1.42	1	2.84	18.92	19.07	20.14	400.00	387.10	5.850	7.423	26.65	33.81	499.8	1700	4	99.95	0.728	-0.219	0.0704	0.00901	0.0615	0.00701	1.0	-0.22	2.74	1.00	0.00	0.16	111115
189	"11:27:02"	3481.5	0	10.2	0.0912	197	1.32	1.47	19.06	6	1.42	1	2.84	18.92	19.06	20.14	399.95	387.15	5.850	7.423	26.64	33.81	499.9	1700	4	99.95	0.728	-0.219	0.0704	0.00901	0.0615	0.00701	0.7	-0.22	2.74	1.00	0.00	0.16	111115
190	"11:27:02"	3482.0	0	10.1	0.091	197	1.32	1.47	19.07	6	1.42	1	2.84	18.93	19.07	20.14	399.92	387.17	5.850	7.421	26.64	33.79	499.9	1700	4	99.95	0.728	-0.219	0.0704	0.00901	0.0615	0.00701	0.7	-0.22	2.74	1.00	0.00	0.16	111115
191	"11:27:03"	3482.5	0	10	0.0912	200	1.32	1.47	19.07	6	1.42	1	2.84	18.93	19.07	20.14	399.87	387.25	5.850	7.424	26.63	33.80	499.8	1700	4	99.95	0.728	-0.219	0.0704	0.00901	0.0615	0.00701	0.7	-0.22	2.74	1.00	0.00	0.16	111115
192	"11:27:03"	3483.0	0	10.1	0.0916	199	1.33	1.47	19.07	6	1.42	1	2.84	18.93	19.07	20.14	399.91	387.17	5.850	7.431	26.63	33.83	499.8	1699	4	99.95	0.728	-0.219	0.0704	0.00901	0.0615	0.00701	0.7	-0.22	2.74	1.00	0.00	0.16	111115
193	"11:27:04"	3484.0	0	10.1	0.0915	198	1.33	1.47	19.07	6	1.42	1	2.84	18.93	19.07	20.14	399.87	387.09	5.852	7.431	26.63	33.82	499.8	1699	4	99.95	0.728	-0.219	0.0704	0.00901	0.0615	0.00701	0.7	-0.22	2.74	1.00	0.00	0.16	111115
194	"11:27:04"	3484.5	0	10.2	0.0913	197	1.32	1.47	19.08	6	1.42	1	2.84	18.94	19.08	20.14	399.84	387.00	5.851	7.430	26.63	33.81	499.8	1699	4	99.95	0.728	-0.219	0.0704	0.00901	0.0615	0.00701	0.7	-0.22	2.74	1.00	0.00	0.16	111115
195	"11:27:05"	3485.0	0	10.1	0.0912	197	1.32	1.47	19.09	6	1.42	1	2.84	18.94	19.09	20.14	399.81	387.01	5.851	7.428	26.63	33.80	499.8	1699	4	99.95	0.728	-0.219	0.0704	0.00901	0.0615	0.00701	0.7	-0.22	2.74	1.00	0.00	0.16	111115
"11:27:34 Coolers: Tblock -> 25.00 C"
"11:33:06 Flow: Fixed -> 500 umol/s"
196	"11:33:08"	3848.5	0	8.77	0.0751	188	1.28	1.72	22.21	6	1.42	1	2.84	23.32	22.21	25.13	398.45	387.33	8.207	9.728	28.54	33.83	499.8	1699	4	99.95	0.509	-0.252	0.14	0.00289	0.0367	0.00157	1.0	-0.22	2.74	1.00	0.00	0.16	111115
197	"11:33:09"	3848.5	0	8.77	0.0751	188	1.28	1.72	22.21	6	1.42	1	2.84	23.32	22.21	25.13	398.45	387.33	8.207	9.728	28.54	33.83	499.8	1699	4	99.95	0.509	-0.252	0.14	0.00289	0.0367	0.00157	1.0	-0.22	2.74	1.00	0.00	0.16	111115
198	"11:33:09"	3849.0	0	9.02	0.0781	190	1.33	1.71	22.20	6	1.42	1	2.84	23.31	22.20	25.13	398.88	387.43	8.150	9.729	28.34	33.83	499.8	1699	4	99.94	0.509	-0.252	0.14	0.00289	0.0367	0.00157	1.0	-0.22	2.74	1.00	0.00	0.16	111115
199	"11:33:10"	3849.5	0	9.1	0.0801	193	1.36	1.71	22.19	6	1.42	1	2.84	23.32	22.19	25.13	399.07	387.52	8.117	9.732	28.23	33.84	499.8	1699	4	99.94	0.509	-0.252	0.14	0.00289	0.0367	0.00157	1.0	-0.22	2.74	1.00	0.00	0.16	111115
200	"11:33:11"	3850.0	0	9.22	0.0812	193	1.38	1.71	22.19	6	1.42	1	2.84	23.32	22.19	25.12	399.23	387.52	8.094	9.731	28.15	33.84	499.8	1699	4	99.94	0.509	-0.252	0.14	0.00289	0.0367	0.00157	1.0	-0.22	2.74	1.00	0.00	0.16	111115
201	"11:33:11"	3850.5	0	9.28	0.082	194	1.39	1.71	22.19	6	1.42	1	2.84	23.32	22.19	25.12	399.27	387.48	8.076	9.730	28.09	33.84	499.7	1699	4	99.94	0.509	-0.252	0.14	0.00289	0.0367	0.00157	1.0	-0.22	2.74	1.00	0.00	0.16	111115
202	"11:33:12"	3851.5	0	9.7	0.0863	195	1.46	1.71	22.19	6	1.42	1	2.84	23.31	22.19	25.12	399.85	387.53	7.990	9.727	27.78	33.83	499.8	1699	4	99.94	0.509	-0.252	0.14	0.00289	0.0367	0.00157	1.0	-0.22	2.74	1.00	0.00	0.16	111115
203	"11:33:12"	3852.0	0	9.75	0.0866	195	1.47	1.71	22.19	6	1.42	1	2.84	23.32	22.19	25.12	399.93	387.54	7.980	9.724	27.75	33.81	499.8	1699	4	99.94	0.509	-0.252	0.14	0.00289	0.0367	0.00157	1.0	-0.22	2.74	1.00	0.00	0.16	111115
204	"11:33:13"	3852.5	0	9.66	0.0868	197	1.47	1.71	22.18	6	1.42	1	2.84	23.32	22.18	25.12	399.93	387.65	7.978	9.724	27.74	33.81	499.8	1699	4	99.94	0.509	-0.252	0.14	0.00289	0.0367	0.00157	1.0	-0.22	2.74	1.00	0.00	0.16	111115
205	"11:33:13"	3853.0	0	9.65	0.0867	197	1.47	1.71	22.19	6	1.42	1	2.84	23.32	22.19	25.13	399.90	387.63	7.978	9.724	27.74	33.81	499.7	1699	4	99.94	0.509	-0.252	0.14	0.00289	0.0367	0.00157	1.0	-0.22	2.74	1.00	0.00	0.16	111115
206	"11:33:14"	3853.5	0	9.7	0.0865	195	1.47	1.71	22.20	6	1.42	1	2.84	23.32	22.20	25.13	399.93	387.61	7.977	9.721	27.73	33.80	499.8	1699	4	99.94	0.509	-0.252	0.14	0.00289	0.0367	0.00157	1.0	-0.22	2.74	1.00	0.00	0.16	111115
207	"11:33:14"	3854.0	0	9.6	0.0864	197	1.47	1.72	22.21	6	1.42	1	2.84	23.32	22.21	25.13	399.91	387.70	7.977	9.720	27.73	33.79	499.8	1699	4	99.94	0.509	-0.252	0.14	0.00289	0.0367	0.00157	1.0	-0.22	2.74	1.00	0.00	0.16	111115
208	"11:33:15"	3854.5	0	9.62	0.0862	197	1.46	1.72	22.21	6	1.42	1	2.84	23.32	22.21	25.13	399.98	387.75	7.977	9.719	27.73	33.78	499.8	1699	4	99.94	0.509	-0.252	0.14	0.00289	0.0367	0.00157	1.0	-0.22	2.74	1.00	0.00	0.16	111115
209	"11:33:15"	3855.0	0	9.66	0.086	195	1.46	1.72	22.22	6	1.42	1	2.84	23.33	22.22	25.13	399.95	387.67	7.977	9.715	27.72	33.76	499.8	1699	4	99.94	0.509	-0.252	0.14	0.00289	0.0367	0.00157	1.0	-0.22	2.74	1.00	0.00	0.16	111115
210	"11:33:16"	3855.5	0	9.65	0.086	196	1.46	1.72	22.22	6	1.42	1	2.84	23.33	22.22	25.13	399.96	387.70	7.977	9.715	27.72	33.76	499.8	1699	4	99.94	0.509	-0.252	0.14	0.00289	0.0367	0.00157	1.0	-0.22	2.74	1.00	0.00	0.16	111115
211	"11:33:16"	3856.0	0	9.65	0.0862	196	1.46	1.72	22.22	6	1.42	1	2.84	23.33	22.22	25.13	399.98	387.71	7.977	9.718	27.72	33.77	499.8	1699	4	99.94	0.509	-0.252	0.14	0.00289	0.0367	0.00157	1.0	-0.22	2.74	1.00	0.00	0.16	111115
212	"11:33:17"	3856.5	0	9.65	0.0863	196	1.47	1.72	22.23	6	1.42	1	2.84	23.33	22.23	25.13	399.99	387.73	7.977	9.721	27.71	33.77	499.8	1699	4	99.94	0.509	-0.252	0.14	0.00289	0.0367	0.00157	1.0	-0.22	2.74	1.00	0.00	0.16	111115
213	"11:33:17"	3857.0	0	9.52	0.0862	198	1.47	1.72	22.23	6	1.42	1	2.84	23.33	22.23	25.13	399.97	387.86	7.976	9.719	27.71	33.77	499.8	1699	4	99.94	0.509	-0.252	0.14	0.00289	0.0367	0.00157	1.0	-0.22	2.74	1.00	0.00	0.16	111115
214	"11:33:18"	3858.0	0	9.46	0.0868	201	1.47	1.72	22.23	6	1.42	1	2.84	23.33	22.23	25.13	399.99	387.95	7.976	9.729	27.71	33.80	499.8	1699	4	99.94	0.509	-0.252	0.14	0.00289	0.0367	0.00157	1.0	-0.22	2.74	1.00	0.00	0.16	111115
215	"11:33:18"	3858.5	0	9.41	0.0869	202	1.48	1.72	22.23	6	1.42	1	2.84	23.33	22.23	25.13	399.99	388.01	7.976	9.732	27.71	33.80	499.8	1699	4	99.94	0.509	-0.252	0.14	0.00289	0.0367	0.00157	1.0	-0.22	2.74	1.00	0.00	0.16	111115
216	"11:33:19"	3859.0	0	9.33	0.0869	204	1.48	1.72	22.23	6	1.42	1	2.84	23.33	22.23	25.13	399.99	388.10	7.977	9.733	27.71	33.81	499.8	1699	4	99.94	0.509	-0.252	0.14	0.00289	0.0367	0.00157	1.0	-0.22	2.74	1.00	0.00	0.16	111115
217	"11:33:19"	3859.5	0	9.32	0.0867	203	1.47	1.72	22.24	6	1.42	1	2.84	23.34	22.24	25.13	399.97	388.10	7.977	9.731	27.71	33.80	499.8	1699	4	99.94	0.509	-0.252	0.14	0.00289	0.0367	0.00157	1.0	-0.22	2.74	1.00	0.00	0.16	111115
"11:33:54 Coolers: Tblock -> 30.00 C"
"11:36:25 Flow: Fixed -> 500 umol/s"
218	"11:36:26"	4046.5	0	5.88	0.0493	187	0.952	1.92	24.31	6	1.42	1	2.84	27.20	24.31	30.15	396.97	389.47	10.177	11.306	28.09	31.21	499.9	1699	4	99.94	0.236	-0.291	0.141	0.00447	0.0451	0.00405	1.0	-0.22	2.74	1.00	0.00	0.16	111115
219	"11:36:26"	4046.5	0	5.88	0.0493	187	0.952	1.92	24.31	6	1.42	1	2.84	27.20	24.31	30.15	396.97	389.47	10.177	11.306	28.09	31.21	499.9	1699	4	99.94	0.236	-0.291	0.141	0.00447	0.0451	0.00405	1.0	-0.22	2.74	1.00	0.00	0.16	111115
220	"11:36:27"	4047.0	0	6.68	0.0612	203	1.17	1.92	24.30	6	1.42	1	2.84	27.20	24.30	30.15	398.36	389.79	9.926	11.320	27.39	31.24	499.9	1699	4	99.94	0.236	-0.291	0.141	0.00447	0.0451	0.00405	1.0	-0.22	2.74	1.00	0.00	0.16	111115
"OPEN 6.3.3"
"Mon Jul 23 2018 11:49:23"
<open><version>"6.3.3"</version></open>
<open><configfile>"/User/Configs/UserPrefs/2x3 LED.xml"</configfile></open>
<open><light><source>"6400-02 or -02B LED Source"</source><par_in>1<sensor>"SI-4027"<cal>-1.00<actinity>1.00</actinity><transm>1.00</transm></cal></sensor><transm>1</transm></par_in><par_out>1<sensor>"Q51318"<cal>6.49</cal></sensor></par_out></light></open>
<open><comps><file>"/User/Configs/Comps/StdComps_6.3"<header>""</header><extras></extras></file><energybal>no<f_parIn>1</f_parIn><f_parOut>0</f_parOut><alphaK>0.16</alphaK></energybal><bc_total>2.840<stomatal_ratio>1</stomatal_ratio><bc_oneside>1.420<type>2</type><table>"/Sys/Lib/StdBLCTable"</table><area>6</area><slope>-0.219565</slope><offset>2.73739</offset><fan>5</fan></bc_oneside></bc_total></comps></open>
<open><prompts><onlog>off</onlog><items>"Default (none)"</items></prompts></open>
<open><constants><oxygen>21 %</oxygen><bb_vapor>1.5</bb_vapor><bb_oxy>0.9</bb_oxy></constants></open>
<open><stability><items>"Std Stability"<items[1]><id>-2</id><size>15</size><pcv><onoff>0</onoff><value>1</value></pcv><std><onoff>0</onoff><value>1</value></std><slp><onoff>1</onoff><value>1</value></slp></items[1]><items[2]><id>-5</id><size>15</size><pcv><onoff>0</onoff><value>1</value></pcv><std><onoff>0</onoff><value>1</value></std><slp><onoff>1</onoff><value>1</value></slp></items[2]><items[3]><id>-7</id><size>15</size><pcv><onoff>0</onoff><value>1</value></pcv><std><onoff>0</onoff><value>1</value></std><slp><onoff>1</onoff><value>1</value></slp></items[3]></items></stability></open>
<open><log><format>"StdLogFmt_6.3"<items>{ -35 -21 -36 -76 30 23 36 21 25 221 -33 111 -34 11 -9 -10 -8 -1 -2 -4 -5 -14 -15 -7 -12 -13 -11 -65 -66 -117 -119 -116 -118 -72 -18 -19 -77 -78 -79 -23  }<hdr>{  }</hdr></items></format><options><beep>on</beep><match>"never"<time>30</time><co2>100</co2><delta>10</delta></match><hdr>normal</hdr><rem>normal</rem><stab>no</stab><stats>no<mean>no</mean><file>no</file><period>15</period></stats><excel>yes</excel><controls>yes</controls><comm>no</comm></options><datafile>"/User/0000-AAH4970-230718"</datafile><button><action>"Normal Log"<code>" LogOneObsManual "</code></action></button><autoprog>"/User/Configs/AutoProgs/AutoLog2"<active>no</active></autoprog></log></open>
<open><a2d><avgtime>4.0 secs</avgtime><userchans><ch20>"Off"</ch20><ch21>"Off"</ch21><ch22>"Off"</ch22><ch23>"Off"</ch23></userchans></a2d></open>
<open><matching><type>0</type><disp>'a'</disp><settings>><CO2Limit>10.0</CO2Limit><H2OLimit>1.0</H2OLimit><MaxAutoTime>60</MaxAutoTime><AverageTime>10</AverageTime></settings></matching></open>
<li6400><factory><unit>"PSC-4123"</unit><serviced>"19.01.2017"</serviced><fuseaware>0</fuseaware><co2mixer>yes</co2mixer><co2><coeffs>{ 0 0.219912 1.60869e-05 2.42627e-08 -3.602e-12 2.3711e-16  }</coeffs><dvdt>-4.1</dvdt><xs>{ -0.00117 -1.14e-05  }</xs></co2><h2o><coeffs>{ 0 0.00612804 1.69186e-06 1.49192e-10  }</coeffs><dvdt>-2.5</dvdt><xs>{ -0.000351 -0.00239  }</xs></h2o><flow>{ 0 0.3738  }</flow><press>{ 87.734 0.00547  }</press></factory></li6400>
<li6400><user><flow_zero>-547.7</flow_zero><irga_zero><co2>-79.5 -79.5<at>32.3675</at></co2><h2o>37.6 -1.4<at>33.9874</at></h2o></irga_zero><irga_span><co2>{ 0.985904 0.986618  }</co2><h2o>{ 1.00683 0.993449  }</h2o></irga_span><irga_match><co2>{ -1.70314 0.236149  }</co2><h2o>{ -0.0708174 -0.29072  }</h2o></irga_match><co2_mixer><pump_mv>4500</pump_mv><ppm>{ 2330.31 1136.88 449.46 273.386 125.406 73.118 48.0557 40.3927  }</ppm><mv>{ 5000 3000 1500 1000 500 300 200 100  }</mv></co2_mixer><parin_offset>0</parin_offset><led_cal><unit>"SI-4027"</unit><mv>{ 10 25 50 100 1000 2000 3000 4000 5000  }</mv><qntm>{ 3.39689 11.1502 23.8626 52.4799 561.717 1093.55 1598.71 2081.76 2538.89  }</qntm></led_cal><lcf_cal><unit>"unknown"</unit><red><mv>{ 50 100 500 1000 1500 5000  }</mv><qntm>{ 50 100 500 1000 2000 5000  }</qntm></red><blue><mv>{ 100 200 500 1000 2000 5000  }</mv><qntm>{ 10 20 50 100 200 500  }</qntm></blue></lcf_cal></user></li6400>
"11:49:26 "
$STARTOFDATA$
"Obs"	"HHMMSS"	"FTime"	"EBal?"	"Photo"	"Cond"	"Ci"	"Trmmol"	"VpdL"	"CTleaf"	"Area"	"BLC_1"	"StmRat"	"BLCond"	"Tair"	"Tleaf"	"TBlk"	"CO2R"	"CO2S"	"H2OR"	"H2OS"	"RH_R"	"RH_S"	"Flow"	"PARi"	"PARo"	"Press"	"CsMch"	"HsMch"	"CsMchSD"	"HsMchSD"	"CrMchSD"	"HrMchSD"	"StableF"	"BLCslope"	"BLCoffst"	"f_parin"	"f_parout"	"alphaK"	"Status"
"11:50:34 Flow: Fixed -> 500 umol/s"
1	"11:50:35"	88.5	0	3.53	0.04	239	0.954	2.36	26.49	6	1.42	1	2.84	28.17	26.49	30.13	399.21	394.52	9.994	11.126	26.06	29.01	499.8	1699	4	99.94	0.704	-0.252	0.115	0.00522	0.0195	0.000926	1.0	-0.22	2.74	1.00	0.00	0.16	111115
2	"11:50:36"	88.5	0	3.53	0.04	239	0.954	2.36	26.49	6	1.42	1	2.84	28.17	26.49	30.13	399.21	394.52	9.994	11.126	26.06	29.01	499.8	1699	4	99.94	0.704	-0.252	0.115	0.00522	0.0195	0.000926	1.0	-0.22	2.74	1.00	0.00	0.16	111115
3	"11:50:36"	88.5	0	3.53	0.04	239	0.954	2.36	26.49	6	1.42	1	2.84	28.17	26.49	30.13	399.21	394.52	9.994	11.126	26.06	29.01	499.8	1699	4	99.94	0.704	-0.252	0.115	0.00522	0.0195	0.000926	1.0	-0.22	2.74	1.00	0.00	0.16	111115
4	"11:50:36"	89.0	0	3.54	0.0414	244	0.988	2.36	26.49	6	1.42	1	2.84	28.17	26.49	30.13	399.30	394.58	9.952	11.124	25.95	29.00	499.8	1699	4	99.94	0.704	-0.252	0.115	0.00522	0.0195	0.000926	1.0	-0.22	2.74	1.00	0.00	0.16	111115
5	"11:50:37"	89.5	0	3.58	0.0422	245	1.01	2.36	26.48	6	1.42	1	2.84	28.17	26.48	30.13	399.42	394.64	9.928	11.123	25.88	29.00	499.8	1699	4	99.94	0.704	-0.252	0.115	0.00522	0.0195	0.000926	1.0	-0.22	2.74	1.00	0.00	0.16	111115
6	"11:50:37"	90.0	0	3.55	0.0428	248	1.02	2.36	26.48	6	1.42	1	2.84	28.17	26.48	30.13	399.50	394.76	9.910	11.119	25.83	28.99	499.8	1699	4	99.94	0.704	-0.252	0.115	0.00522	0.0195	0.000926	1.0	-0.22	2.74	1.00	0.00	0.16	111115
7	"11:50:38"	90.5	0	3.58	0.0434	249	1.03	2.36	26.48	6	1.42	1	2.84	28.17	26.48	30.13	399.54	394.76	9.898	11.124	25.81	29.00	499.8	1699	4	99.94	0.704	-0.252	0.115	0.00522	0.0195	0.000926	1.0	-0.22	2.74	1.00	0.00	0.16	111115
8	"11:50:38"	91.0	0	3.66	0.0439	247	1.04	2.36	26.48	6	1.42	1	2.84	28.17	26.48	30.13	399.58	394.70	9.888	11.126	25.78	29.01	499.8	1699	4	99.94	0.704	-0.252	0.115	0.00522	0.0195	0.000926	1.0	-0.22	2.74	1.00	0.00	0.16	111115
9	"11:50:38"	91.0	0	3.66	0.0439	247	1.04	2.36	26.48	6	1.42	1	2.84	28.17	26.48	30.13	399.58	394.70	9.888	11.126	25.78	29.01	499.8	1699	4	99.94	0.704	-0.252	0.115	0.00522	0.0195	0.000926	1.0	-0.22	2.74	1.00	0.00	0.16	111115
10	"11:50:39"	91.5	0	3.77	0.0455	248	1.08	2.36	26.48	6	1.42	1	2.84	28.17	26.48	30.13	399.81	394.77	9.833	11.118	25.64	28.99	499.8	1699	4	99.94	0.704	-0.252	0.115	0.00522	0.0195	0.000926	1.0	-0.22	2.74	1.00	0.00	0.16	111115
11	"11:50:39"	92.0	0	3.75	0.0456	249	1.09	2.36	26.48	6	1.42	1	2.84	28.17	26.48	30.13	399.81	394.79	9.825	11.114	25.61	28.97	499.8	1699	4	99.94	0.704	-0.252	0.115	0.00522	0.0195	0.000926	1.0	-0.22	2.74	1.00	0.00	0.16	111115
12	"11:50:40"	92.5	0	3.78	0.0459	249	1.09	2.36	26.47	6	1.42	1	2.84	28.17	26.47	30.14	399.88	394.82	9.823	11.119	25.61	28.99	499.8	1699	4	99.94	0.704	-0.252	0.115	0.00522	0.0195	0.000926	1.0	-0.22	2.74	1.00	0.00	0.16	111115
13	"11:50:40"	92.5	0	3.78	0.0459	249	1.09	2.36	26.47	6	1.42	1	2.84	28.17	26.47	30.14	399.88	394.82	9.823	11.119	25.61	28.99	499.8	1699	4	99.94	0.704	-0.252	0.115	0.00522	0.0195	0.000926	1.0	-0.22	2.74	1.00	0.00	0.16	111115
14	"11:50:40"	93.0	0	3.82	0.0459	247	1.09	2.36	26.47	6	1.42	1	2.84	28.17	26.47	30.13	399.91	394.80	9.823	11.116	25.61	28.98	499.7	1699	4	99.94	0.704	-0.252	0.115	0.00522	0.0195	0.000926	1.0	-0.22	2.74	1.00	0.00	0.16	111115
15	"11:50:41"	93.5	0	3.89	0.0459	245	1.09	2.36	26.47	6	1.42	1	2.84	28.17	26.47	30.14	399.94	394.76	9.822	11.118	25.61	28.99	499.7	1699	4	99.94	0.704	-0.252	0.115	0.00522	0.0195	0.000926	1.0	-0.22	2.74	1.00	0.00	0.16	111115
16	"11:50:41"	93.5	0	3.89	0.0459	245	1.09	2.36	26.47	6	1.42	1	2.84	28.17	26.47	30.14	399.94	394.76	9.822	11.118	25.61	28.99	499.7	1699	4	99.94	0.704	-0.252	0.115	0.00522	0.0195	0.000926	1.0	-0.22	2.74	1.00	0.00	0.16	111115
17	"11:50:41"	94.0	0	3.93	0.046	244	1.09	2.36	26.47	6	1.42	1	2.84	28.17	26.47	30.14	399.97	394.73	9.822	11.119	25.61	28.99	499.7	1699	4	99.94	0.704	-0.252	0.115	0.00522	0.0195	0.000926	1.0	-0.22	2.74	1.00	0.00	0.16	111115
18	"11:50:42"	94.5	0	3.87	0.046	246	1.09	2.36	26.47	6	1.42	1	2.84	28.17	26.47	30.14	399.97	394.81	9.820	11.120	25.60	28.99	499.7	1699	4	99.94	0.704	-0.252	0.115	0.00522	0.0195	0.000926	1.0	-0.22	2.74	1.00	0.00	0.16	111115
19	"11:50:42"	95.0	0	3.81	0.0459	248	1.09	2.36	26.47	6	1.42	1	2.84	28.17	26.47	30.14	399.97	394.87	9.821	11.117	25.60	28.98	499.7	1699	4	99.94	0.704	-0.252	0.115	0.00522	0.0195	0.000926	1.0	-0.22	2.74	1.00	0.00	0.16	111115
20	"11:50:43"	95.0	0	3.81	0.0459	248	1.09	2.36	26.47	6	1.42	1	2.84	28.17	26.47	30.14	399.97	394.87	9.821	11.117	25.60	28.98	499.7	1699	4	99.94	0.704	-0.252	0.115	0.00522	0.0195	0.000926	1.0	-0.22	2.74	1.00	0.00	0.16	111115
21	"11:50:43"	95.5	0	3.83	0.0461	248	1.09	2.36	26.47	6	1.42	1	2.84	28.17	26.47	30.14	399.94	394.82	9.820	11.120	25.60	28.99	499.8	1699	4	99.94	0.704	-0.252	0.115	0.00522	0.0195	0.000926	1.0	-0.22	2.74	1.00	0.00	0.16	111115
22	"11:52:01"	174.0	0	3.76	0.046	250	1.09	2.35	26.45	6	1.42	1	2.84	28.17	26.45	30.13	399.98	394.95	9.839	11.133	25.66	29.03	499.7	1700	4	99.94	0.704	-0.252	0.115	0.00522	0.0195	0.000926	1.0	-0.22	2.74	1.00	0.00	0.16	111115
23	"11:52:02"	174.5	0	3.71	0.0458	251	1.09	2.35	26.45	6	1.42	1	2.84	28.17	26.45	30.13	400.00	395.03	9.839	11.130	25.66	29.03	499.7	1700	4	99.94	0.704	-0.252	0.115	0.00522	0.0195	0.000926	1.0	-0.22	2.74	1.00	0.00	0.16	111115
24	"11:52:02"	174.5	0	3.71	0.0458	251	1.09	2.35	26.45	6	1.42	1	2.84	28.17	26.45	30.13	400.00	395.03	9.839	11.130	25.66	29.03	499.7	1700	4	99.94	0.704	-0.252	0.115	0.00522	0.0195	0.000926	1.0	-0.22	2.74	1.00	0.00	0.16	111115
25	"11:52:02"	175.0	0	3.72	0.0458	251	1.09	2.35	26.46	6	1.42	1	2.84	28.17	26.46	30.13	399.98	395.00	9.839	11.131	25.66	29.03	499.7	1700	4	99.94	0.704	-0.252	0.115	0.00522	0.0195	0.000926	1.0	-0.22	2.74	1.00	0.00	0.16	111115
26	"11:52:03"	175.5	0	3.63	0.0458	254	1.09	2.36	26.46	6	1.42	1	2.84	28.17	26.46	30.13	399.97	395.11	9.839	11.129	25.66	29.02	499.7	1700	4	99.94	0.704	-0.252	0.115	0.00522	0.0195	0.000926	1.0	-0.22	2.74	1.00	0.00	0.16	111115
27	"11:52:03"	176.0	0	3.57	0.0458	256	1.09	2.35	26.45	6	1.42	1	2.84	28.17	26.45	30.13	399.94	395.14	9.839	11.128	25.66	29.02	499.7	1700	4	99.94	0.704	-0.252	0.115	0.00522	0.0195	0.000926	1.0	-0.22	2.74	1.00	0.00	0.16	111115
28	"11:52:04"	176.5	0	3.46	0.046	261	1.09	2.35	26.45	6	1.42	1	2.84	28.17	26.45	30.13	399.92	395.25	9.839	11.135	25.66	29.04	499.8	1700	4	99.94	0.704	-0.252	0.115	0.00522	0.0195	0.000926	1.0	-0.22	2.74	1.00	0.00	0.16	111115
29	"11:52:04"	176.5	0	3.46	0.046	261	1.09	2.35	26.45	6	1.42	1	2.84	28.17	26.45	30.13	399.92	395.25	9.839	11.135	25.66	29.04	499.8	1700	4	99.94	0.704	-0.252	0.115	0.00522	0.0195	0.000926	1.0	-0.22	2.74	1.00	0.00	0.16	111115
30	"11:52:04"	177.0	0	3.49	0.0461	260	1.09	2.35	26.45	6	1.42	1	2.84	28.17	26.45	30.13	399.92	395.21	9.840	11.137	25.66	29.04	499.8	1700	4	99.94	0.704	-0.252	0.115	0.00522	0.0195	0.000926	1.0	-0.22	2.74	1.00	0.00	0.16	111115
31	"11:52:05"	177.5	0	3.53	0.0459	258	1.09	2.35	26.46	6	1.42	1	2.84	28.17	26.46	30.13	399.93	395.17	9.841	11.135	25.66	29.04	499.8	1700	4	99.94	0.704	-0.252	0.115	0.00522	0.0195	0.000926	1.0	-0.22	2.74	1.00	0.00	0.16	111115
32	"11:52:05"	178.0	0	3.61	0.0456	254	1.08	2.36	26.46	6	1.42	1	2.84	28.17	26.46	30.13	399.93	395.09	9.842	11.129	25.66	29.02	499.7	1700	4	99.93	0.704	-0.252	0.115	0.00522	0.0195	0.000926	1.0	-0.22	2.74	1.00	0.00	0.16	111115
33	"11:52:05"	178.0	0	3.61	0.0456	254	1.08	2.36	26.46	6	1.42	1	2.84	28.17	26.46	30.13	399.93	395.09	9.842	11.129	25.66	29.02	499.7	1700	4	99.93	0.704	-0.252	0.115	0.00522	0.0195	0.000926	1.0	-0.22	2.74	1.00	0.00	0.16	111115
34	"11:52:06"	178.5	0	3.71	0.0457	251	1.09	2.35	26.46	6	1.42	1	2.84	28.17	26.46	30.13	399.94	394.98	9.841	11.130	25.66	29.02	499.7	1700	4	99.93	0.704	-0.252	0.115	0.00522	0.0195	0.000926	1.0	-0.22	2.74	1.00	0.00	0.16	111115
35	"11:52:06"	179.0	0	3.68	0.0457	252	1.08	2.35	26.45	6	1.42	1	2.84	28.17	26.45	30.13	399.96	395.03	9.842	11.129	25.66	29.02	499.7	1700	4	99.93	0.704	-0.252	0.115	0.00522	0.0195	0.000926	1.0	-0.22	2.74	1.00	0.00	0.16	111115
36	"11:52:07"	179.5	0	3.74	0.0458	250	1.09	2.35	26.45	6	1.42	1	2.84	28.17	26.45	30.13	399.97	394.97	9.841	11.132	25.66	29.03	499.7	1700	4	99.93	0.704	-0.252	0.115	0.00522	0.0195	0.000926	1.0	-0.22	2.74	1.00	0.00	0.16	111115
37	"11:52:07"	180.0	0	3.73	0.0458	251	1.09	2.36	26.46	6	1.42	1	2.84	28.17	26.46	30.13	400.02	395.03	9.841	11.132	25.66	29.03	499.7	1699	4	99.93	0.704	-0.252	0.115	0.00522	0.0195	0.000926	1.0	-0.22	2.74	1.00	0.00	0.16	111115
38	"11:52:07"	180.0	0	3.73	0.0458	251	1.09	2.36	26.46	6	1.42	1	2.84	28.17	26.46	30.13	400.02	395.03	9.841	11.132	25.66	29.03	499.7	1699	4	99.93	0.704	-0.252	0.115	0.00522	0.0195	0.000926	1.0	-0.22	2.74	1.00	0.00	0.16	111115
39	"11:52:08"	180.5	0	3.82	0.0458	247	1.09	2.36	26.46	6	1.42	1	2.84	28.17	26.46	30.13	400.02	394.92	9.841	11.132	25.66	29.02	499.7	1699	4	99.93	0.704	-0.252	0.115	0.00522	0.0195	0.000926	1.0	-0.22	2.74	1.00	0.00	0.16	111115
40	"11:52:08"	181.0	0	3.78	0.0457	248	1.09	2.36	26.46	6	1.42	1	2.84	28.17	26.46	30.12	400.03	394.98	9.841	11.129	25.66	29.02	499.8	1699	4	99.93	0.704	-0.252	0.115	0.00522	0.0195	0.000926	1.0	-0.22	2.74	1.00	0.00	0.16	111115
"11:53:22 Coolers: Tblock -> 35.00 C"
"11:58:10 Flow: Fixed -> 500 umol/s"
41	"11:58:12"	545.0	0	2.55	0.0409	279	1.17	2.82	28.69	6	1.42	1	2.84	32.21	28.69	35.13	399.39	395.78	9.960	11.345	20.60	23.46	499.7	1699	4	99.94	-0.0694	-0.262	0.105	0.00384	0.0715	0.00186	1.0	-0.22	2.74	1.00	0.00	0.16	111115
42	"11:58:13"	545.0	0	2.55	0.0409	279	1.17	2.82	28.69	6	1.42	1	2.84	32.21	28.69	35.13	399.39	395.78	9.960	11.345	20.60	23.46	499.7	1699	4	99.94	-0.0694	-0.262	0.105	0.00384	0.0715	0.00186	1.0	-0.22	2.74	1.00	0.00	0.16	111115
43	"11:58:13"	545.0	0	2.55	0.0409	279	1.17	2.82	28.69	6	1.42	1	2.84	32.21	28.69	35.13	399.39	395.78	9.960	11.345	20.60	23.46	499.7	1699	4	99.94	-0.0694	-0.262	0.105	0.00384	0.0715	0.00186	1.0	-0.22	2.74	1.00	0.00	0.16	111115
44	"11:58:13"	545.5	0	2.67	0.0419	277	1.19	2.82	28.70	6	1.42	1	2.84	32.21	28.70	35.13	399.54	395.77	9.931	11.348	20.54	23.47	499.7	1699	4	99.94	-0.0694	-0.262	0.105	0.00384	0.0715	0.00186	1.0	-0.22	2.74	1.00	0.00	0.16	111115
45	"11:58:14"	546.0	0	2.89	0.0425	270	1.21	2.82	28.70	6	1.42	1	2.84	32.21	28.70	35.13	399.66	395.61	9.913	11.351	20.50	23.47	499.7	1699	4	99.94	-0.0694	-0.262	0.105	0.00384	0.0715	0.00186	1.0	-0.22	2.74	1.00	0.00	0.16	111115
46	"11:58:14"	546.5	0	2.97	0.0429	268	1.22	2.82	28.70	6	1.42	1	2.84	32.21	28.70	35.13	399.74	395.60	9.899	11.350	20.47	23.47	499.7	1699	4	99.94	-0.0694	-0.262	0.105	0.00384	0.0715	0.00186	0.7	-0.22	2.74	1.00	0.00	0.16	111115
47	"11:58:14"	546.5	0	2.97	0.0429	268	1.22	2.82	28.70	6	1.42	1	2.84	32.21	28.70	35.13	399.74	395.60	9.899	11.350	20.47	23.47	499.7	1699	4	99.94	-0.0694	-0.262	0.105	0.00384	0.0715	0.00186	0.7	-0.22	2.74	1.00	0.00	0.16	111115
48	"11:58:15"	547.0	0	3.01	0.0431	267	1.23	2.82	28.70	6	1.42	1	2.84	32.21	28.70	35.13	399.82	395.62	9.890	11.349	20.45	23.47	499.7	1699	4	99.94	-0.0694	-0.262	0.105	0.00384	0.0715	0.00186	0.7	-0.22	2.74	1.00	0.00	0.16	111115
49	"11:58:15"	547.5	0	3.14	0.0449	267	1.28	2.82	28.70	6	1.42	1	2.84	32.21	28.70	35.12	400.01	395.63	9.828	11.347	20.32	23.46	499.7	1699	4	99.94	-0.0694	-0.262	0.105	0.00384	0.0715	0.00186	0.7	-0.22	2.74	1.00	0.00	0.16	111115
50	"11:58:15"	547.5	0	3.14	0.0449	267	1.28	2.82	28.70	6	1.42	1	2.84	32.21	28.70	35.12	400.01	395.63	9.828	11.347	20.32	23.46	499.7	1699	4	99.94	-0.0694	-0.262	0.105	0.00384	0.0715	0.00186	0.7	-0.22	2.74	1.00	0.00	0.16	111115
51	"11:58:16"	548.0	0	3.13	0.045	267	1.28	2.82	28.70	6	1.42	1	2.84	32.22	28.70	35.12	400.06	395.68	9.821	11.343	20.30	23.45	499.7	1699	4	99.94	-0.0694	-0.262	0.105	0.00384	0.0715	0.00186	0.7	-0.22	2.74	1.00	0.00	0.16	111115
52	"11:58:16"	548.5	0	3.24	0.045	264	1.28	2.82	28.71	6	1.42	1	2.84	32.22	28.71	35.12	400.15	395.65	9.820	11.343	20.30	23.45	499.7	1699	4	99.94	-0.0694	-0.262	0.105	0.00384	0.0715	0.00186	0.7	-0.22	2.74	1.00	0.00	0.16	111115
53	"11:58:17"	549.0	0	3.38	0.0449	258	1.28	2.82	28.71	6	1.42	1	2.84	32.22	28.71	35.12	400.23	395.56	9.819	11.340	20.30	23.44	499.7	1699	4	99.94	-0.0694	-0.262	0.105	0.00384	0.0715	0.00186	0.7	-0.22	2.74	1.00	0.00	0.16	111115
54	"11:58:17"	549.0	0	3.38	0.0449	258	1.28	2.82	28.71	6	1.42	1	2.84	32.22	28.71	35.12	400.23	395.56	9.819	11.340	20.30	23.44	499.7	1699	4	99.94	-0.0694	-0.262	0.105	0.00384	0.0715	0.00186	0.7	-0.22	2.74	1.00	0.00	0.16	111115
55	"11:58:17"	549.5	0	3.47	0.0448	255	1.28	2.82	28.71	6	1.42	1	2.84	32.22	28.71	35.12	400.25	395.47	9.819	11.336	20.30	23.43	499.7	1699	4	99.94	-0.0694	-0.262	0.105	0.00384	0.0715	0.00186	0.7	-0.22	2.74	1.00	0.00	0.16	111115
56	"11:58:18"	550.0	0	3.51	0.0448	253	1.28	2.82	28.72	6	1.42	1	2.84	32.22	28.72	35.12	400.27	395.46	9.818	11.334	20.29	23.42	499.7	1699	4	99.94	-0.0694	-0.262	0.105	0.00384	0.0715	0.00186	0.7	-0.22	2.74	1.00	0.00	0.16	111115
57	"11:58:18"	550.0	0	3.51	0.0448	253	1.28	2.82	28.72	6	1.42	1	2.84	32.22	28.72	35.12	400.27	395.46	9.818	11.334	20.29	23.42	499.7	1699	4	99.94	-0.0694	-0.262	0.105	0.00384	0.0715	0.00186	0.7	-0.22	2.74	1.00	0.00	0.16	111115
58	"11:58:18"	550.5	0	3.45	0.0448	255	1.28	2.82	28.72	6	1.42	1	2.84	32.22	28.72	35.11	400.27	395.52	9.818	11.335	20.29	23.43	499.7	1699	4	99.94	-0.0694	-0.262	0.105	0.00384	0.0715	0.00186	0.7	-0.22	2.74	1.00	0.00	0.16	111115
59	"11:58:19"	551.0	0	3.47	0.0448	255	1.28	2.82	28.72	6	1.42	1	2.84	32.23	28.72	35.11	400.22	395.44	9.817	11.336	20.29	23.43	499.7	1699	4	99.94	-0.0694	-0.262	0.105	0.00384	0.0715	0.00186	0.7	-0.22	2.74	1.00	0.00	0.16	111115
60	"11:58:19"	551.5	0	3.4	0.0448	257	1.28	2.83	28.72	6	1.42	1	2.84	32.23	28.72	35.11	400.17	395.48	9.817	11.335	20.29	23.42	499.7	1699	4	99.94	-0.0694	-0.262	0.105	0.00384	0.0715	0.00186	0.7	-0.22	2.74	1.00	0.00	0.16	111115
61	"11:58:19"	551.5	0	3.4	0.0448	257	1.28	2.83	28.72	6	1.42	1	2.84	32.23	28.72	35.11	400.17	395.48	9.817	11.335	20.29	23.42	499.7	1699	4	99.94	-0.0694	-0.262	0.105	0.00384	0.0715	0.00186	0.7	-0.22	2.74	1.00	0.00	0.16	111115
62	"11:58:20"	552.0	0	3.48	0.0449	255	1.28	2.83	28.73	6	1.42	1	2.84	32.23	28.73	35.11	400.21	395.42	9.816	11.338	20.28	23.43	499.7	1699	4	99.94	-0.0694	-0.262	0.105	0.00384	0.0715	0.00186	0.7	-0.22	2.74	1.00	0.00	0.16	111115
63	"11:58:53"	585.0	0	3.33	0.0449	260	1.3	2.87	28.91	6	1.42	1	2.84	32.31	28.91	35.14	400.22	395.61	9.815	11.360	20.18	23.36	499.7	1699	4	99.94	-0.0694	-0.262	0.105	0.00384	0.0715	0.00186	0.7	-0.22	2.74	1.00	0.00	0.16	111115
64	"11:58:53"	585.0	0	3.33	0.0449	260	1.3	2.87	28.91	6	1.42	1	2.84	32.31	28.91	35.14	400.22	395.61	9.815	11.360	20.18	23.36	499.7	1699	4	99.94	-0.0694	-0.262	0.105	0.00384	0.0715	0.00186	0.7	-0.22	2.74	1.00	0.00	0.16	111115
65	"11:58:53"	585.5	0	3.21	0.045	264	1.3	2.87	28.91	6	1.42	1	2.84	32.31	28.91	35.14	400.18	395.70	9.815	11.361	20.18	23.36	499.8	1699	4	99.94	-0.0694	-0.262	0.105	0.00384	0.0715	0.00186	0.7	-0.22	2.74	1.00	0.00	0.16	111115
66	"11:58:54"	586.0	0	3.18	0.0449	265	1.3	2.86	28.91	6	1.42	1	2.84	32.32	28.91	35.14	400.16	395.72	9.816	11.358	20.18	23.35	499.8	1699	4	99.94	-0.0694	-0.262	0.105	0.00384	0.0715	0.00186	0.7	-0.22	2.74	1.00	0.00	0.16	111115
67	"11:58:54"	586.0	0	3.18	0.0449	265	1.3	2.86	28.91	6	1.42	1	2.84	32.32	28.91	35.14	400.16	395.72	9.816	11.358	20.18	23.35	499.8	1699	4	99.94	-0.0694	-0.262	0.105	0.00384	0.0715	0.00186	0.7	-0.22	2.74	1.00	0.00	0.16	111115
68	"11:58:54"	586.5	0	3.21	0.0447	264	1.3	2.87	28.91	6	1.42	1	2.84	32.32	28.91	35.14	400.15	395.68	9.816	11.354	20.18	23.34	499.8	1699	4	99.94	-0.0694	-0.262	0.105	0.00384	0.0715	0.00186	0.7	-0.22	2.74	1.00	0.00	0.16	111115
69	"11:58:55"	587.0	0	3.29	0.0447	261	1.29	2.87	28.91	6	1.42	1	2.84	32.32	28.91	35.14	400.23	395.67	9.816	11.352	20.18	23.33	499.8	1699	4	99.94	-0.0694	-0.262	0.105	0.00384	0.0715	0.00186	0.7	-0.22	2.74	1.00	0.00	0.16	111115
70	"11:58:55"	587.5	0	3.34	0.0447	259	1.3	2.87	28.91	6	1.42	1	2.84	32.32	28.91	35.14	400.22	395.60	9.816	11.354	20.17	23.33	499.8	1699	4	99.94	-0.0694	-0.262	0.105	0.00384	0.0715	0.00186	0.7	-0.22	2.74	1.00	0.00	0.16	111115
71	"11:58:55"	587.5	0	3.34	0.0447	259	1.3	2.87	28.91	6	1.42	1	2.84	32.32	28.91	35.14	400.22	395.60	9.816	11.354	20.17	23.33	499.8	1699	4	99.94	-0.0694	-0.262	0.105	0.00384	0.0715	0.00186	0.7	-0.22	2.74	1.00	0.00	0.16	111115
72	"11:58:56"	588.0	0	3.28	0.0448	262	1.3	2.87	28.92	6	1.42	1	2.84	32.32	28.92	35.14	400.22	395.67	9.816	11.359	20.17	23.34	499.8	1699	4	99.94	-0.0694	-0.262	0.105	0.00384	0.0715	0.00186	0.7	-0.22	2.74	1.00	0.00	0.16	111115
73	"11:58:56"	588.5	0	3.29	0.0449	261	1.3	2.87	28.92	6	1.42	1	2.84	32.33	28.92	35.14	400.20	395.63	9.816	11.361	20.17	23.34	499.8	1699	4	99.94	-0.0694	-0.262	0.105	0.00384	0.0715	0.00186	0.7	-0.22	2.74	1.00	0.00	0.16	111115
74	"11:58:57"	589.0	0	3.33	0.0448	260	1.3	2.87	28.92	6	1.42	1	2.84	32.33	28.92	35.14	400.20	395.59	9.816	11.358	20.17	23.34	499.8	1699	4	99.94	-0.0694	-0.262	0.105	0.00384	0.0715	0.00186	0.7	-0.22	2.74	1.00	0.00	0.16	111115
75	"11:58:57"	589.0	0	3.33	0.0448	260	1.3	2.87	28.92	6	1.42	1	2.84	32.33	28.92	35.14	400.20	395.59	9.816	11.358	20.17	23.34	499.8	1699	4	99.94	-0.0694	-0.262	0.105	0.00384	0.0715	0.00186	0.7	-0.22	2.74	1.00	0.00	0.16	111115
76	"11:58:57"	589.5	0	3.32	0.0449	260	1.3	2.87	28.92	6	1.42	1	2.84	32.33	28.92	35.15	400.22	395.62	9.815	11.360	20.16	23.34	499.8	1699	4	99.94	-0.0694	-0.262	0.105	0.00384	0.0715	0.00186	0.7	-0.22	2.74	1.00	0.00	0.16	111115
77	"11:58:58"	590.0	0	3.26	0.045	263	1.31	2.87	28.93	6	1.42	1	2.84	32.33	28.93	35.15	400.19	395.65	9.814	11.364	20.16	23.34	499.8	1699	4	99.94	-0.0694	-0.262	0.105	0.00384	0.0715	0.00186	0.7	-0.22	2.74	1.00	0.00	0.16	111115
78	"11:58:58"	590.5	0	3.27	0.045	262	1.31	2.87	28.93	6	1.42	1	2.84	32.33	28.93	35.15	400.21	395.67	9.814	11.364	20.16	23.34	499.7	1699	4	99.94	-0.0694	-0.262	0.105	0.00384	0.0715	0.00186	0.7	-0.22	2.74	1.00	0.00	0.16	111115
79	"11:58:58"	590.5	0	3.27	0.045	262	1.31	2.87	28.93	6	1.42	1	2.84	32.33	28.93	35.15	400.21	395.67	9.814	11.364	20.16	23.34	499.7	1699	4	99.94	-0.0694	-0.262	0.105	0.00384	0.0715	0.00186	0.7	-0.22	2.74	1.00	0.00	0.16	111115
80	"11:58:59"	591.0	0	3.25	0.0449	263	1.3	2.87	28.94	6	1.42	1	2.84	32.33	28.94	35.16	400.23	395.71	9.814	11.362	20.16	23.34	499.7	1699	4	99.94	-0.0694	-0.262	0.105	0.00384	0.0715	0.00186	0.7	-0.22	2.74	1.00	0.00	0.16	111115
"11:59:49 Coolers: Tblock -> 40.00 C"
"12:01:39 Flow: Fixed -> 500 umol/s"
81	"12:01:41"	754.0	0	2.78	0.0415	270	1.37	3.25	30.58	6	1.42	1	2.84	36.10	30.58	40.16	399.61	395.63	9.984	11.606	16.62	19.32	499.8	1699	3	99.94	0.168	-0.273	0.111	0.00839	0.029	0.00423	1.0	-0.22	2.74	1.00	0.00	0.16	111115
82	"12:01:42"	754.0	0	2.78	0.0415	270	1.37	3.25	30.58	6	1.42	1	2.84	36.10	30.58	40.16	399.61	395.63	9.984	11.606	16.62	19.32	499.8	1699	3	99.94	0.168	-0.273	0.111	0.00839	0.029	0.00423	1.0	-0.22	2.74	1.00	0.00	0.16	111115
83	"12:01:42"	754.5	0	2.74	0.0425	274	1.4	3.25	30.59	6	1.42	1	2.84	36.10	30.59	40.16	399.68	395.73	9.953	11.613	16.57	19.33	499.8	1699	4	99.94	0.168	-0.273	0.111	0.00839	0.029	0.00423	1.0	-0.22	2.74	1.00	0.00	0.16	111115
84	"12:01:42"	754.5	0	2.74	0.0425	274	1.4	3.25	30.59	6	1.42	1	2.84	36.10	30.59	40.16	399.68	395.73	9.953	11.613	16.57	19.33	499.8	1699	4	99.94	0.168	-0.273	0.111	0.00839	0.029	0.00423	1.0	-0.22	2.74	1.00	0.00	0.16	111115
85	"12:01:43"	755.0	0	2.77	0.0431	274	1.42	3.25	30.59	6	1.42	1	2.84	36.11	30.59	40.16	399.73	395.73	9.930	11.613	16.53	19.33	499.8	1699	4	99.94	0.168	-0.273	0.111	0.00839	0.029	0.00423	1.0	-0.22	2.74	1.00	0.00	0.16	111115
86	"12:01:43"	755.5	0	2.75	0.0434	275	1.43	3.25	30.59	6	1.42	1	2.84	36.11	30.59	40.16	399.78	395.81	9.916	11.612	16.51	19.33	499.8	1699	4	99.94	0.168	-0.273	0.111	0.00839	0.029	0.00423	1.0	-0.22	2.74	1.00	0.00	0.16	111115
87	"12:01:44"	756.0	0	2.77	0.0438	275	1.44	3.25	30.59	6	1.42	1	2.84	36.11	30.59	40.16	399.82	395.80	9.904	11.613	16.49	19.33	499.7	1699	4	99.94	0.168	-0.273	0.111	0.00839	0.029	0.00423	1.0	-0.22	2.74	1.00	0.00	0.16	111115
88	"12:01:44"	756.0	0	2.77	0.0438	275	1.44	3.25	30.59	6	1.42	1	2.84	36.11	30.59	40.16	399.82	395.80	9.904	11.613	16.49	19.33	499.7	1699	4	99.94	0.168	-0.273	0.111	0.00839	0.029	0.00423	1.0	-0.22	2.74	1.00	0.00	0.16	111115
89	"12:01:44"	756.5	0	2.88	0.0455	275	1.5	3.25	30.59	6	1.42	1	2.84	36.11	30.59	40.15	400.00	395.83	9.834	11.609	16.37	19.32	499.7	1699	4	99.94	0.168	-0.273	0.111	0.00839	0.029	0.00423	1.0	-0.22	2.74	1.00	0.00	0.16	111115
90	"12:01:45"	757.0	0	2.85	0.0457	277	1.5	3.25	30.60	6	1.42	1	2.84	36.12	30.60	40.15	400.01	395.87	9.826	11.611	16.35	19.32	499.8	1699	4	99.94	0.168	-0.273	0.111	0.00839	0.029	0.00423	1.0	-0.22	2.74	1.00	0.00	0.16	111115
91	"12:01:45"	757.5	0	2.79	0.0458	279	1.51	3.25	30.60	6	1.42	1	2.84	36.12	30.60	40.15	399.99	395.92	9.823	11.614	16.34	19.32	499.7	1699	4	99.94	0.168	-0.273	0.111	0.00839	0.029	0.00423	1.0	-0.22	2.74	1.00	0.00	0.16	111115
92	"12:01:45"	757.5	0	2.79	0.0458	279	1.51	3.25	30.60	6	1.42	1	2.84	36.12	30.60	40.15	399.99	395.92	9.823	11.614	16.34	19.32	499.7	1699	4	99.94	0.168	-0.273	0.111	0.00839	0.029	0.00423	1.0	-0.22	2.74	1.00	0.00	0.16	111115
93	"12:01:46"	758.0	0	2.84	0.0458	277	1.51	3.25	30.60	6	1.42	1	2.84	36.12	30.60	40.14	400.01	395.89	9.823	11.611	16.34	19.31	499.7	1699	4	99.94	0.168	-0.273	0.111	0.00839	0.029	0.00423	1.0	-0.22	2.74	1.00	0.00	0.16	111115
94	"12:01:46"	758.5	0	2.91	0.0457	275	1.5	3.25	30.61	6	1.42	1	2.84	36.12	30.61	40.14	400.06	395.86	9.823	11.607	16.33	19.30	499.7	1699	4	99.94	0.168	-0.273	0.111	0.00839	0.029	0.00423	1.0	-0.22	2.74	1.00	0.00	0.16	111115
95	"12:01:46"	758.5	0	2.91	0.0457	275	1.5	3.25	30.61	6	1.42	1	2.84	36.12	30.61	40.14	400.06	395.86	9.823	11.607	16.33	19.30	499.7	1699	4	99.94	0.168	-0.273	0.111	0.00839	0.029	0.00423	1.0	-0.22	2.74	1.00	0.00	0.16	111115
96	"12:01:47"	759.0	0	2.9	0.0456	275	1.5	3.25	30.61	6	1.42	1	2.84	36.13	30.61	40.14	400.07	395.87	9.823	11.607	16.33	19.30	499.7	1699	4	99.94	0.168	-0.273	0.111	0.00839	0.029	0.00423	1.0	-0.22	2.74	1.00	0.00	0.16	111115
97	"12:01:47"	759.5	0	2.97	0.0457	272	1.51	3.25	30.62	6	1.42	1	2.84	36.13	30.62	40.14	400.07	395.79	9.822	11.609	16.33	19.30	499.7	1699	4	99.94	0.168	-0.273	0.111	0.00839	0.029	0.00423	1.0	-0.22	2.74	1.00	0.00	0.16	111115
98	"12:01:48"	760.0	0	2.98	0.0456	272	1.5	3.26	30.63	6	1.42	1	2.84	36.14	30.63	40.14	400.04	395.75	9.822	11.606	16.32	19.29	499.7	1699	4	99.94	0.168	-0.273	0.111	0.00839	0.029	0.00423	1.0	-0.22	2.74	1.00	0.00	0.16	111115
99	"12:01:48"	760.5	0	3.06	0.0456	269	1.51	3.26	30.63	6	1.42	1	2.84	36.14	30.63	40.14	400.05	395.66	9.822	11.609	16.32	19.29	499.7	1699	4	99.94	0.168	-0.273	0.111	0.00839	0.029	0.00423	1.0	-0.22	2.74	1.00	0.00	0.16	111115
100	"12:01:49"	761.0	0	3.06	0.0458	270	1.51	3.26	30.63	6	1.42	1	2.84	36.14	30.63	40.14	400.06	395.67	9.822	11.614	16.32	19.29	499.7	1699	4	99.94	0.168	-0.273	0.111	0.00839	0.029	0.00423	1.0	-0.22	2.74	1.00	0.00	0.16	111115
101	"12:01:49"	761.5	0	3.04	0.0458	270	1.51	3.26	30.63	6	1.42	1	2.84	36.15	30.63	40.14	400.07	395.70	9.822	11.614	16.31	19.29	499.7	1699	4	99.94	0.168	-0.273	0.111	0.00839	0.029	0.00423	1.0	-0.22	2.74	1.00	0.00	0.16	111115
"12:02:37 Coolers: Tblock -> 45.00 C"
"12:06:47 Flow: Fixed -> 500 umol/s"
102	"12:06:48"	1061.0	0	1.87	0.0381	294	1.59	4.08	33.81	6	1.42	1	2.84	40.88	33.81	45.19	399.43	396.42	10.162	12.045	13.07	15.49	499.7	1699	3	99.95	0.323	-0.283	0.0981	0.00589	0.0554	0.00484	1.0	-0.22	2.74	1.00	0.00	0.16	111115
103	"12:06:49"	1061.0	0	1.87	0.0381	294	1.59	4.08	33.81	6	1.42	1	2.84	40.88	33.81	45.19	399.43	396.42	10.162	12.045	13.07	15.49	499.7	1699	3	99.95	0.323	-0.283	0.0981	0.00589	0.0554	0.00484	1.0	-0.22	2.74	1.00	0.00	0.16	111115
104	"12:06:49"	1061.0	0	1.87	0.0381	294	1.59	4.08	33.81	6	1.42	1	2.84	40.88	33.81	45.19	399.43	396.42	10.162	12.045	13.07	15.49	499.7	1699	3	99.95	0.323	-0.283	0.0981	0.00589	0.0554	0.00484	1.0	-0.22	2.74	1.00	0.00	0.16	111115
105	"12:06:49"	1061.5	0	1.85	0.0406	299	1.69	4.08	33.80	6	1.42	1	2.84	40.89	33.80	45.18	399.62	396.59	10.041	12.043	12.91	15.49	499.7	1698	3	99.95	0.323	-0.283	0.0981	0.00589	0.0554	0.00484	1.0	-0.22	2.74	1.00	0.00	0.16	111115
106	"12:06:50"	1062.0	0	2.03	0.0418	295	1.74	4.08	33.79	6	1.42	1	2.84	40.89	33.79	45.18	399.74	396.48	9.976	12.039	12.83	15.48	499.7	1698	3	99.95	0.323	-0.283	0.0981	0.00589	0.0554	0.00484	1.0	-0.22	2.74	1.00	0.00	0.16	111115
107	"12:06:50"	1062.5	0	2.14	0.0427	292	1.77	4.08	33.79	6	1.42	1	2.84	40.89	33.79	45.18	399.85	396.43	9.937	12.040	12.78	15.48	499.7	1698	3	99.95	0.323	-0.283	0.0981	0.00589	0.0554	0.00484	1.0	-0.22	2.74	1.00	0.00	0.16	111115
108	"12:06:51"	1062.5	0	2.14	0.0427	292	1.77	4.08	33.79	6	1.42	1	2.84	40.89	33.79	45.18	399.85	396.43	9.937	12.040	12.78	15.48	499.7	1698	3	99.95	0.323	-0.283	0.0981	0.00589	0.0554	0.00484	1.0	-0.22	2.74	1.00	0.00	0.16	111115
109	"12:06:51"	1063.0	0	2.15	0.0433	293	1.8	4.08	33.79	6	1.42	1	2.84	40.89	33.79	45.18	399.94	396.50	9.911	12.044	12.75	15.49	499.7	1698	3	99.95	0.323	-0.283	0.0981	0.00589	0.0554	0.00484	1.0	-0.22	2.74	1.00	0.00	0.16	111115
110	"12:06:51"	1063.5	0	2.15	0.0437	294	1.81	4.08	33.79	6	1.42	1	2.84	40.89	33.79	45.18	399.95	396.51	9.893	12.045	12.72	15.49	499.7	1698	3	99.95	0.323	-0.283	0.0981	0.00589	0.0554	0.00484	1.0	-0.22	2.74	1.00	0.00	0.16	111115
111	"12:06:52"	1064.0	0	2.08	0.044	297	1.83	4.08	33.79	6	1.42	1	2.84	40.89	33.79	45.18	399.97	396.60	9.878	12.046	12.70	15.49	499.7	1699	3	99.95	0.323	-0.283	0.0981	0.00589	0.0554	0.00484	1.0	-0.22	2.74	1.00	0.00	0.16	111115
112	"12:06:52"	1064.0	0	2.08	0.044	297	1.83	4.08	33.79	6	1.42	1	2.84	40.89	33.79	45.18	399.97	396.60	9.878	12.046	12.70	15.49	499.7	1699	3	99.95	0.323	-0.283	0.0981	0.00589	0.0554	0.00484	1.0	-0.22	2.74	1.00	0.00	0.16	111115
113	"12:06:52"	1064.5	0	2.16	0.0459	297	1.9	4.08	33.79	6	1.42	1	2.84	40.89	33.79	45.18	400.13	396.63	9.792	12.051	12.59	15.50	499.7	1699	4	99.95	0.323	-0.283	0.0981	0.00589	0.0554	0.00484	1.0	-0.22	2.74	1.00	0.00	0.16	111115
114	"12:06:53"	1065.0	0	2.09	0.0461	300	1.91	4.08	33.79	6	1.42	1	2.84	40.89	33.79	45.18	400.12	396.69	9.784	12.053	12.58	15.50	499.7	1699	4	99.95	0.323	-0.283	0.0981	0.00589	0.0554	0.00484	1.0	-0.22	2.74	1.00	0.00	0.16	111115
115	"12:06:53"	1065.5	0	2.17	0.0462	297	1.92	4.08	33.80	6	1.42	1	2.84	40.89	33.80	45.18	400.14	396.62	9.781	12.057	12.57	15.50	499.7	1699	4	99.95	0.323	-0.283	0.0981	0.00589	0.0554	0.00484	1.0	-0.22	2.74	1.00	0.00	0.16	111115
116	"12:06:53"	1065.5	0	2.17	0.0462	297	1.92	4.08	33.80	6	1.42	1	2.84	40.89	33.80	45.18	400.14	396.62	9.781	12.057	12.57	15.50	499.7	1699	4	99.95	0.323	-0.283	0.0981	0.00589	0.0554	0.00484	1.0	-0.22	2.74	1.00	0.00	0.16	111115
117	"12:06:54"	1066.0	0	2.08	0.0464	301	1.92	4.08	33.80	6	1.42	1	2.84	40.89	33.80	45.18	400.13	396.72	9.781	12.062	12.57	15.51	499.7	1699	4	99.95	0.323	-0.283	0.0981	0.00589	0.0554	0.00484	1.0	-0.22	2.74	1.00	0.00	0.16	111115
118	"12:06:54"	1066.5	0	2.03	0.0463	302	1.92	4.08	33.80	6	1.42	1	2.84	40.90	33.80	45.18	400.11	396.76	9.781	12.062	12.57	15.50	499.7	1699	4	99.95	0.323	-0.283	0.0981	0.00589	0.0554	0.00484	1.0	-0.22	2.74	1.00	0.00	0.16	111115
119	"12:06:55"	1067.0	0	2.03	0.0463	302	1.92	4.08	33.80	6	1.42	1	2.84	40.90	33.80	45.18	400.08	396.73	9.781	12.061	12.57	15.50	499.7	1699	4	99.95	0.323	-0.283	0.0981	0.00589	0.0554	0.00484	1.0	-0.22	2.74	1.00	0.00	0.16	111115
120	"12:06:55"	1067.5	0	1.99	0.0463	303	1.92	4.08	33.80	6	1.42	1	2.84	40.90	33.80	45.18	400.08	396.78	9.780	12.062	12.57	15.50	499.7	1699	4	99.95	0.323	-0.283	0.0981	0.00589	0.0554	0.00484	1.0	-0.22	2.74	1.00	0.00	0.16	111115
121	"12:06:56"	1068.0	0	2.09	0.0463	300	1.92	4.08	33.80	6	1.42	1	2.84	40.90	33.80	45.18	400.09	396.67	9.780	12.062	12.57	15.50	499.7	1699	4	99.95	0.323	-0.283	0.0981	0.00589	0.0554	0.00484	1.0	-0.22	2.74	1.00	0.00	0.16	111115
122	"12:06:56"	1068.0	0	2.09	0.0463	300	1.92	4.08	33.80	6	1.42	1	2.84	40.90	33.80	45.18	400.09	396.67	9.780	12.062	12.57	15.50	499.7	1699	4	99.95	0.323	-0.283	0.0981	0.00589	0.0554	0.00484	1.0	-0.22	2.74	1.00	0.00	0.16	111115
123	"12:06:56"	1068.5	0	2.12	0.0464	299	1.92	4.08	33.80	6	1.42	1	2.84	40.90	33.80	45.18	400.12	396.65	9.778	12.061	12.57	15.50	499.7	1699	4	99.95	0.323	-0.283	0.0981	0.00589	0.0554	0.00484	1.0	-0.22	2.74	1.00	0.00	0.16	111115
124	"12:06:57"	1069.0	0	2.15	0.0463	298	1.92	4.08	33.80	6	1.42	1	2.84	40.90	33.80	45.18	400.14	396.64	9.779	12.060	12.57	15.50	499.7	1699	4	99.95	0.323	-0.283	0.0981	0.00589	0.0554	0.00484	1.0	-0.22	2.74	1.00	0.00	0.16	111115
125	"12:06:57"	1069.0	0	2.15	0.0463	298	1.92	4.08	33.80	6	1.42	1	2.84	40.90	33.80	45.18	400.14	396.64	9.779	12.060	12.57	15.50	499.7	1699	4	99.95	0.323	-0.283	0.0981	0.00589	0.0554	0.00484	1.0	-0.22	2.74	1.00	0.00	0.16	111115
126	"12:06:57"	1069.5	0	2.09	0.0464	300	1.93	4.08	33.80	6	1.42	1	2.84	40.90	33.80	45.18	400.13	396.71	9.778	12.063	12.56	15.50	499.7	1699	4	99.95	0.323	-0.283	0.0981	0.00589	0.0554	0.00484	1.0	-0.22	2.74	1.00	0.00	0.16	111115
127	"12:06:58"	1070.0	0	2.13	0.0464	299	1.93	4.08	33.81	6	1.42	1	2.84	40.90	33.81	45.18	400.12	396.65	9.777	12.061	12.56	15.50	499.7	1699	4	99.95	0.323	-0.283	0.0981	0.00589	0.0554	0.00484	1.0	-0.22	2.74	1.00	0.00	0.16	111115
128	"12:06:58"	1070.5	0	2.16	0.0464	298	1.93	4.08	33.82	6	1.42	1	2.84	40.91	33.82	45.18	400.12	396.62	9.777	12.062	12.56	15.49	499.7	1700	4	99.95	0.323	-0.283	0.0981	0.00589	0.0554	0.00484	1.0	-0.22	2.74	1.00	0.00	0.16	111115
"12:07:26 Coolers: Tblock -> 50.00 C"
"12:18:54 Flow: Fixed -> 500 umol/s"
129	"12:18:55"	1787.5	0	0.646	0.0315	334	1.64	5.08	37.10	6	1.42	1	2.84	45.40	37.10	49.93	399.35	397.79	10.689	12.637	10.85	12.83	499.8	1699	5	99.93	0.189	-0.298	0.0646	0.00664	0.0372	0.00647	1.0	-0.22	2.74	1.00	0.00	0.16	111115
130	"12:18:55"	1787.5	0	0.646	0.0315	334	1.64	5.08	37.10	6	1.42	1	2.84	45.40	37.10	49.93	399.35	397.79	10.689	12.637	10.85	12.83	499.8	1699	5	99.93	0.189	-0.298	0.0646	0.00664	0.0372	0.00647	1.0	-0.22	2.74	1.00	0.00	0.16	111115
131	"12:18:55"	1788.0	0	0.58	0.0374	342	1.95	5.08	37.11	6	1.42	1	2.84	45.40	37.11	49.93	399.53	397.90	10.314	12.626	10.47	12.82	499.8	1699	4	99.93	0.189	-0.298	0.0646	0.00664	0.0372	0.00647	1.0	-0.22	2.74	1.00	0.00	0.16	111115
132	"12:18:56"	1788.5	0	0.745	0.0397	336	2.07	5.08	37.12	6	1.42	1	2.84	45.40	37.12	49.93	399.66	397.77	10.168	12.625	10.33	12.82	499.8	1699	4	99.93	0.189	-0.298	0.0646	0.00664	0.0372	0.00647	1.0	-0.22	2.74	1.00	0.00	0.16	111115
133	"12:18:56"	1789.0	0	0.89	0.0409	332	2.13	5.08	37.12	6	1.42	1	2.84	45.40	37.12	49.93	399.76	397.67	10.093	12.620	10.25	12.82	499.8	1699	4	99.93	0.189	-0.298	0.0646	0.00664	0.0372	0.00647	1.0	-0.22	2.74	1.00	0.00	0.16	111115
134	"12:18:56"	1789.0	0	0.89	0.0409	332	2.13	5.08	37.12	6	1.42	1	2.84	45.40	37.12	49.93	399.76	397.67	10.093	12.620	10.25	12.82	499.8	1699	4	99.93	0.189	-0.298	0.0646	0.00664	0.0372	0.00647	1.0	-0.22	2.74	1.00	0.00	0.16	111115
135	"12:18:57"	1789.5	0	1.06	0.0416	326	2.17	5.09	37.12	6	1.42	1	2.84	45.40	37.12	49.92	399.80	397.49	10.047	12.617	10.20	12.81	499.8	1699	4	99.93	0.189	-0.298	0.0646	0.00664	0.0372	0.00647	1.0	-0.22	2.74	1.00	0.00	0.16	111115
136	"12:18:57"	1790.0	0	1.13	0.0421	324	2.2	5.08	37.12	6	1.42	1	2.84	45.40	37.12	49.92	399.86	397.46	10.017	12.620	10.17	12.81	499.7	1699	4	99.93	0.189	-0.298	0.0646	0.00664	0.0372	0.00647	1.0	-0.22	2.74	1.00	0.00	0.16	111115
137	"12:18:58"	1790.5	0	1.15	0.0424	323	2.21	5.09	37.12	6	1.42	1	2.84	45.41	37.12	49.92	399.88	397.44	9.995	12.618	10.15	12.81	499.7	1699	4	99.93	0.189	-0.298	0.0646	0.00664	0.0372	0.00647	1.0	-0.22	2.74	1.00	0.00	0.16	111115
138	"12:18:58"	1790.5	0	1.15	0.0424	323	2.21	5.09	37.12	6	1.42	1	2.84	45.41	37.12	49.92	399.88	397.44	9.995	12.618	10.15	12.81	499.7	1699	4	99.93	0.189	-0.298	0.0646	0.00664	0.0372	0.00647	1.0	-0.22	2.74	1.00	0.00	0.16	111115
139	"12:18:58"	1791.0	0	1.15	0.0426	323	2.22	5.09	37.12	6	1.42	1	2.84	45.41	37.12	49.92	399.92	397.48	9.979	12.615	10.13	12.81	499.7	1699	4	99.93	0.189	-0.298	0.0646	0.00664	0.0372	0.00647	1.0	-0.22	2.74	1.00	0.00	0.16	111115
140	"12:18:59"	1791.5	0	1.24	0.0443	322	2.31	5.09	37.13	6	1.42	1	2.84	45.41	37.13	49.92	400.02	397.43	9.877	12.616	10.03	12.81	499.7	1699	4	99.93	0.189	-0.298	0.0646	0.00664	0.0372	0.00647	1.0	-0.22	2.74	1.00	0.00	0.16	111115
141	"12:18:59"	1792.0	0	1.3	0.0444	320	2.32	5.09	37.14	6	1.42	1	2.84	45.41	37.14	49.91	400.06	397.39	9.867	12.614	10.02	12.80	499.7	1699	4	99.93	0.189	-0.298	0.0646	0.00664	0.0372	0.00647	1.0	-0.22	2.74	1.00	0.00	0.16	111115
142	"12:18:59"	1792.0	0	1.3	0.0444	320	2.32	5.09	37.14	6	1.42	1	2.84	45.41	37.14	49.91	400.06	397.39	9.867	12.614	10.02	12.80	499.7	1699	4	99.93	0.189	-0.298	0.0646	0.00664	0.0372	0.00647	1.0	-0.22	2.74	1.00	0.00	0.16	111115
143	"12:19:00"	1792.5	0	1.36	0.0444	318	2.32	5.09	37.14	6	1.42	1	2.84	45.41	37.14	49.91	400.09	397.35	9.865	12.611	10.01	12.80	499.7	1699	4	99.93	0.189	-0.298	0.0646	0.00664	0.0372	0.00647	1.0	-0.22	2.74	1.00	0.00	0.16	111115
144	"12:19:00"	1793.0	0	1.3	0.0444	320	2.32	5.09	37.15	6	1.42	1	2.84	45.42	37.15	49.91	400.09	397.43	9.865	12.612	10.01	12.80	499.6	1699	4	99.93	0.189	-0.298	0.0646	0.00664	0.0372	0.00647	1.0	-0.22	2.74	1.00	0.00	0.16	111115
145	"12:19:01"	1793.5	0	1.21	0.0444	323	2.32	5.1	37.15	6	1.42	1	2.84	45.42	37.15	49.91	400.10	397.54	9.865	12.612	10.01	12.80	499.6	1699	4	99.93	0.189	-0.298	0.0646	0.00664	0.0372	0.00647	1.0	-0.22	2.74	1.00	0.00	0.16	111115
146	"12:19:01"	1793.5	0	1.21	0.0444	323	2.32	5.1	37.15	6	1.42	1	2.84	45.42	37.15	49.91	400.10	397.54	9.865	12.612	10.01	12.80	499.6	1699	4	99.93	0.189	-0.298	0.0646	0.00664	0.0372	0.00647	1.0	-0.22	2.74	1.00	0.00	0.16	111115
147	"12:19:01"	1794.0	0	1.16	0.0443	324	2.32	5.1	37.16	6	1.42	1	2.84	45.42	37.16	49.90	400.10	397.60	9.865	12.611	10.01	12.79	499.6	1699	4	99.93	0.189	-0.298	0.0646	0.00664	0.0372	0.00647	1.0	-0.22	2.74	1.00	0.00	0.16	111115
148	"12:19:02"	1794.5	0	1.1	0.0443	327	2.32	5.11	37.18	6	1.42	1	2.84	45.43	37.18	49.90	400.09	397.66	9.864	12.613	10.00	12.79	499.7	1699	4	99.93	0.189	-0.298	0.0646	0.00664	0.0372	0.00647	1.0	-0.22	2.74	1.00	0.00	0.16	111115
149	"12:19:02"	1794.5	0	1.1	0.0443	327	2.32	5.11	37.18	6	1.42	1	2.84	45.43	37.18	49.90	400.09	397.66	9.864	12.613	10.00	12.79	499.7	1699	4	99.93	0.189	-0.298	0.0646	0.00664	0.0372	0.00647	1.0	-0.22	2.74	1.00	0.00	0.16	111115
150	"12:19:02"	1795.0	0	1.02	0.0444	330	2.32	5.11	37.18	6	1.42	1	2.84	45.43	37.18	49.90	400.05	397.72	9.863	12.618	10.00	12.80	499.7	1699	4	99.93	0.189	-0.298	0.0646	0.00664	0.0372	0.00647	1.0	-0.22	2.74	1.00	0.00	0.16	111115
151	"12:19:03"	1795.5	0	0.973	0.0444	331	2.32	5.11	37.20	6	1.42	1	2.84	45.43	37.20	49.90	400.03	397.75	9.863	12.618	10.00	12.79	499.7	1699	4	99.93	0.189	-0.298	0.0646	0.00664	0.0372	0.00647	1.0	-0.22	2.74	1.00	0.00	0.16	111115
152	"12:19:03"	1796.0	0	0.995	0.0444	330	2.33	5.11	37.20	6	1.42	1	2.84	45.43	37.20	49.89	400.02	397.72	9.862	12.620	10.00	12.79	499.7	1699	4	99.93	0.189	-0.298	0.0646	0.00664	0.0372	0.00647	1.0	-0.22	2.74	1.00	0.00	0.16	111115
153	"12:19:03"	1796.0	0	0.995	0.0444	330	2.33	5.11	37.20	6	1.42	1	2.84	45.43	37.20	49.89	400.02	397.72	9.862	12.620	10.00	12.79	499.7	1699	4	99.93	0.189	-0.298	0.0646	0.00664	0.0372	0.00647	1.0	-0.22	2.74	1.00	0.00	0.16	111115
