"OPEN 6.3.4"
"Fri Jul 20 2018 06:09:04"
<open><version>"6.3.4"</version></open>
<open><configfile>"/User/Configs/UserPrefs/LED2x3.xml"</configfile></open>
<open><light><source>"6400-02 or -02B LED Source"</source><par_in>1<sensor>"SI-2503"<cal>-0.86<actinity>1.00</actinity><transm>1.00</transm></cal></sensor><transm>1</transm></par_in><par_out>1<sensor>"Q40491"<cal>6.5</cal></sensor></par_out></light></open>
<open><comps><file>"/User/Configs/Comps/StdComps_6.1"<header>""</header><extras></extras></file><energybal>no<f_parIn>1</f_parIn><f_parOut>0</f_parOut><alphaK>0.16</alphaK></energybal><bc_total>2.840<stomatal_ratio>1</stomatal_ratio><bc_oneside>1.420<type>2</type><table>"/Sys/Lib/StdBLCTable"</table><area>6</area><slope>-0.219565</slope><offset>2.73739</offset><fan>5</fan></bc_oneside></bc_total></comps></open>
<open><prompts><onlog>off</onlog><items>"Default (none)"</items></prompts></open>
<open><constants><oxygen>21 %</oxygen><bb_vapor>1.5</bb_vapor><bb_oxy>0.9</bb_oxy></constants></open>
<open><stability><items>"Std Stability"<items[1]><id>-2</id><size>15</size><pcv><onoff>0</onoff><value>1</value></pcv><std><onoff>0</onoff><value>1</value></std><slp><onoff>1</onoff><value>1</value></slp></items[1]><items[2]><id>-5</id><size>15</size><pcv><onoff>0</onoff><value>1</value></pcv><std><onoff>0</onoff><value>1</value></std><slp><onoff>1</onoff><value>1</value></slp></items[2]><items[3]><id>-7</id><size>15</size><pcv><onoff>0</onoff><value>1</value></pcv><std><onoff>0</onoff><value>1</value></std><slp><onoff>1</onoff><value>1</value></slp></items[3]></items></stability></open>
<open><log><format>"StdLogFmt_6.0"<items>{ -35 -21 -70 -69 -76 30 23 36 21 25 221 -33 111 -34 11 -9 -10 -8 -1 -2 -4 -5 -14 -15 -7 -12 -13 -11 -65 -66 -72 -18 -19 -77 -78 -79 -23  }<hdr>{  }</hdr></items></format><options><beep>on</beep><match>"never"<time>30</time><co2>100</co2><delta>10</delta></match><hdr>normal</hdr><rem>normal</rem><stab>no</stab><stats>no<mean>no</mean><file>no</file><period>15</period></stats><excel>yes</excel><controls>yes</controls><comm>no</comm></options><datafile>"/User/0000-DWN0899-200718"</datafile><button><action>"Normal Log"<code>" LogOneObsManual "</code></action></button><autoprog>"/User/Configs/AutoProgs/AutoLog2"<active>no</active></autoprog></log></open>
<open><a2d><avgtime>4.0 secs</avgtime><userchans><ch20>"Off"</ch20><ch21>"Off"</ch21><ch22>"Off"</ch22><ch23>"Off"</ch23></userchans></a2d></open>
<open><matching><type>0</type><disp>'a'</disp><settings>><CO2Limit>10.0</CO2Limit><H2OLimit>1.0</H2OLimit><MaxAutoTime>60</MaxAutoTime><AverageTime>10</AverageTime></settings></matching></open>
<li6400><factory><unit>"PSC-2470"</unit><serviced>"5 Feb 2018"</serviced><fuseaware>0</fuseaware><co2mixer>yes</co2mixer><co2><coeffs>{ 0 0.214772 2.55802e-05 1.93228e-08 -3.02262e-12 2.75724e-16  }</coeffs><dvdt>-4</dvdt><xs>{ 9.11e-05 0.00178  }</xs></co2><h2o><coeffs>{ 0 0.00581526 2.16703e-06 7.69607e-12  }</coeffs><dvdt>-2.9</dvdt><xs>{ -0.000111 -0.00256  }</xs></h2o><flow>{ 0 0.3696  }</flow><press>{ 86.913 0.00551  }</press></factory></li6400>
<li6400><user><flow_zero>-3.5</flow_zero><irga_zero><co2>113.5 152.5<at>27.1329</at></co2><h2o>-3.5 -3.5<at>28.1091</at></h2o></irga_zero><irga_span><co2>{ 0.990134 0.992694  }</co2><h2o>{ 0.996743 0.99801  }</h2o></irga_span><irga_match><co2>{ 0.110267 6.96361  }</co2><h2o>{ -0.0816591 0.0489167  }</h2o></irga_match><co2_mixer><pump_mv>4500</pump_mv><ppm>{ 2352.67 1117.67 439.284 266.3 121.188 70.6751 48.8233 48.8102  }</ppm><mv>{ 5000 3000 1500 1000 500 300 200 100  }</mv></co2_mixer><parin_offset>-0.211894</parin_offset><led_cal><unit>"SI-2503"</unit><mv>{ 10 25 50 100 1000 2000 3000 4000 5000  }</mv><qntm>{ 1.83047 9.20354 23.3042 57.5395 736.221 1467.2 2160.1 2821.48 3447.04  }</qntm></led_cal><lcf_cal><unit>"LCF-0981"</unit><red><mv>{ 50 100 200 400 800 1500  }</mv><qntm>{ 64.6036 145.758 312.409 661.73 1377.94 2641.23  }</qntm></red><blue><mv>{ 100 500 1000 2000 3000 4000 5000  }</mv><qntm>{ 11.107 44.4539 81.9578 145.168 203.372 256.093 300.56  }</qntm></blue></lcf_cal></user></li6400>
"06:09:07 "
$STARTOFDATA$
"Obs"	"HHMMSS"	"YYYYMMDD"	"DOY"	"EBal?"	"Photo"	"Cond"	"Ci"	"Trmmol"	"VpdL"	"CTleaf"	"Area"	"BLC_1"	"StmRat"	"BLCond"	"Tair"	"Tleaf"	"TBlk"	"CO2R"	"CO2S"	"H2OR"	"H2OS"	"RH_R"	"RH_S"	"Flow"	"PARi"	"PARo"	"Press"	"CsMch"	"HsMch"	"StableF"	"BLCslope"	"BLCoffst"	"f_parin"	"f_parout"	"alphaK"	"Status"
"06:09:34 Coolers: Tblock -> 0.00 C"
"06:30:56 Coolers: Tblock -> 0.51 C"
1	"06:32:16"	20180720	201	0	8.03	0.285	336	1.85	0.711	6.55	6	1.42	1	2.84	2.86	6.55	0.59	399.47	388.98	0.429	2.646	5.69	35.13	500.5	1700	1	100	6.96	0.0489	0.7	-0.22	2.74	1.00	0.00	0.16	111115
2	"06:32:17"	20180720	201	0	8.03	0.285	336	1.85	0.711	6.55	6	1.42	1	2.84	2.86	6.55	0.59	399.47	388.98	0.429	2.646	5.69	35.13	500.5	1700	1	100	6.96	0.0489	0.7	-0.22	2.74	1.00	0.00	0.16	111115
3	"06:32:17"	20180720	201	0	8.03	0.285	336	1.85	0.711	6.55	6	1.42	1	2.84	2.86	6.55	0.59	399.47	388.98	0.429	2.646	5.69	35.13	500.5	1700	1	100	6.96	0.0489	0.7	-0.22	2.74	1.00	0.00	0.16	111115
4	"06:32:17"	20180720	201	0	8.76	0.285	331	1.85	0.711	6.55	6	1.42	1	2.84	2.86	6.55	0.59	400.31	388.95	0.430	2.643	5.70	35.08	500.5	1700	1	100	6.96	0.0489	0.7	-0.22	2.74	1.00	0.00	0.16	111115
5	"06:32:18"	20180720	201	0	9.54	0.284	327	1.85	0.711	6.55	6	1.42	1	2.84	2.86	6.55	0.59	401.25	388.96	0.431	2.640	5.72	35.05	500.5	1700	1	100	6.96	0.0489	0.7	-0.22	2.74	1.00	0.00	0.16	111115
6	"06:32:18"	20180720	201	0	10.1	0.283	323	1.84	0.712	6.56	6	1.42	1	2.84	2.86	6.56	0.59	402.04	389.03	0.433	2.636	5.74	34.99	500.5	1700	2	100	6.96	0.0489	0.7	-0.22	2.74	1.00	0.00	0.16	111115
7	"06:32:19"	20180720	201	0	10.1	0.283	323	1.84	0.712	6.56	6	1.42	1	2.84	2.86	6.56	0.59	402.04	389.03	0.433	2.636	5.74	34.99	500.5	1700	2	100	6.96	0.0489	0.7	-0.22	2.74	1.00	0.00	0.16	111115
8	"06:32:19"	20180720	201	0	10.4	0.282	321	1.84	0.713	6.57	6	1.42	1	2.84	2.86	6.57	0.59	402.54	389.16	0.434	2.633	5.76	34.95	500.5	1700	2	100	6.96	0.0489	0.7	-0.22	2.74	1.00	0.00	0.16	111115
9	"06:32:19"	20180720	201	0	10.5	0.282	320	1.84	0.713	6.56	6	1.42	1	2.84	2.86	6.56	0.59	402.82	389.34	0.434	2.633	5.76	34.95	500.5	1700	2	100	6.96	0.0489	0.7	-0.22	2.74	1.00	0.00	0.16	111115
10	"06:32:20"	20180720	201	0	10.5	0.282	321	1.84	0.713	6.57	6	1.42	1	2.84	2.85	6.57	0.59	402.98	389.56	0.433	2.631	5.75	34.93	500.5	1700	2	100	6.96	0.0489	0.7	-0.22	2.74	1.00	0.00	0.16	111115
11	"06:32:20"	20180720	201	0	10.5	0.282	321	1.84	0.713	6.57	6	1.42	1	2.84	2.85	6.57	0.59	402.98	389.56	0.433	2.631	5.75	34.93	500.5	1700	2	100	6.96	0.0489	0.7	-0.22	2.74	1.00	0.00	0.16	111115
12	"06:32:20"	20180720	201	0	10.3	0.281	322	1.84	0.713	6.56	6	1.42	1	2.84	2.85	6.56	0.59	403.01	389.75	0.432	2.629	5.73	34.90	500.6	1700	2	100	6.96	0.0489	0.7	-0.22	2.74	1.00	0.00	0.16	111115
13	"06:32:21"	20180720	201	0	10.1	0.281	324	1.84	0.714	6.57	6	1.42	1	2.84	2.85	6.57	0.59	402.88	389.92	0.429	2.627	5.70	34.88	500.6	1700	2	100	6.96	0.0489	0.7	-0.22	2.74	1.00	0.00	0.16	111115
14	"06:32:21"	20180720	201	0	9.53	0.281	327	1.84	0.714	6.57	6	1.42	1	2.84	2.85	6.57	0.59	402.38	390.09	0.426	2.625	5.65	34.84	500.6	1700	2	100	6.96	0.0489	0.7	-0.22	2.74	1.00	0.00	0.16	111115
15	"06:32:21"	20180720	201	0	9.53	0.281	327	1.84	0.714	6.57	6	1.42	1	2.84	2.85	6.57	0.59	402.38	390.09	0.426	2.625	5.65	34.84	500.6	1700	2	100	6.96	0.0489	0.7	-0.22	2.74	1.00	0.00	0.16	111115
16	"06:32:22"	20180720	201	0	8.79	0.282	332	1.84	0.714	6.57	6	1.42	1	2.84	2.86	6.57	0.59	401.62	390.22	0.421	2.623	5.59	34.82	500.6	1700	2	100	6.96	0.0489	0.7	-0.22	2.74	1.00	0.00	0.16	111115
17	"06:32:22"	20180720	201	0	8.13	0.283	336	1.85	0.714	6.56	6	1.42	1	2.84	2.86	6.56	0.59	400.90	390.29	0.415	2.622	5.51	34.80	500.6	1700	2	100	6.96	0.0489	0.7	-0.22	2.74	1.00	0.00	0.16	111115
18	"06:32:27"	20180720	201	0	8.03	0.286	337	1.87	0.714	6.53	6	1.42	1	2.84	2.86	6.53	0.59	400.56	390.06	0.361	2.594	4.79	34.43	500.6	1700	2	100	6.96	0.0489	0.7	-0.22	2.74	1.00	0.00	0.16	111115
19	"06:32:27"	20180720	201	0	8.03	0.286	337	1.87	0.714	6.53	6	1.42	1	2.84	2.86	6.53	0.59	400.56	390.06	0.361	2.594	4.79	34.43	500.6	1700	2	100	6.96	0.0489	0.7	-0.22	2.74	1.00	0.00	0.16	111115
20	"06:32:28"	20180720	201	0	8.07	0.286	337	1.87	0.715	6.53	6	1.42	1	2.84	2.86	6.53	0.59	400.54	390.00	0.357	2.592	4.74	34.40	500.6	1700	2	100	6.96	0.0489	0.7	-0.22	2.74	1.00	0.00	0.16	111115
21	"06:32:28"	20180720	201	0	8.02	0.286	337	1.87	0.715	6.53	6	1.42	1	2.84	2.86	6.53	0.59	400.50	390.02	0.354	2.588	4.70	34.36	500.6	1700	2	100	6.96	0.0489	0.7	-0.22	2.74	1.00	0.00	0.16	111115
22	"06:32:34"	20180720	201	0	8.2	0.282	335	1.86	0.721	6.57	6	1.42	1	2.84	2.85	6.57	0.59	400.53	389.82	0.330	2.554	4.38	33.91	500.6	1700	2	100	6.96	0.0489	0.7	-0.22	2.74	1.00	0.00	0.16	111115
23	"06:32:35"	20180720	201	0	8.2	0.282	335	1.86	0.721	6.57	6	1.42	1	2.84	2.85	6.57	0.59	400.53	389.82	0.330	2.554	4.38	33.91	500.6	1700	2	100	6.96	0.0489	0.7	-0.22	2.74	1.00	0.00	0.16	111115
24	"06:32:35"	20180720	201	0	8.2	0.282	335	1.86	0.721	6.57	6	1.42	1	2.84	2.85	6.57	0.59	400.53	389.82	0.330	2.554	4.38	33.91	500.6	1700	2	100	6.96	0.0489	0.7	-0.22	2.74	1.00	0.00	0.16	111115
25	"06:32:35"	20180720	201	0	8.17	0.281	335	1.86	0.722	6.58	6	1.42	1	2.84	2.85	6.58	0.59	400.50	389.83	0.329	2.552	4.37	33.89	500.6	1700	2	100	6.96	0.0489	0.7	-0.22	2.74	1.00	0.00	0.16	111115
26	"06:34:27"	20180720	201	0	8.86	0.275	330	1.77	0.702	6.52	6	1.42	1	2.84	2.81	6.52	0.55	400.73	389.28	0.595	2.715	7.93	36.16	500.6	1700	2	100	6.96	0.0489	1.0	-0.22	2.74	1.00	0.00	0.16	111115
27	"06:34:28"	20180720	201	0	8.86	0.275	330	1.77	0.702	6.52	6	1.42	1	2.84	2.81	6.52	0.55	400.73	389.28	0.595	2.715	7.93	36.16	500.6	1700	2	100	6.96	0.0489	1.0	-0.22	2.74	1.00	0.00	0.16	111115
28	"06:34:28"	20180720	201	0	8.86	0.275	330	1.77	0.702	6.52	6	1.42	1	2.84	2.81	6.52	0.55	400.73	389.28	0.595	2.715	7.93	36.16	500.6	1700	2	100	6.96	0.0489	1.0	-0.22	2.74	1.00	0.00	0.16	111115
29	"06:34:28"	20180720	201	0	8.81	0.275	330	1.77	0.701	6.51	6	1.42	1	2.84	2.81	6.51	0.55	400.75	389.36	0.595	2.713	7.92	36.14	500.6	1700	2	100	6.96	0.0489	0.7	-0.22	2.74	1.00	0.00	0.16	111115
30	"06:34:29"	20180720	201	0	8.77	0.276	330	1.77	0.701	6.51	6	1.42	1	2.84	2.81	6.51	0.55	400.79	389.45	0.594	2.712	7.91	36.12	500.6	1700	2	100	6.96	0.0489	0.7	-0.22	2.74	1.00	0.00	0.16	111115
31	"06:34:29"	20180720	201	0	8.72	0.275	331	1.77	0.701	6.50	6	1.42	1	2.84	2.81	6.50	0.55	400.81	389.53	0.593	2.710	7.90	36.10	500.6	1700	2	100	6.96	0.0489	0.7	-0.22	2.74	1.00	0.00	0.16	111115
32	"06:34:29"	20180720	201	0	8.72	0.275	331	1.77	0.701	6.50	6	1.42	1	2.84	2.81	6.50	0.55	400.81	389.53	0.593	2.710	7.90	36.10	500.6	1700	2	100	6.96	0.0489	0.7	-0.22	2.74	1.00	0.00	0.16	111115
33	"06:34:30"	20180720	201	0	8.68	0.276	331	1.77	0.7	6.49	6	1.42	1	2.84	2.81	6.49	0.55	400.83	389.60	0.593	2.709	7.90	36.09	500.6	1700	2	100	6.96	0.0489	0.7	-0.22	2.74	1.00	0.00	0.16	111115
34	"06:34:30"	20180720	201	0	8.65	0.276	331	1.77	0.699	6.48	6	1.42	1	2.84	2.81	6.48	0.55	400.84	389.64	0.593	2.708	7.90	36.08	500.6	1700	2	100	6.96	0.0489	0.7	-0.22	2.74	1.00	0.00	0.16	111115
35	"06:34:30"	20180720	201	0	8.65	0.276	331	1.77	0.699	6.48	6	1.42	1	2.84	2.81	6.48	0.55	400.84	389.64	0.593	2.708	7.90	36.08	500.6	1700	2	100	6.96	0.0489	0.7	-0.22	2.74	1.00	0.00	0.16	111115
36	"06:34:31"	20180720	201	0	8.54	0.276	332	1.77	0.699	6.47	6	1.42	1	2.84	2.81	6.47	0.55	400.80	389.73	0.592	2.708	7.89	36.07	500.6	1700	2	100	6.96	0.0489	0.7	-0.22	2.74	1.00	0.00	0.16	111115
37	"06:34:31"	20180720	201	0	8.45	0.276	333	1.77	0.699	6.47	6	1.42	1	2.84	2.81	6.47	0.55	400.75	389.80	0.592	2.706	7.89	36.05	500.6	1700	2	100	6.96	0.0489	0.7	-0.22	2.74	1.00	0.00	0.16	111115
38	"06:34:32"	20180720	201	0	8.37	0.276	333	1.77	0.699	6.46	6	1.42	1	2.84	2.81	6.46	0.55	400.72	389.86	0.592	2.705	7.88	36.04	500.6	1700	2	100	6.96	0.0489	0.7	-0.22	2.74	1.00	0.00	0.16	111115
39	"06:34:32"	20180720	201	0	8.37	0.276	333	1.77	0.699	6.46	6	1.42	1	2.84	2.81	6.46	0.55	400.72	389.86	0.592	2.705	7.88	36.04	500.6	1700	2	100	6.96	0.0489	0.7	-0.22	2.74	1.00	0.00	0.16	111115
40	"06:34:32"	20180720	201	0	8.33	0.276	334	1.77	0.698	6.45	6	1.42	1	2.84	2.80	6.45	0.55	400.70	389.89	0.592	2.705	7.88	36.03	500.6	1700	2	100	6.96	0.0489	0.7	-0.22	2.74	1.00	0.00	0.16	111115
41	"06:34:33"	20180720	201	0	8.3	0.276	334	1.77	0.697	6.44	6	1.42	1	2.84	2.80	6.44	0.56	400.68	389.91	0.591	2.703	7.88	36.01	500.6	1700	2	100	6.96	0.0489	0.7	-0.22	2.74	1.00	0.00	0.16	111115
42	"06:34:33"	20180720	201	0	8.28	0.276	334	1.77	0.697	6.43	6	1.42	1	2.84	2.80	6.43	0.56	400.67	389.92	0.591	2.703	7.88	36.01	500.6	1700	2	100	6.96	0.0489	0.7	-0.22	2.74	1.00	0.00	0.16	111115
43	"06:34:33"	20180720	201	0	8.28	0.276	334	1.77	0.697	6.43	6	1.42	1	2.84	2.80	6.43	0.56	400.67	389.92	0.591	2.703	7.88	36.01	500.6	1700	2	100	6.96	0.0489	0.7	-0.22	2.74	1.00	0.00	0.16	111115
44	"06:34:34"	20180720	201	0	8.23	0.276	334	1.77	0.696	6.42	6	1.42	1	2.84	2.80	6.42	0.56	400.62	389.94	0.591	2.701	7.87	35.99	500.6	1700	2	100	6.96	0.0489	0.7	-0.22	2.74	1.00	0.00	0.16	111115
45	"06:34:34"	20180720	201	0	8.22	0.277	334	1.77	0.696	6.42	6	1.42	1	2.84	2.80	6.42	0.56	400.61	389.93	0.590	2.701	7.86	35.99	500.6	1700	2	100	6.96	0.0489	0.7	-0.22	2.74	1.00	0.00	0.16	111115
46	"06:34:35"	20180720	201	0	8.21	0.277	334	1.77	0.696	6.41	6	1.42	1	2.84	2.80	6.41	0.57	400.62	389.95	0.590	2.700	7.86	35.97	500.6	1700	2	100	6.96	0.0489	0.7	-0.22	2.74	1.00	0.00	0.16	111115
"06:35:24 Coolers: Tblock -> 5.00 C"
47	"06:38:56"	20180720	201	0	8.94	0.256	324	1.87	0.791	8.70	6	1.42	1	2.84	6.34	8.70	5.09	400.00	388.41	1.146	3.384	11.92	35.20	500.6	1700	2	100	6.96	0.0489	1.0	-0.22	2.74	1.00	0.00	0.16	111115
48	"06:38:57"	20180720	201	0	8.94	0.256	324	1.87	0.791	8.70	6	1.42	1	2.84	6.34	8.70	5.09	400.00	388.41	1.146	3.384	11.92	35.20	500.6	1700	2	100	6.96	0.0489	1.0	-0.22	2.74	1.00	0.00	0.16	111115
49	"06:38:57"	20180720	201	0	8.93	0.257	324	1.87	0.791	8.70	6	1.42	1	2.84	6.34	8.70	5.09	399.99	388.41	1.146	3.385	11.92	35.21	500.6	1700	2	100	6.96	0.0489	1.0	-0.22	2.74	1.00	0.00	0.16	111115
50	"06:38:57"	20180720	201	0	8.95	0.257	324	1.88	0.791	8.70	6	1.42	1	2.84	6.34	8.70	5.09	399.98	388.39	1.146	3.386	11.92	35.22	500.6	1700	2	100	6.96	0.0489	1.0	-0.22	2.74	1.00	0.00	0.16	111115
51	"06:38:58"	20180720	201	0	8.95	0.257	324	1.88	0.791	8.70	6	1.42	1	2.84	6.34	8.70	5.09	399.98	388.39	1.146	3.386	11.92	35.22	500.6	1700	2	100	6.96	0.0489	1.0	-0.22	2.74	1.00	0.00	0.16	111115
52	"06:38:58"	20180720	201	0	8.96	0.257	324	1.88	0.791	8.70	6	1.42	1	2.84	6.34	8.70	5.09	400.00	388.39	1.146	3.386	11.92	35.22	500.6	1700	2	100	6.96	0.0489	1.0	-0.22	2.74	1.00	0.00	0.16	111115
53	"06:38:59"	20180720	201	0	8.98	0.256	323	1.87	0.791	8.71	6	1.42	1	2.84	6.35	8.71	5.09	400.01	388.38	1.146	3.384	11.92	35.20	500.6	1700	2	100	6.96	0.0489	1.0	-0.22	2.74	1.00	0.00	0.16	111115
54	"06:38:59"	20180720	201	0	9.01	0.256	323	1.87	0.792	8.71	6	1.42	1	2.84	6.35	8.71	5.09	400.01	388.34	1.146	3.384	11.92	35.20	500.6	1700	2	100	6.96	0.0489	1.0	-0.22	2.74	1.00	0.00	0.16	111115
55	"06:38:59"	20180720	201	0	9.01	0.256	323	1.87	0.792	8.71	6	1.42	1	2.84	6.35	8.71	5.09	400.01	388.34	1.146	3.384	11.92	35.20	500.6	1700	2	100	6.96	0.0489	1.0	-0.22	2.74	1.00	0.00	0.16	111115
56	"06:39:00"	20180720	201	0	9.02	0.256	323	1.87	0.792	8.71	6	1.42	1	2.84	6.35	8.71	5.09	400.00	388.32	1.146	3.383	11.92	35.18	500.6	1700	2	100	6.96	0.0489	1.0	-0.22	2.74	1.00	0.00	0.16	111115
57	"06:39:00"	20180720	201	0	9.02	0.256	323	1.87	0.791	8.71	6	1.42	1	2.84	6.35	8.71	5.09	400.01	388.33	1.146	3.384	11.92	35.19	500.6	1700	2	100	6.96	0.0489	1.0	-0.22	2.74	1.00	0.00	0.16	111115
58	"06:39:00"	20180720	201	0	9.04	0.256	323	1.87	0.791	8.70	6	1.42	1	2.84	6.35	8.70	5.09	400.03	388.32	1.146	3.384	11.92	35.19	500.6	1700	2	100	6.96	0.0489	1.0	-0.22	2.74	1.00	0.00	0.16	111115
59	"06:39:01"	20180720	201	0	9.04	0.256	323	1.87	0.791	8.70	6	1.42	1	2.84	6.35	8.70	5.09	400.03	388.32	1.146	3.384	11.92	35.19	500.6	1700	2	100	6.96	0.0489	1.0	-0.22	2.74	1.00	0.00	0.16	111115
60	"06:39:01"	20180720	201	0	9.08	0.256	323	1.87	0.791	8.71	6	1.42	1	2.84	6.35	8.71	5.09	400.06	388.30	1.146	3.384	11.92	35.19	500.6	1700	2	100	6.96	0.0489	1.0	-0.22	2.74	1.00	0.00	0.16	111115
61	"06:39:02"	20180720	201	0	9.08	0.256	323	1.87	0.792	8.71	6	1.42	1	2.84	6.35	8.71	5.09	400.07	388.31	1.146	3.384	11.92	35.18	500.6	1700	2	100	6.96	0.0489	1.0	-0.22	2.74	1.00	0.00	0.16	111115
62	"06:39:02"	20180720	201	0	9.05	0.256	323	1.87	0.792	8.72	6	1.42	1	2.84	6.35	8.72	5.09	400.07	388.35	1.146	3.384	11.91	35.18	500.6	1700	2	100	6.96	0.0489	1.0	-0.22	2.74	1.00	0.00	0.16	111115
63	"06:39:02"	20180720	201	0	9.05	0.256	323	1.87	0.792	8.72	6	1.42	1	2.84	6.35	8.72	5.09	400.07	388.35	1.146	3.384	11.91	35.18	500.6	1700	2	100	6.96	0.0489	1.0	-0.22	2.74	1.00	0.00	0.16	111115
64	"06:39:03"	20180720	201	0	9.06	0.256	323	1.87	0.792	8.72	6	1.42	1	2.84	6.35	8.72	5.09	400.08	388.34	1.146	3.385	11.92	35.19	500.6	1700	2	100	6.96	0.0489	1.0	-0.22	2.74	1.00	0.00	0.16	111115
65	"06:39:03"	20180720	201	0	9.06	0.256	323	1.87	0.792	8.72	6	1.42	1	2.84	6.35	8.72	5.09	400.08	388.34	1.147	3.386	11.92	35.20	500.6	1700	2	100	6.96	0.0489	1.0	-0.22	2.74	1.00	0.00	0.16	111115
66	"06:39:03"	20180720	201	0	9.05	0.256	323	1.88	0.792	8.72	6	1.42	1	2.84	6.35	8.72	5.09	400.08	388.35	1.147	3.388	11.92	35.21	500.6	1700	2	100	6.96	0.0489	1.0	-0.22	2.74	1.00	0.00	0.16	111115
67	"06:39:04"	20180720	201	0	9.05	0.256	323	1.88	0.792	8.72	6	1.42	1	2.84	6.35	8.72	5.09	400.08	388.35	1.147	3.388	11.92	35.21	500.6	1700	2	100	6.96	0.0489	1.0	-0.22	2.74	1.00	0.00	0.16	111115
68	"06:39:04"	20180720	201	0	9.07	0.256	323	1.88	0.792	8.72	6	1.42	1	2.84	6.35	8.72	5.09	400.09	388.34	1.147	3.388	11.92	35.22	500.6	1700	2	100	6.96	0.0489	1.0	-0.22	2.74	1.00	0.00	0.16	111115
"06:39:16 Coolers: Tblock -> 10.00 C"
69	"06:47:10"	20180720	201	0	10.2	0.234	307	2.08	0.954	12.17	6	1.42	1	2.84	10.69	12.17	10.08	400.05	386.83	2.212	4.694	17.14	36.37	500.6	1700	2	100	6.96	0.0489	1.0	-0.22	2.74	1.00	0.00	0.16	111115
70	"06:47:10"	20180720	201	0	10.3	0.234	306	2.08	0.954	12.17	6	1.42	1	2.84	10.69	12.17	10.08	400.09	386.82	2.212	4.693	17.14	36.36	500.6	1700	2	100	6.96	0.0489	1.0	-0.22	2.74	1.00	0.00	0.16	111115
71	"06:47:11"	20180720	201	0	10.3	0.234	306	2.08	0.954	12.17	6	1.42	1	2.84	10.69	12.17	10.08	400.09	386.82	2.212	4.693	17.14	36.36	500.6	1700	2	100	6.96	0.0489	1.0	-0.22	2.74	1.00	0.00	0.16	111115
72	"06:47:11"	20180720	201	0	10.3	0.234	306	2.08	0.954	12.17	6	1.42	1	2.84	10.69	12.17	10.08	400.09	386.82	2.212	4.693	17.14	36.36	500.6	1700	2	100	6.96	0.0489	1.0	-0.22	2.74	1.00	0.00	0.16	111115
73	"06:47:11"	20180720	201	0	10.3	0.234	306	2.08	0.954	12.17	6	1.42	1	2.84	10.69	12.17	10.08	400.08	386.79	2.212	4.692	17.14	36.36	500.6	1700	2	100	6.96	0.0489	1.0	-0.22	2.74	1.00	0.00	0.16	111115
74	"06:47:12"	20180720	201	0	10.3	0.234	306	2.08	0.954	12.17	6	1.42	1	2.84	10.69	12.17	10.08	400.07	386.79	2.212	4.692	17.14	36.35	500.6	1700	2	100	6.96	0.0489	1.0	-0.22	2.74	1.00	0.00	0.16	111115
75	"06:47:12"	20180720	201	0	10.3	0.234	306	2.08	0.954	12.17	6	1.42	1	2.84	10.69	12.17	10.08	400.08	386.79	2.212	4.692	17.14	36.36	500.6	1700	1	100	6.96	0.0489	1.0	-0.22	2.74	1.00	0.00	0.16	111115
76	"06:47:12"	20180720	201	0	10.3	0.234	306	2.08	0.954	12.17	6	1.42	1	2.84	10.69	12.17	10.08	400.08	386.79	2.212	4.692	17.14	36.36	500.6	1700	1	100	6.96	0.0489	1.0	-0.22	2.74	1.00	0.00	0.16	111115
77	"06:47:13"	20180720	201	0	10.3	0.234	306	2.08	0.954	12.16	6	1.42	1	2.84	10.69	12.16	10.08	400.05	386.77	2.212	4.693	17.14	36.36	500.6	1700	1	100	6.96	0.0489	1.0	-0.22	2.74	1.00	0.00	0.16	111115
78	"06:47:13"	20180720	201	0	10.3	0.234	306	2.08	0.953	12.16	6	1.42	1	2.84	10.69	12.16	10.08	400.03	386.72	2.211	4.693	17.13	36.37	500.7	1700	2	100	6.96	0.0489	1.0	-0.22	2.74	1.00	0.00	0.16	111115
79	"06:47:14"	20180720	201	0	10.3	0.234	306	2.08	0.954	12.17	6	1.42	1	2.84	10.69	12.17	10.08	400.03	386.68	2.211	4.694	17.13	36.37	500.7	1700	2	100	6.96	0.0489	1.0	-0.22	2.74	1.00	0.00	0.16	111115
80	"06:47:14"	20180720	201	0	10.3	0.234	306	2.08	0.954	12.17	6	1.42	1	2.84	10.69	12.17	10.08	400.03	386.68	2.211	4.694	17.13	36.37	500.7	1700	2	100	6.96	0.0489	1.0	-0.22	2.74	1.00	0.00	0.16	111115
81	"06:47:14"	20180720	201	0	10.3	0.234	306	2.08	0.954	12.17	6	1.42	1	2.84	10.69	12.17	10.08	400.04	386.69	2.212	4.695	17.13	36.38	500.7	1700	2	100	6.96	0.0489	1.0	-0.22	2.74	1.00	0.00	0.16	111115
82	"06:47:15"	20180720	201	0	10.3	0.234	306	2.08	0.954	12.17	6	1.42	1	2.84	10.69	12.17	10.08	400.05	386.73	2.212	4.697	17.14	36.39	500.6	1700	2	100	6.96	0.0489	1.0	-0.22	2.74	1.00	0.00	0.16	111115
83	"06:47:15"	20180720	201	0	10.3	0.234	306	2.08	0.954	12.17	6	1.42	1	2.84	10.69	12.17	10.09	400.06	386.75	2.213	4.697	17.14	36.39	500.6	1700	2	100	6.96	0.0489	1.0	-0.22	2.74	1.00	0.00	0.16	111115
84	"06:47:15"	20180720	201	0	10.3	0.234	306	2.08	0.954	12.17	6	1.42	1	2.84	10.69	12.17	10.09	400.06	386.75	2.213	4.697	17.14	36.39	500.6	1700	2	100	6.96	0.0489	1.0	-0.22	2.74	1.00	0.00	0.16	111115
85	"06:47:16"	20180720	201	0	10.3	0.234	306	2.08	0.954	12.17	6	1.42	1	2.84	10.69	12.17	10.09	400.03	386.77	2.213	4.697	17.14	36.38	500.6	1700	2	100	6.96	0.0489	1.0	-0.22	2.74	1.00	0.00	0.16	111115
86	"06:47:16"	20180720	201	0	10.2	0.234	307	2.08	0.954	12.17	6	1.42	1	2.84	10.69	12.17	10.09	400.00	386.77	2.212	4.696	17.14	36.38	500.6	1700	2	100	6.96	0.0489	1.0	-0.22	2.74	1.00	0.00	0.16	111115
87	"06:47:17"	20180720	201	0	10.3	0.234	306	2.08	0.954	12.18	6	1.42	1	2.84	10.70	12.18	10.09	399.99	386.71	2.212	4.697	17.13	36.38	500.5	1700	2	100	6.96	0.0489	1.0	-0.22	2.74	1.00	0.00	0.16	111115
88	"06:47:17"	20180720	201	0	10.3	0.234	306	2.08	0.954	12.18	6	1.42	1	2.84	10.70	12.18	10.09	399.99	386.71	2.212	4.697	17.13	36.38	500.5	1700	2	100	6.96	0.0489	1.0	-0.22	2.74	1.00	0.00	0.16	111115
89	"06:47:17"	20180720	201	0	10.2	0.234	306	2.08	0.954	12.18	6	1.42	1	2.84	10.70	12.18	10.09	399.96	386.73	2.212	4.696	17.13	36.37	500.6	1700	2	100	6.96	0.0489	1.0	-0.22	2.74	1.00	0.00	0.16	111115
90	"06:47:18"	20180720	201	0	10.2	0.234	307	2.08	0.955	12.18	6	1.42	1	2.84	10.70	12.18	10.08	399.96	386.76	2.212	4.695	17.13	36.36	500.5	1700	2	100	6.96	0.0489	1.0	-0.22	2.74	1.00	0.00	0.16	111115
91	"06:47:18"	20180720	201	0	10.2	0.234	306	2.08	0.954	12.17	6	1.42	1	2.84	10.70	12.17	10.08	399.98	386.75	2.212	4.693	17.14	36.35	500.6	1700	2	100	6.96	0.0489	1.0	-0.22	2.74	1.00	0.00	0.16	111115
92	"06:47:18"	20180720	201	0	10.2	0.234	306	2.08	0.954	12.17	6	1.42	1	2.84	10.70	12.17	10.08	399.98	386.75	2.212	4.693	17.14	36.35	500.6	1700	2	100	6.96	0.0489	1.0	-0.22	2.74	1.00	0.00	0.16	111115
93	"06:47:19"	20180720	201	0	10.2	0.234	306	2.08	0.955	12.18	6	1.42	1	2.84	10.70	12.18	10.08	399.97	386.74	2.212	4.693	17.13	36.35	500.6	1700	2	100	6.96	0.0489	1.0	-0.22	2.74	1.00	0.00	0.16	111115
94	"06:47:19"	20180720	201	0	10.3	0.233	306	2.08	0.955	12.18	6	1.42	1	2.84	10.70	12.18	10.08	399.97	386.71	2.212	4.692	17.13	36.34	500.6	1700	2	100	6.96	0.0489	1.0	-0.22	2.74	1.00	0.00	0.16	111115
"06:47:32 Coolers: Tblock -> 15.00 C"
95	"06:49:07"	20180720	201	0	10.7	0.225	299	2.16	1.03	13.71	6	1.42	1	2.84	14.21	13.71	15.10	399.86	386.06	2.915	5.493	17.92	33.78	500.6	1699	1	100	6.96	0.0489	1.0	-0.22	2.74	1.00	0.00	0.16	111115
96	"06:49:07"	20180720	201	0	10.7	0.225	299	2.16	1.03	13.71	6	1.42	1	2.84	14.21	13.71	15.10	399.86	386.06	2.915	5.493	17.92	33.78	500.6	1699	1	100	6.96	0.0489	1.0	-0.22	2.74	1.00	0.00	0.16	111115
97	"06:49:07"	20180720	201	0	10.7	0.225	300	2.16	1.03	13.72	6	1.42	1	2.84	14.21	13.72	15.10	399.85	386.08	2.915	5.495	17.92	33.78	500.6	1699	1	100	6.96	0.0489	1.0	-0.22	2.74	1.00	0.00	0.16	111115
98	"06:49:08"	20180720	201	0	10.6	0.225	300	2.17	1.03	13.73	6	1.42	1	2.84	14.22	13.73	15.10	399.83	386.09	2.915	5.497	17.92	33.78	500.6	1699	1	100	6.96	0.0489	1.0	-0.22	2.74	1.00	0.00	0.16	111115
99	"06:49:08"	20180720	201	0	10.6	0.225	300	2.17	1.03	13.74	6	1.42	1	2.84	14.22	13.74	15.10	399.81	386.11	2.915	5.499	17.91	33.78	500.6	1699	1	100	6.96	0.0489	1.0	-0.22	2.74	1.00	0.00	0.16	111115
100	"06:49:08"	20180720	201	0	10.6	0.225	300	2.17	1.03	13.74	6	1.42	1	2.84	14.22	13.74	15.10	399.81	386.11	2.915	5.499	17.91	33.78	500.6	1699	1	100	6.96	0.0489	1.0	-0.22	2.74	1.00	0.00	0.16	111115
101	"06:49:09"	20180720	201	0	10.6	0.225	300	2.17	1.03	13.74	6	1.42	1	2.84	14.23	13.74	15.10	399.84	386.14	2.916	5.500	17.91	33.78	500.6	1699	1	100	6.96	0.0489	1.0	-0.22	2.74	1.00	0.00	0.16	111115
102	"06:49:09"	20180720	201	0	10.6	0.225	300	2.17	1.03	13.75	6	1.42	1	2.84	14.23	13.75	15.10	399.86	386.18	2.916	5.503	17.90	33.78	500.6	1699	1	100	6.96	0.0489	1.0	-0.22	2.74	1.00	0.00	0.16	111115
103	"06:49:10"	20180720	201	0	10.6	0.225	300	2.17	1.03	13.75	6	1.42	1	2.84	14.24	13.75	15.09	399.85	386.17	2.916	5.504	17.90	33.78	500.6	1699	1	100	6.96	0.0489	1.0	-0.22	2.74	1.00	0.00	0.16	111115
104	"06:49:10"	20180720	201	0	10.6	0.226	300	2.17	1.03	13.76	6	1.42	1	2.84	14.24	13.76	15.09	399.85	386.16	2.917	5.507	17.90	33.79	500.6	1699	1	100	6.96	0.0489	1.0	-0.22	2.74	1.00	0.00	0.16	111115
105	"06:49:10"	20180720	201	0	10.6	0.226	300	2.17	1.03	13.76	6	1.42	1	2.84	14.24	13.76	15.09	399.85	386.16	2.917	5.507	17.90	33.79	500.6	1699	1	100	6.96	0.0489	1.0	-0.22	2.74	1.00	0.00	0.16	111115
106	"06:49:11"	20180720	201	0	10.6	0.226	300	2.17	1.03	13.76	6	1.42	1	2.84	14.25	13.76	15.10	399.86	386.14	2.917	5.508	17.89	33.79	500.6	1699	1	100	6.96	0.0489	1.0	-0.22	2.74	1.00	0.00	0.16	111115
107	"06:49:11"	20180720	201	0	10.7	0.226	300	2.17	1.03	13.77	6	1.42	1	2.84	14.25	13.77	15.10	399.89	386.11	2.917	5.509	17.89	33.78	500.6	1699	1	100	6.96	0.0489	1.0	-0.22	2.74	1.00	0.00	0.16	111115
108	"06:49:12"	20180720	201	0	10.7	0.226	299	2.17	1.03	13.77	6	1.42	1	2.84	14.25	13.77	15.10	399.92	386.09	2.917	5.509	17.89	33.78	500.6	1699	1	100	6.96	0.0489	1.0	-0.22	2.74	1.00	0.00	0.16	111115
109	"06:49:12"	20180720	201	0	10.7	0.226	299	2.17	1.03	13.77	6	1.42	1	2.84	14.25	13.77	15.10	399.92	386.09	2.917	5.509	17.89	33.78	500.6	1699	1	100	6.96	0.0489	1.0	-0.22	2.74	1.00	0.00	0.16	111115
110	"06:49:12"	20180720	201	0	10.7	0.226	299	2.18	1.03	13.78	6	1.42	1	2.84	14.26	13.78	15.10	399.95	386.06	2.918	5.511	17.89	33.78	500.6	1699	1	100	6.96	0.0489	1.0	-0.22	2.74	1.00	0.00	0.16	111115
111	"06:49:13"	20180720	201	0	10.7	0.225	299	2.18	1.03	13.78	6	1.42	1	2.84	14.26	13.78	15.10	399.90	386.02	2.917	5.512	17.88	33.77	500.6	1699	1	100	6.96	0.0489	1.0	-0.22	2.74	1.00	0.00	0.16	111115
112	"06:49:13"	20180720	201	0	10.8	0.225	299	2.18	1.03	13.79	6	1.42	1	2.84	14.27	13.79	15.10	399.87	385.97	2.916	5.511	17.87	33.76	500.6	1699	1	100	6.96	0.0489	1.0	-0.22	2.74	1.00	0.00	0.16	111115
113	"06:49:13"	20180720	201	0	10.8	0.225	299	2.18	1.03	13.79	6	1.42	1	2.84	14.27	13.79	15.10	399.87	385.97	2.916	5.511	17.87	33.76	500.6	1699	1	100	6.96	0.0489	1.0	-0.22	2.74	1.00	0.00	0.16	111115
114	"06:49:14"	20180720	201	0	10.7	0.225	299	2.18	1.03	13.80	6	1.42	1	2.84	14.27	13.80	15.10	399.87	385.99	2.916	5.513	17.86	33.76	500.6	1699	2	100	6.96	0.0489	1.0	-0.22	2.74	1.00	0.00	0.16	111115
115	"06:49:14"	20180720	201	0	10.7	0.225	299	2.18	1.03	13.80	6	1.42	1	2.84	14.28	13.80	15.10	399.86	386.00	2.916	5.513	17.86	33.75	500.6	1699	2	100	6.96	0.0489	1.0	-0.22	2.74	1.00	0.00	0.16	111115
"06:49:27 Coolers: Tblock -> 20.00 C"
116	"06:52:52"	20180720	201	0	11.5	0.21	286	2.36	1.19	17.04	6	1.42	1	2.84	18.55	17.04	20.00	400.08	385.26	4.815	7.617	22.46	35.53	500.5	1699	2	100	6.96	0.0489	1.0	-0.22	2.74	1.00	0.00	0.16	111115
117	"06:52:53"	20180720	201	0	11.4	0.21	286	2.36	1.19	17.05	6	1.42	1	2.84	18.55	17.05	20.01	400.04	385.24	4.815	7.620	22.45	35.53	500.5	1699	2	100	6.96	0.0489	1.0	-0.22	2.74	1.00	0.00	0.16	111115
118	"06:52:53"	20180720	201	0	11.4	0.21	286	2.36	1.19	17.05	6	1.42	1	2.84	18.55	17.05	20.01	400.04	385.24	4.815	7.620	22.45	35.53	500.5	1699	2	100	6.96	0.0489	1.0	-0.22	2.74	1.00	0.00	0.16	111115
119	"06:52:53"	20180720	201	0	11.5	0.21	286	2.36	1.19	17.06	6	1.42	1	2.84	18.56	17.06	20.01	400.02	385.21	4.815	7.620	22.44	35.51	500.6	1698	2	100	6.96	0.0489	1.0	-0.22	2.74	1.00	0.00	0.16	111115
120	"06:52:54"	20180720	201	0	11.5	0.21	286	2.36	1.19	17.06	6	1.42	1	2.84	18.56	17.06	20.01	400.02	385.21	4.815	7.620	22.44	35.51	500.6	1698	2	100	6.96	0.0489	1.0	-0.22	2.74	1.00	0.00	0.16	111115
121	"06:52:54"	20180720	201	0	11.5	0.21	286	2.36	1.19	17.06	6	1.42	1	2.84	18.57	17.06	20.02	400.02	385.19	4.815	7.622	22.43	35.50	500.5	1698	2	100	6.96	0.0489	1.0	-0.22	2.74	1.00	0.00	0.16	111115
122	"06:52:55"	20180720	201	0	11.4	0.21	286	2.36	1.19	17.07	6	1.42	1	2.84	18.58	17.07	20.03	400.00	385.19	4.815	7.623	22.42	35.48	500.6	1698	2	100	6.96	0.0489	1.0	-0.22	2.74	1.00	0.00	0.16	111115
123	"06:52:55"	20180720	201	0	11.4	0.21	286	2.36	1.19	17.08	6	1.42	1	2.84	18.59	17.08	20.04	399.96	385.20	4.815	7.624	22.40	35.47	500.6	1699	2	100	6.96	0.0489	1.0	-0.22	2.74	1.00	0.00	0.16	111115
124	"06:52:55"	20180720	201	0	11.4	0.21	286	2.36	1.19	17.08	6	1.42	1	2.84	18.59	17.08	20.04	399.96	385.20	4.815	7.624	22.40	35.47	500.6	1699	2	100	6.96	0.0489	1.0	-0.22	2.74	1.00	0.00	0.16	111115
125	"06:52:56"	20180720	201	0	11.4	0.21	286	2.36	1.19	17.09	6	1.42	1	2.84	18.60	17.09	20.04	399.98	385.18	4.815	7.626	22.39	35.47	500.6	1699	2	100	6.96	0.0489	1.0	-0.22	2.74	1.00	0.00	0.16	111115
126	"06:52:56"	20180720	201	0	11.5	0.21	286	2.36	1.19	17.09	6	1.42	1	2.84	18.60	17.09	20.05	399.97	385.14	4.814	7.626	22.38	35.45	500.6	1699	2	99.99	6.96	0.0489	1.0	-0.22	2.74	1.00	0.00	0.16	111115
127	"06:52:57"	20180720	201	0	11.5	0.21	286	2.37	1.19	17.09	6	1.42	1	2.84	18.61	17.09	20.06	399.98	385.16	4.815	7.628	22.37	35.44	500.6	1699	2	100	6.96	0.0489	1.0	-0.22	2.74	1.00	0.00	0.16	111115
128	"06:52:57"	20180720	201	0	11.5	0.21	285	2.37	1.19	17.10	6	1.42	1	2.84	18.62	17.10	20.06	400.03	385.12	4.815	7.629	22.36	35.43	500.6	1699	2	99.99	6.96	0.0489	1.0	-0.22	2.74	1.00	0.00	0.16	111115
129	"06:52:57"	20180720	201	0	11.5	0.21	285	2.37	1.19	17.10	6	1.42	1	2.84	18.62	17.10	20.06	400.03	385.12	4.815	7.629	22.36	35.43	500.6	1699	2	99.99	6.96	0.0489	1.0	-0.22	2.74	1.00	0.00	0.16	111115
130	"06:52:58"	20180720	201	0	11.6	0.21	285	2.37	1.2	17.11	6	1.42	1	2.84	18.64	17.11	20.08	400.13	385.12	4.816	7.634	22.33	35.40	500.6	1700	2	100	6.96	0.0489	1.0	-0.22	2.74	1.00	0.00	0.16	111115
131	"06:52:59"	20180720	201	0	11.6	0.21	284	2.37	1.2	17.12	6	1.42	1	2.84	18.65	17.12	20.09	400.18	385.13	4.816	7.636	22.32	35.39	500.6	1700	2	100	6.96	0.0489	1.0	-0.22	2.74	1.00	0.00	0.16	111115
132	"06:52:59"	20180720	201	0	11.6	0.21	284	2.37	1.2	17.12	6	1.42	1	2.84	18.65	17.12	20.09	400.18	385.13	4.816	7.636	22.32	35.39	500.6	1700	2	100	6.96	0.0489	1.0	-0.22	2.74	1.00	0.00	0.16	111115
133	"06:52:59"	20180720	201	0	11.7	0.21	284	2.37	1.2	17.13	6	1.42	1	2.84	18.66	17.13	20.10	400.18	385.12	4.816	7.637	22.31	35.38	500.6	1700	2	100	6.96	0.0489	1.0	-0.22	2.74	1.00	0.00	0.16	111115
134	"06:53:01"	20180720	201	0	11.6	0.209	285	2.38	1.2	17.17	6	1.42	1	2.84	18.69	17.17	20.12	400.15	385.18	4.816	7.642	22.27	35.33	500.5	1700	1	100	6.96	0.0489	1.0	-0.22	2.74	1.00	0.00	0.16	111115
135	"06:53:01"	20180720	201	0	11.6	0.209	285	2.38	1.2	17.17	6	1.42	1	2.84	18.69	17.17	20.12	400.15	385.18	4.816	7.642	22.27	35.33	500.5	1700	1	100	6.96	0.0489	1.0	-0.22	2.74	1.00	0.00	0.16	111115
136	"06:53:02"	20180720	201	0	11.6	0.209	285	2.38	1.2	17.17	6	1.42	1	2.84	18.69	17.17	20.12	400.15	385.18	4.816	7.642	22.27	35.33	500.5	1700	1	100	6.96	0.0489	1.0	-0.22	2.74	1.00	0.00	0.16	111115
137	"06:53:02"	20180720	201	0	11.6	0.209	285	2.38	1.2	17.18	6	1.42	1	2.84	18.70	17.18	20.12	400.14	385.19	4.817	7.643	22.26	35.32	500.5	1700	1	100	6.96	0.0489	1.0	-0.22	2.74	1.00	0.00	0.16	111115
138	"06:53:03"	20180720	201	0	11.5	0.209	285	2.38	1.2	17.19	6	1.42	1	2.84	18.70	17.19	20.12	400.09	385.19	4.817	7.642	22.25	35.30	500.6	1700	1	99.99	6.96	0.0489	1.0	-0.22	2.74	1.00	0.00	0.16	111115
"06:53:29 Coolers: Tblock -> 25.00 C"
139	"07:00:12"	20180720	201	0	11.4	0.157	257	2.25	1.48	22.10	6	1.42	1	2.84	24.03	22.10	25.15	399.91	385.24	9.263	11.925	30.87	39.74	500.5	1700	1	100	6.96	0.0489	1.0	-0.22	2.74	1.00	0.00	0.16	111115
140	"07:00:13"	20180720	201	0	11.4	0.157	257	2.25	1.48	22.10	6	1.42	1	2.84	24.03	22.10	25.15	399.91	385.24	9.263	11.925	30.87	39.74	500.5	1700	1	100	6.96	0.0489	1.0	-0.22	2.74	1.00	0.00	0.16	111115
141	"07:00:13"	20180720	201	0	11.4	0.157	257	2.25	1.48	22.10	6	1.42	1	2.84	24.03	22.10	25.15	399.91	385.24	9.263	11.925	30.87	39.74	500.5	1700	1	100	6.96	0.0489	1.0	-0.22	2.74	1.00	0.00	0.16	111115
142	"07:00:13"	20180720	201	0	11.3	0.157	257	2.25	1.48	22.11	6	1.42	1	2.84	24.03	22.11	25.13	399.88	385.25	9.263	11.924	30.88	39.75	500.5	1700	1	100	6.96	0.0489	1.0	-0.22	2.74	1.00	0.00	0.16	111115
143	"07:00:14"	20180720	201	0	11.3	0.157	257	2.24	1.48	22.11	6	1.42	1	2.84	24.02	22.11	25.11	399.85	385.24	9.264	11.923	30.89	39.76	500.5	1700	1	100	6.96	0.0489	1.0	-0.22	2.74	1.00	0.00	0.16	111115
144	"07:00:14"	20180720	201	0	11.4	0.157	256	2.25	1.48	22.11	6	1.42	1	2.84	24.02	22.11	25.10	399.86	385.22	9.265	11.924	30.91	39.78	500.5	1700	1	100	6.96	0.0489	1.0	-0.22	2.74	1.00	0.00	0.16	111115
145	"07:00:14"	20180720	201	0	11.4	0.157	256	2.25	1.48	22.11	6	1.42	1	2.84	24.02	22.11	25.10	399.86	385.22	9.265	11.924	30.91	39.78	500.5	1700	1	100	6.96	0.0489	1.0	-0.22	2.74	1.00	0.00	0.16	111115
146	"07:00:15"	20180720	201	0	11.4	0.157	256	2.24	1.48	22.12	6	1.42	1	2.84	24.01	22.12	25.08	399.88	385.17	9.267	11.924	30.92	39.79	500.5	1700	1	100	6.96	0.0489	1.0	-0.22	2.74	1.00	0.00	0.16	111115
147	"07:00:15"	20180720	201	0	11.4	0.157	255	2.24	1.48	22.12	6	1.42	1	2.84	24.00	22.12	25.06	399.91	385.16	9.268	11.924	30.94	39.80	500.5	1700	1	100	6.96	0.0489	1.0	-0.22	2.74	1.00	0.00	0.16	111115
148	"07:00:16"	20180720	201	0	11.5	0.157	254	2.24	1.48	22.12	6	1.42	1	2.84	24.00	22.12	25.04	399.94	385.13	9.270	11.925	30.96	39.82	500.5	1700	1	100	6.96	0.0489	1.0	-0.22	2.74	1.00	0.00	0.16	111115
149	"07:00:16"	20180720	201	0	11.5	0.157	255	2.24	1.48	22.13	6	1.42	1	2.84	23.99	22.13	25.03	399.92	385.14	9.270	11.924	30.97	39.83	500.5	1700	2	100	6.96	0.0489	1.0	-0.22	2.74	1.00	0.00	0.16	111115
150	"07:00:16"	20180720	201	0	11.5	0.157	255	2.24	1.48	22.13	6	1.42	1	2.84	23.99	22.13	25.03	399.92	385.14	9.270	11.924	30.97	39.83	500.5	1700	2	100	6.96	0.0489	1.0	-0.22	2.74	1.00	0.00	0.16	111115
151	"07:00:17"	20180720	201	0	11.5	0.156	255	2.24	1.48	22.13	6	1.42	1	2.84	23.99	22.13	25.01	399.90	385.13	9.270	11.924	30.98	39.85	500.5	1700	1	100	6.96	0.0489	1.0	-0.22	2.74	1.00	0.00	0.16	111115
152	"07:00:17"	20180720	201	0	11.4	0.156	255	2.24	1.48	22.13	6	1.42	1	2.84	23.98	22.13	24.99	399.86	385.10	9.271	11.922	30.99	39.86	500.5	1700	2	100	6.96	0.0489	1.0	-0.22	2.74	1.00	0.00	0.16	111115
153	"07:00:18"	20180720	201	0	11.5	0.156	254	2.24	1.48	22.13	6	1.42	1	2.84	23.97	22.13	24.97	399.84	385.07	9.272	11.923	31.01	39.87	500.5	1700	2	100	6.96	0.0489	1.0	-0.22	2.74	1.00	0.00	0.16	111115
154	"07:00:18"	20180720	201	0	11.5	0.156	254	2.24	1.48	22.13	6	1.42	1	2.84	23.97	22.13	24.97	399.84	385.07	9.272	11.923	31.01	39.87	500.5	1700	2	100	6.96	0.0489	1.0	-0.22	2.74	1.00	0.00	0.16	111115
155	"07:00:18"	20180720	201	0	11.5	0.156	254	2.24	1.48	22.13	6	1.42	1	2.84	23.97	22.13	24.95	399.86	385.05	9.272	11.921	31.02	39.88	500.5	1699	2	100	6.96	0.0489	1.0	-0.22	2.74	1.00	0.00	0.16	111115
156	"07:00:19"	20180720	201	0	11.5	0.156	254	2.24	1.48	22.13	6	1.42	1	2.84	23.96	22.13	24.94	399.86	385.05	9.272	11.921	31.03	39.90	500.5	1699	2	100	6.96	0.0489	1.0	-0.22	2.74	1.00	0.00	0.16	111115
157	"07:00:19"	20180720	201	0	11.5	0.156	253	2.24	1.48	22.13	6	1.42	1	2.84	23.95	22.13	24.92	399.87	385.00	9.271	11.922	31.04	39.92	500.6	1699	2	100	6.96	0.0489	1.0	-0.22	2.74	1.00	0.00	0.16	111115
158	"07:00:20"	20180720	201	0	11.5	0.156	254	2.24	1.48	22.13	6	1.42	1	2.84	23.95	22.13	24.90	399.84	385.01	9.272	11.921	31.06	39.93	500.6	1699	2	100	6.96	0.0489	1.0	-0.22	2.74	1.00	0.00	0.16	111115
"07:00:34 Coolers: Tblock -> 30.00 C"
159	"07:01:23"	20180720	201	0	11.6	0.15	247	2.47	1.69	23.59	6	1.42	1	2.84	27.31	23.59	30.07	399.94	384.92	9.340	12.263	25.63	33.65	500.6	1700	2	100	6.96	0.0489	1.0	-0.22	2.74	1.00	0.00	0.16	111115
160	"07:01:24"	20180720	201	0	11.6	0.15	247	2.47	1.69	23.59	6	1.42	1	2.84	27.31	23.59	30.07	399.94	384.92	9.340	12.263	25.63	33.65	500.6	1700	2	100	6.96	0.0489	1.0	-0.22	2.74	1.00	0.00	0.16	111115
161	"07:01:24"	20180720	201	0	11.6	0.15	247	2.47	1.69	23.59	6	1.42	1	2.84	27.31	23.59	30.07	399.94	384.92	9.340	12.263	25.63	33.65	500.6	1700	2	100	6.96	0.0489	1.0	-0.22	2.74	1.00	0.00	0.16	111115
162	"07:01:24"	20180720	201	0	11.6	0.15	247	2.47	1.7	23.60	6	1.42	1	2.84	27.32	23.60	30.07	399.92	384.93	9.341	12.263	25.62	33.64	500.6	1700	1	100	6.96	0.0489	1.0	-0.22	2.74	1.00	0.00	0.16	111115
163	"07:01:25"	20180720	201	0	11.6	0.15	247	2.47	1.7	23.61	6	1.42	1	2.84	27.32	23.61	30.08	399.92	384.93	9.342	12.265	25.61	33.62	500.6	1700	2	100	6.96	0.0489	1.0	-0.22	2.74	1.00	0.00	0.16	111115
164	"07:01:25"	20180720	201	0	11.5	0.15	247	2.47	1.7	23.62	6	1.42	1	2.84	27.33	23.62	30.08	399.95	384.98	9.343	12.266	25.60	33.61	500.6	1700	1	100	6.96	0.0489	1.0	-0.22	2.74	1.00	0.00	0.16	111115
165	"07:01:25"	20180720	201	0	11.5	0.15	247	2.47	1.7	23.62	6	1.42	1	2.84	27.33	23.62	30.08	399.95	384.98	9.343	12.266	25.60	33.61	500.6	1700	1	100	6.96	0.0489	1.0	-0.22	2.74	1.00	0.00	0.16	111115
166	"07:01:26"	20180720	201	0	11.5	0.15	247	2.47	1.7	23.63	6	1.42	1	2.84	27.34	23.63	30.08	399.95	384.98	9.343	12.268	25.59	33.60	500.6	1700	2	100	6.96	0.0489	1.0	-0.22	2.74	1.00	0.00	0.16	111115
167	"07:01:26"	20180720	201	0	11.5	0.149	248	2.47	1.7	23.64	6	1.42	1	2.84	27.35	23.64	30.09	399.92	385.00	9.344	12.269	25.58	33.58	500.6	1700	2	100	6.96	0.0489	1.0	-0.22	2.74	1.00	0.00	0.16	111115
168	"07:01:27"	20180720	201	0	11.5	0.149	248	2.47	1.71	23.65	6	1.42	1	2.84	27.36	23.65	30.09	399.93	385.02	9.345	12.272	25.56	33.57	500.6	1700	1	100	6.96	0.0489	1.0	-0.22	2.74	1.00	0.00	0.16	111115
169	"07:01:27"	20180720	201	0	11.5	0.149	248	2.47	1.71	23.65	6	1.42	1	2.84	27.36	23.65	30.09	399.93	385.02	9.345	12.272	25.56	33.57	500.6	1700	1	100	6.96	0.0489	1.0	-0.22	2.74	1.00	0.00	0.16	111115
170	"07:01:27"	20180720	201	0	11.5	0.149	247	2.47	1.71	23.66	6	1.42	1	2.84	27.37	23.66	30.09	399.96	385.01	9.345	12.274	25.55	33.56	500.6	1700	1	100	6.96	0.0489	1.0	-0.22	2.74	1.00	0.00	0.16	111115
171	"07:01:28"	20180720	201	0	11.5	0.149	247	2.47	1.71	23.67	6	1.42	1	2.84	27.38	23.67	30.10	399.98	384.99	9.346	12.275	25.54	33.55	500.6	1700	1	100	6.96	0.0489	1.0	-0.22	2.74	1.00	0.00	0.16	111115
172	"07:01:28"	20180720	201	0	11.6	0.149	246	2.48	1.71	23.68	6	1.42	1	2.84	27.38	23.68	30.10	400.00	384.95	9.347	12.277	25.53	33.54	500.6	1700	1	100	6.96	0.0489	1.0	-0.22	2.74	1.00	0.00	0.16	111115
173	"07:01:29"	20180720	201	0	11.6	0.149	246	2.48	1.71	23.69	6	1.42	1	2.84	27.39	23.69	30.10	400.03	384.98	9.347	12.279	25.52	33.53	500.6	1700	1	100	6.96	0.0489	1.0	-0.22	2.74	1.00	0.00	0.16	111115
174	"07:01:29"	20180720	201	0	11.6	0.149	246	2.48	1.71	23.69	6	1.42	1	2.84	27.39	23.69	30.10	400.03	384.98	9.347	12.279	25.52	33.53	500.6	1700	1	100	6.96	0.0489	1.0	-0.22	2.74	1.00	0.00	0.16	111115
175	"07:01:29"	20180720	201	0	11.7	0.149	245	2.48	1.71	23.70	6	1.42	1	2.84	27.40	23.70	30.10	400.05	384.93	9.348	12.282	25.51	33.52	500.6	1700	1	100	6.96	0.0489	1.0	-0.22	2.74	1.00	0.00	0.16	111115
176	"07:01:30"	20180720	201	0	11.7	0.149	245	2.48	1.71	23.71	6	1.42	1	2.84	27.41	23.71	30.10	400.07	384.94	9.349	12.284	25.51	33.51	500.6	1700	1	100	6.96	0.0489	1.0	-0.22	2.74	1.00	0.00	0.16	111115
177	"07:01:30"	20180720	201	0	11.7	0.149	245	2.48	1.72	23.72	6	1.42	1	2.84	27.42	23.72	30.11	400.06	384.95	9.350	12.287	25.50	33.51	500.6	1700	1	100	6.96	0.0489	1.0	-0.22	2.74	1.00	0.00	0.16	111115
178	"07:01:31"	20180720	201	0	11.7	0.149	245	2.48	1.72	23.73	6	1.42	1	2.84	27.42	23.73	30.11	400.07	384.95	9.351	12.286	25.49	33.49	500.6	1700	1	100	6.96	0.0489	1.0	-0.22	2.74	1.00	0.00	0.16	111115
179	"07:01:31"	20180720	201	0	11.7	0.149	245	2.48	1.72	23.73	6	1.42	1	2.84	27.42	23.73	30.11	400.07	384.95	9.351	12.286	25.49	33.49	500.6	1700	1	100	6.96	0.0489	1.0	-0.22	2.74	1.00	0.00	0.16	111115
180	"07:01:31"	20180720	201	0	11.6	0.149	245	2.48	1.72	23.74	6	1.42	1	2.84	27.43	23.74	30.11	400.05	384.95	9.352	12.288	25.48	33.48	500.6	1700	1	100	6.96	0.0489	1.0	-0.22	2.74	1.00	0.00	0.16	111115
181	"07:01:32"	20180720	201	0	11.6	0.149	246	2.48	1.72	23.75	6	1.42	1	2.84	27.44	23.75	30.11	400.04	384.97	9.353	12.291	25.47	33.47	500.6	1700	1	100	6.96	0.0489	1.0	-0.22	2.74	1.00	0.00	0.16	111115
182	"07:01:32"	20180720	201	0	11.6	0.149	246	2.48	1.72	23.75	6	1.42	1	2.84	27.44	23.75	30.11	400.04	384.97	9.353	12.291	25.47	33.47	500.6	1700	1	100	6.96	0.0489	1.0	-0.22	2.74	1.00	0.00	0.16	111115
"07:01:44 Coolers: Tblock -> 35.00 C"
183	"07:02:52"	20180720	201	0	11.2	0.132	233	2.76	2.13	26.16	6	1.42	1	2.84	31.51	26.16	35.15	400.07	385.33	9.443	12.704	20.33	27.35	500.5	1700	1	100	6.96	0.0489	1.0	-0.22	2.74	1.00	0.00	0.16	111115
184	"07:02:53"	20180720	201	0	11.2	0.132	233	2.76	2.13	26.16	6	1.42	1	2.84	31.51	26.16	35.15	400.07	385.33	9.443	12.704	20.33	27.35	500.5	1700	1	100	6.96	0.0489	1.0	-0.22	2.74	1.00	0.00	0.16	111115
185	"07:02:53"	20180720	201	0	11.2	0.132	233	2.76	2.14	26.17	6	1.42	1	2.84	31.52	26.17	35.16	400.02	385.34	9.445	12.705	20.32	27.34	500.5	1700	1	100	6.96	0.0489	1.0	-0.22	2.74	1.00	0.00	0.16	111115
186	"07:02:53"	20180720	201	0	11.2	0.132	233	2.76	2.14	26.17	6	1.42	1	2.84	31.52	26.17	35.16	400.02	385.34	9.445	12.705	20.32	27.34	500.5	1700	1	100	6.96	0.0489	1.0	-0.22	2.74	1.00	0.00	0.16	111115
187	"07:02:54"	20180720	201	0	11.1	0.132	234	2.76	2.14	26.18	6	1.42	1	2.84	31.53	26.18	35.16	399.96	385.36	9.445	12.706	20.31	27.33	500.6	1700	1	100	6.96	0.0489	1.0	-0.22	2.74	1.00	0.00	0.16	111115
188	"07:02:54"	20180720	201	0	11.1	0.131	234	2.76	2.14	26.20	6	1.42	1	2.84	31.54	26.20	35.16	399.93	385.35	9.446	12.707	20.30	27.31	500.6	1700	1	100	6.96	0.0489	1.0	-0.22	2.74	1.00	0.00	0.16	111115
189	"07:02:54"	20180720	201	0	11.1	0.131	234	2.76	2.14	26.20	6	1.42	1	2.84	31.54	26.20	35.16	399.93	385.35	9.446	12.707	20.30	27.31	500.6	1700	1	100	6.96	0.0489	1.0	-0.22	2.74	1.00	0.00	0.16	111115
190	"07:02:55"	20180720	201	0	11.1	0.131	234	2.76	2.15	26.22	6	1.42	1	2.84	31.55	26.22	35.16	399.90	385.32	9.448	12.709	20.30	27.30	500.5	1700	1	100	6.96	0.0489	1.0	-0.22	2.74	1.00	0.00	0.16	111115
191	"07:02:55"	20180720	201	0	11.1	0.131	233	2.76	2.15	26.23	6	1.42	1	2.84	31.56	26.23	35.16	399.90	385.30	9.448	12.710	20.28	27.29	500.5	1700	1	100	6.96	0.0489	1.0	-0.22	2.74	1.00	0.00	0.16	111115
192	"07:02:55"	20180720	201	0	11.1	0.131	233	2.76	2.15	26.25	6	1.42	1	2.84	31.57	26.25	35.16	399.90	385.29	9.448	12.711	20.27	27.28	500.5	1700	1	100	6.96	0.0489	1.0	-0.22	2.74	1.00	0.00	0.16	111115
193	"07:02:56"	20180720	201	0	11.1	0.131	233	2.76	2.15	26.25	6	1.42	1	2.84	31.57	26.25	35.16	399.90	385.29	9.448	12.711	20.27	27.28	500.5	1700	1	100	6.96	0.0489	1.0	-0.22	2.74	1.00	0.00	0.16	111115
194	"07:02:56"	20180720	201	0	11.1	0.131	232	2.76	2.16	26.27	6	1.42	1	2.84	31.58	26.27	35.16	399.90	385.27	9.448	12.711	20.26	27.26	500.6	1700	1	100	6.96	0.0489	1.0	-0.22	2.74	1.00	0.00	0.16	111115
195	"07:02:57"	20180720	201	0	11.1	0.13	232	2.76	2.16	26.28	6	1.42	1	2.84	31.59	26.28	35.16	399.90	385.27	9.448	12.711	20.25	27.25	500.6	1700	1	100	6.96	0.0489	1.0	-0.22	2.74	1.00	0.00	0.16	111115
196	"07:02:57"	20180720	201	0	11.2	0.13	232	2.76	2.16	26.30	6	1.42	1	2.84	31.60	26.30	35.16	399.90	385.26	9.448	12.711	20.24	27.24	500.6	1700	1	100	6.96	0.0489	1.0	-0.22	2.74	1.00	0.00	0.16	111115
197	"07:02:57"	20180720	201	0	11.2	0.13	232	2.76	2.17	26.32	6	1.42	1	2.84	31.61	26.32	35.15	399.90	385.25	9.450	12.713	20.24	27.23	500.6	1700	1	100	6.96	0.0489	1.0	-0.22	2.74	1.00	0.00	0.16	111115
198	"07:02:58"	20180720	201	0	11.2	0.13	232	2.76	2.17	26.32	6	1.42	1	2.84	31.61	26.32	35.15	399.90	385.25	9.450	12.713	20.24	27.23	500.6	1700	1	100	6.96	0.0489	1.0	-0.22	2.74	1.00	0.00	0.16	111115
199	"07:02:58"	20180720	201	0	11.1	0.13	232	2.76	2.17	26.33	6	1.42	1	2.84	31.61	26.33	35.15	399.85	385.27	9.449	12.715	20.23	27.22	500.6	1700	1	100	6.96	0.0489	1.0	-0.22	2.74	1.00	0.00	0.16	111115
200	"07:02:59"	20180720	201	0	11.1	0.13	232	2.76	2.17	26.34	6	1.42	1	2.84	31.62	26.34	35.14	399.85	385.26	9.450	12.714	20.22	27.20	500.6	1700	1	100	6.96	0.0489	1.0	-0.22	2.74	1.00	0.00	0.16	111115
201	"07:02:59"	20180720	201	0	11.1	0.13	232	2.76	2.17	26.35	6	1.42	1	2.84	31.63	26.35	35.14	399.82	385.28	9.450	12.715	20.21	27.19	500.6	1700	1	100	6.96	0.0489	1.0	-0.22	2.74	1.00	0.00	0.16	111115
202	"07:02:59"	20180720	201	0	11.1	0.13	232	2.76	2.17	26.35	6	1.42	1	2.84	31.63	26.35	35.14	399.82	385.28	9.450	12.715	20.21	27.19	500.6	1700	1	100	6.96	0.0489	1.0	-0.22	2.74	1.00	0.00	0.16	111115
203	"07:03:00"	20180720	201	0	11.1	0.13	233	2.76	2.17	26.36	6	1.42	1	2.84	31.64	26.36	35.13	399.79	385.27	9.451	12.718	20.20	27.19	500.6	1700	1	100	6.96	0.0489	1.0	-0.22	2.74	1.00	0.00	0.16	111115
204	"07:03:00"	20180720	201	0	11	0.13	233	2.76	2.18	26.37	6	1.42	1	2.84	31.64	26.37	35.13	399.78	385.27	9.451	12.719	20.20	27.18	500.6	1700	1	100	6.96	0.0489	1.0	-0.22	2.74	1.00	0.00	0.16	111115
205	"07:03:00"	20180720	201	0	11	0.13	233	2.76	2.18	26.37	6	1.42	1	2.84	31.64	26.37	35.13	399.78	385.27	9.451	12.719	20.20	27.18	500.6	1700	1	100	6.96	0.0489	1.0	-0.22	2.74	1.00	0.00	0.16	111115
206	"07:03:01"	20180720	201	0	11.1	0.129	232	2.76	2.18	26.37	6	1.42	1	2.84	31.65	26.37	35.12	399.77	385.25	9.452	12.720	20.19	27.17	500.6	1699	1	100	6.96	0.0489	1.0	-0.22	2.74	1.00	0.00	0.16	111115
207	"07:03:01"	20180720	201	0	11.1	0.129	232	2.76	2.18	26.38	6	1.42	1	2.84	31.66	26.38	35.12	399.80	385.25	9.453	12.722	20.19	27.17	500.5	1699	1	100	6.96	0.0489	1.0	-0.22	2.74	1.00	0.00	0.16	111115
208	"07:03:02"	20180720	201	0	11.1	0.129	232	2.76	2.18	26.39	6	1.42	1	2.84	31.66	26.39	35.12	399.81	385.23	9.453	12.722	20.18	27.16	500.5	1699	1	100	6.96	0.0489	1.0	-0.22	2.74	1.00	0.00	0.16	111115
"07:03:13 Coolers: Tblock -> 40.00 C"
209	"07:04:59"	20180720	201	0	10.3	0.101	206	2.86	2.84	29.49	6	1.42	1	2.84	36.10	29.49	40.07	400.09	386.44	9.543	12.931	15.90	21.55	500.5	1700	1	100	6.96	0.0489	1.0	-0.22	2.74	1.00	0.00	0.16	111115
210	"07:05:00"	20180720	201	0	10.3	0.101	206	2.86	2.84	29.49	6	1.42	1	2.84	36.10	29.49	40.07	400.09	386.44	9.543	12.931	15.90	21.55	500.5	1700	1	100	6.96	0.0489	1.0	-0.22	2.74	1.00	0.00	0.16	111115
211	"07:05:00"	20180720	201	0	10.3	0.101	205	2.86	2.85	29.50	6	1.42	1	2.84	36.11	29.50	40.07	400.08	386.42	9.543	12.930	15.90	21.54	500.6	1700	1	100	6.96	0.0489	1.0	-0.22	2.74	1.00	0.00	0.16	111115
212	"07:05:00"	20180720	201	0	10.3	0.101	205	2.86	2.85	29.50	6	1.42	1	2.84	36.11	29.50	40.07	400.08	386.42	9.543	12.930	15.90	21.54	500.6	1700	1	100	6.96	0.0489	1.0	-0.22	2.74	1.00	0.00	0.16	111115
213	"07:05:01"	20180720	201	0	10.3	0.101	204	2.86	2.85	29.51	6	1.42	1	2.84	36.11	29.51	40.06	400.09	386.39	9.544	12.931	15.89	21.53	500.5	1700	1	100	6.96	0.0489	1.0	-0.22	2.74	1.00	0.00	0.16	111115
214	"07:05:01"	20180720	201	0	10.3	0.101	204	2.86	2.85	29.52	6	1.42	1	2.84	36.12	29.52	40.05	400.09	386.39	9.544	12.929	15.89	21.53	500.6	1700	1	100	6.96	0.0489	1.0	-0.22	2.74	1.00	0.00	0.16	111115
215	"07:05:02"	20180720	201	0	10.3	0.101	204	2.86	2.85	29.52	6	1.42	1	2.84	36.12	29.52	40.05	400.10	386.38	9.543	12.927	15.89	21.52	500.6	1700	1	100	6.96	0.0489	1.0	-0.22	2.74	1.00	0.00	0.16	111115
216	"07:05:02"	20180720	201	0	10.4	0.101	203	2.86	2.85	29.52	6	1.42	1	2.84	36.12	29.52	40.04	400.12	386.37	9.543	12.926	15.88	21.51	500.6	1700	1	100	6.96	0.0489	1.0	-0.22	2.74	1.00	0.00	0.16	111115
217	"07:05:02"	20180720	201	0	10.4	0.101	203	2.86	2.85	29.52	6	1.42	1	2.84	36.12	29.52	40.04	400.12	386.37	9.543	12.926	15.88	21.51	500.6	1700	1	100	6.96	0.0489	1.0	-0.22	2.74	1.00	0.00	0.16	111115
218	"07:05:03"	20180720	201	0	10.4	0.101	203	2.86	2.85	29.53	6	1.42	1	2.84	36.13	29.53	40.04	400.12	386.35	9.543	12.925	15.88	21.51	500.6	1700	1	100	6.96	0.0489	1.0	-0.22	2.74	1.00	0.00	0.16	111115
219	"07:05:03"	20180720	201	0	10.4	0.101	202	2.86	2.85	29.52	6	1.42	1	2.84	36.13	29.52	40.04	400.14	386.33	9.544	12.925	15.88	21.50	500.6	1700	1	100	6.96	0.0489	1.0	-0.22	2.74	1.00	0.00	0.16	111115
220	"07:05:03"	20180720	201	0	10.4	0.101	202	2.85	2.85	29.53	6	1.42	1	2.84	36.13	29.53	40.04	400.15	386.34	9.545	12.921	15.88	21.49	500.6	1700	1	100	6.96	0.0489	1.0	-0.22	2.74	1.00	0.00	0.16	111115
221	"07:05:04"	20180720	201	0	10.4	0.101	202	2.85	2.85	29.53	6	1.42	1	2.84	36.14	29.53	40.04	400.16	386.37	9.545	12.921	15.87	21.49	500.6	1700	1	100	6.96	0.0489	1.0	-0.22	2.74	1.00	0.00	0.16	111115
222	"07:05:04"	20180720	201	0	10.4	0.101	202	2.85	2.85	29.53	6	1.42	1	2.84	36.14	29.53	40.04	400.16	386.37	9.545	12.921	15.87	21.49	500.6	1700	1	100	6.96	0.0489	1.0	-0.22	2.74	1.00	0.00	0.16	111115
223	"07:05:05"	20180720	201	0	10.4	0.101	202	2.85	2.86	29.53	6	1.42	1	2.84	36.14	29.53	40.04	400.17	386.38	9.545	12.921	15.87	21.48	500.6	1700	1	100	6.96	0.0489	1.0	-0.22	2.74	1.00	0.00	0.16	111115
224	"07:05:05"	20180720	201	0	10.4	0.101	203	2.85	2.86	29.54	6	1.42	1	2.84	36.15	29.54	40.04	400.17	386.40	9.546	12.923	15.87	21.48	500.5	1700	1	100	6.96	0.0489	1.0	-0.22	2.74	1.00	0.00	0.16	111115
225	"07:05:05"	20180720	201	0	10.4	0.101	203	2.85	2.86	29.54	6	1.42	1	2.84	36.15	29.54	40.04	400.17	386.40	9.546	12.923	15.87	21.48	500.5	1700	1	100	6.96	0.0489	1.0	-0.22	2.74	1.00	0.00	0.16	111115
226	"07:05:06"	20180720	201	0	10.4	0.101	202	2.85	2.86	29.54	6	1.42	1	2.84	36.15	29.54	40.05	400.17	386.38	9.547	12.922	15.86	21.47	500.5	1700	1	100	6.96	0.0489	1.0	-0.22	2.74	1.00	0.00	0.16	111115
227	"07:05:06"	20180720	201	0	10.4	0.1	202	2.85	2.86	29.56	6	1.42	1	2.84	36.16	29.56	40.05	400.15	386.39	9.547	12.922	15.86	21.47	500.6	1700	1	100	6.96	0.0489	1.0	-0.22	2.74	1.00	0.00	0.16	111115
228	"07:05:07"	20180720	201	0	10.4	0.1	202	2.85	2.86	29.57	6	1.42	1	2.84	36.16	29.57	40.05	400.16	386.39	9.548	12.920	15.86	21.46	500.6	1700	1	100	6.96	0.0489	1.0	-0.22	2.74	1.00	0.00	0.16	111115
229	"07:05:07"	20180720	201	0	10.4	0.1	201	2.85	2.87	29.59	6	1.42	1	2.84	36.17	29.59	40.06	400.17	386.38	9.548	12.920	15.85	21.45	500.6	1700	1	100	6.96	0.0489	1.0	-0.22	2.74	1.00	0.00	0.16	111115
"07:05:15 Coolers: Tblock -> 45.00 C"
230	"07:10:11"	20180720	201	0	9.31	0.0673	145	2.67	3.93	33.58	6	1.42	1	2.84	40.85	33.58	45.27	400.17	387.76	9.758	12.918	12.58	16.66	500.5	1699	2	100	6.96	0.0489	1.0	-0.22	2.74	1.00	0.00	0.16	111115
231	"07:10:12"	20180720	201	0	9.24	0.0672	146	2.67	3.93	33.60	6	1.42	1	2.84	40.86	33.60	45.25	400.13	387.81	9.760	12.920	12.57	16.65	500.5	1699	2	100	6.96	0.0489	1.0	-0.22	2.74	1.00	0.00	0.16	111115
232	"07:10:12"	20180720	201	0	9.24	0.0672	146	2.67	3.93	33.60	6	1.42	1	2.84	40.86	33.60	45.25	400.13	387.81	9.760	12.920	12.57	16.65	500.5	1699	2	100	6.96	0.0489	1.0	-0.22	2.74	1.00	0.00	0.16	111115
233	"07:10:12"	20180720	201	0	9.23	0.0672	146	2.67	3.94	33.61	6	1.42	1	2.84	40.88	33.61	45.23	400.16	387.86	9.762	12.924	12.57	16.64	500.4	1699	2	100	6.96	0.0489	1.0	-0.22	2.74	1.00	0.00	0.16	111115
234	"07:10:13"	20180720	201	0	9.18	0.0672	148	2.67	3.94	33.62	6	1.42	1	2.84	40.89	33.62	45.21	400.14	387.89	9.763	12.927	12.56	16.63	500.4	1699	2	100	6.96	0.0489	1.0	-0.22	2.74	1.00	0.00	0.16	111115
235	"07:10:13"	20180720	201	0	9.11	0.0672	149	2.68	3.94	33.63	6	1.42	1	2.84	40.90	33.63	45.19	400.07	387.90	9.764	12.930	12.56	16.63	500.4	1699	2	100	6.96	0.0489	0.7	-0.22	2.74	1.00	0.00	0.16	111115
236	"07:10:13"	20180720	201	0	9.11	0.0672	149	2.68	3.94	33.63	6	1.42	1	2.84	40.90	33.63	45.19	400.07	387.90	9.764	12.930	12.56	16.63	500.4	1699	2	100	6.96	0.0489	0.7	-0.22	2.74	1.00	0.00	0.16	111115
237	"07:10:14"	20180720	201	0	9.06	0.0672	150	2.68	3.94	33.64	6	1.42	1	2.84	40.90	33.64	45.17	400.03	387.92	9.764	12.931	12.55	16.62	500.4	1699	2	100	6.96	0.0489	0.7	-0.22	2.74	1.00	0.00	0.16	111115
238	"07:10:14"	20180720	201	0	9.05	0.0672	151	2.68	3.95	33.65	6	1.42	1	2.84	40.91	33.65	45.15	400.02	387.93	9.764	12.932	12.55	16.62	500.5	1699	2	100	6.96	0.0489	0.7	-0.22	2.74	1.00	0.00	0.16	111115
239	"07:10:15"	20180720	201	0	9.04	0.0671	150	2.68	3.95	33.66	6	1.42	1	2.84	40.92	33.66	45.12	399.99	387.90	9.765	12.933	12.54	16.61	500.5	1699	2	100	6.96	0.0489	0.7	-0.22	2.74	1.00	0.00	0.16	111115
240	"07:10:15"	20180720	201	0	9.04	0.0671	150	2.68	3.95	33.66	6	1.42	1	2.84	40.92	33.66	45.12	399.99	387.90	9.765	12.933	12.54	16.61	500.5	1699	2	100	6.96	0.0489	0.7	-0.22	2.74	1.00	0.00	0.16	111115
241	"07:10:15"	20180720	201	0	9.09	0.0671	149	2.68	3.95	33.67	6	1.42	1	2.84	40.92	33.67	45.10	400.02	387.88	9.765	12.935	12.54	16.61	500.5	1699	2	100	6.96	0.0489	0.7	-0.22	2.74	1.00	0.00	0.16	111115
242	"07:10:16"	20180720	201	0	9.08	0.0671	149	2.68	3.95	33.68	6	1.42	1	2.84	40.93	33.68	45.08	400.01	387.88	9.765	12.935	12.54	16.61	500.5	1699	2	100	6.96	0.0489	0.7	-0.22	2.74	1.00	0.00	0.16	111115
243	"07:10:16"	20180720	201	0	9.08	0.0671	149	2.68	3.96	33.69	6	1.42	1	2.84	40.93	33.69	45.06	399.98	387.85	9.764	12.935	12.53	16.60	500.5	1699	2	100	6.96	0.0489	0.7	-0.22	2.74	1.00	0.00	0.16	111115
244	"07:10:17"	20180720	201	0	9.08	0.0671	149	2.68	3.96	33.69	6	1.42	1	2.84	40.93	33.69	45.06	399.98	387.85	9.764	12.935	12.53	16.60	500.5	1699	2	100	6.96	0.0489	0.7	-0.22	2.74	1.00	0.00	0.16	111115
245	"07:10:17"	20180720	201	0	9.03	0.067	150	2.68	3.96	33.69	6	1.42	1	2.84	40.94	33.69	45.04	399.93	387.86	9.764	12.934	12.53	16.60	500.5	1699	2	100	6.96	0.0489	0.7	-0.22	2.74	1.00	0.00	0.16	111115
246	"07:10:17"	20180720	201	0	9.06	0.0669	149	2.68	3.96	33.70	6	1.42	1	2.84	40.94	33.70	45.02	399.94	387.83	9.765	12.934	12.53	16.59	500.6	1699	2	100	6.96	0.0489	0.7	-0.22	2.74	1.00	0.00	0.16	111115
247	"07:10:18"	20180720	201	0	9.06	0.0669	149	2.68	3.96	33.71	6	1.42	1	2.84	40.94	33.71	45.00	399.91	387.80	9.766	12.934	12.53	16.59	500.5	1699	2	100	6.96	0.0489	0.7	-0.22	2.74	1.00	0.00	0.16	111115
248	"07:10:18"	20180720	201	0	9.07	0.0669	149	2.68	3.96	33.71	6	1.42	1	2.84	40.95	33.71	44.99	399.90	387.79	9.766	12.934	12.53	16.59	500.5	1699	2	100	6.96	0.0489	0.7	-0.22	2.74	1.00	0.00	0.16	111115
249	"07:10:19"	20180720	201	0	9.07	0.0669	149	2.68	3.96	33.71	6	1.42	1	2.84	40.95	33.71	44.99	399.90	387.79	9.766	12.934	12.53	16.59	500.5	1699	2	100	6.96	0.0489	0.7	-0.22	2.74	1.00	0.00	0.16	111115
250	"07:10:19"	20180720	201	0	9.08	0.0669	149	2.68	3.96	33.71	6	1.42	1	2.84	40.95	33.71	44.97	399.91	387.79	9.767	12.934	12.53	16.59	500.5	1699	2	100	6.96	0.0489	0.7	-0.22	2.74	1.00	0.00	0.16	111115
251	"07:10:19"	20180720	201	0	9.08	0.0669	149	2.68	3.96	33.70	6	1.42	1	2.84	40.95	33.70	44.96	399.90	387.77	9.767	12.935	12.52	16.59	500.5	1699	2	100	6.96	0.0489	0.7	-0.22	2.74	1.00	0.00	0.16	111115
"07:10:28 Coolers: Tblock -> 50.00 C"
"07:11:29 Lamp: ParIn ->  1700 uml"
"07:11:29 CO2 Mixer: CO2R -> 400 uml"
"07:11:29 Coolers: Tblock -> 50.00 C"
"07:11:29 Flow: Fixed -> 500 umol/s"
"07:12:24 Coolers: Tblock -> 49.82 C"
252	"07:12:37"	20180720	201	0	8.75	0.0629	141	2.98	4.66	36.08	6	1.42	1	2.84	45.19	36.08	49.76	399.78	387.91	9.861	13.382	10.13	13.75	500.5	1700	1	100	6.96	0.0489	1.0	-0.22	2.74	1.00	0.00	0.16	111115
253	"07:12:37"	20180720	201	0	8.75	0.0629	141	2.98	4.66	36.08	6	1.42	1	2.84	45.19	36.08	49.76	399.78	387.91	9.861	13.382	10.13	13.75	500.5	1700	1	100	6.96	0.0489	1.0	-0.22	2.74	1.00	0.00	0.16	111115
254	"07:12:38"	20180720	201	0	8.71	0.0629	142	2.98	4.66	36.08	6	1.42	1	2.84	45.20	36.08	49.77	399.77	387.94	9.861	13.381	10.13	13.74	500.5	1700	1	100	6.96	0.0489	1.0	-0.22	2.74	1.00	0.00	0.16	111115
255	"07:12:38"	20180720	201	0	8.73	0.063	142	2.98	4.66	36.08	6	1.42	1	2.84	45.20	36.08	49.77	399.77	387.92	9.861	13.384	10.13	13.74	500.5	1700	1	100	6.96	0.0489	1.0	-0.22	2.74	1.00	0.00	0.16	111115
256	"07:12:38"	20180720	201	0	8.73	0.063	142	2.98	4.66	36.08	6	1.42	1	2.84	45.20	36.08	49.77	399.77	387.92	9.861	13.384	10.13	13.74	500.5	1700	1	100	6.96	0.0489	1.0	-0.22	2.74	1.00	0.00	0.16	111115
257	"07:12:39"	20180720	201	0	8.75	0.063	141	2.98	4.66	36.09	6	1.42	1	2.84	45.21	36.09	49.77	399.77	387.90	9.861	13.384	10.12	13.74	500.5	1700	1	100	6.96	0.0489	1.0	-0.22	2.74	1.00	0.00	0.16	111115
258	"07:12:39"	20180720	201	0	8.75	0.063	141	2.98	4.66	36.09	6	1.42	1	2.84	45.21	36.09	49.77	399.79	387.92	9.861	13.387	10.12	13.74	500.5	1700	1	100	6.96	0.0489	1.0	-0.22	2.74	1.00	0.00	0.16	111115
259	"07:12:40"	20180720	201	0	8.79	0.063	140	2.98	4.66	36.09	6	1.42	1	2.84	45.22	36.09	49.77	399.82	387.89	9.861	13.389	10.12	13.74	500.5	1700	1	100	6.96	0.0489	1.0	-0.22	2.74	1.00	0.00	0.16	111115
260	"07:12:40"	20180720	201	0	8.8	0.063	140	2.98	4.66	36.10	6	1.42	1	2.84	45.22	36.10	49.77	399.83	387.89	9.861	13.389	10.12	13.73	500.5	1700	1	100	6.96	0.0489	1.0	-0.22	2.74	1.00	0.00	0.16	111115
261	"07:12:40"	20180720	201	0	8.82	0.0629	139	2.98	4.66	36.10	6	1.42	1	2.84	45.23	36.10	49.77	399.84	387.88	9.861	13.387	10.11	13.73	500.5	1700	1	100	6.96	0.0489	1.0	-0.22	2.74	1.00	0.00	0.16	111115
262	"07:12:41"	20180720	201	0	8.82	0.0629	139	2.98	4.66	36.10	6	1.42	1	2.84	45.23	36.10	49.77	399.84	387.88	9.861	13.387	10.11	13.73	500.5	1700	1	100	6.96	0.0489	1.0	-0.22	2.74	1.00	0.00	0.16	111115
263	"07:12:41"	20180720	201	0	8.85	0.0629	138	2.98	4.67	36.12	6	1.42	1	2.84	45.23	36.12	49.77	399.88	387.88	9.862	13.387	10.11	13.73	500.5	1700	1	100	6.96	0.0489	1.0	-0.22	2.74	1.00	0.00	0.16	111115
264	"07:12:42"	20180720	201	0	8.9	0.0628	137	2.98	4.67	36.13	6	1.42	1	2.84	45.24	36.13	49.77	399.93	387.87	9.862	13.388	10.11	13.72	500.5	1700	1	100	6.96	0.0489	1.0	-0.22	2.74	1.00	0.00	0.16	111115
265	"07:12:42"	20180720	201	0	8.91	0.0628	136	2.98	4.67	36.13	6	1.42	1	2.84	45.24	36.13	49.77	399.97	387.89	9.863	13.387	10.11	13.72	500.5	1700	2	100	6.96	0.0489	1.0	-0.22	2.74	1.00	0.00	0.16	111115
266	"07:12:43"	20180720	201	0	8.93	0.0628	136	2.98	4.68	36.14	6	1.42	1	2.84	45.24	36.14	49.77	400.00	387.91	9.864	13.389	10.11	13.72	500.5	1700	2	100	6.96	0.0489	1.0	-0.22	2.74	1.00	0.00	0.16	111115
267	"07:12:43"	20180720	201	0	8.94	0.0628	136	2.98	4.68	36.15	6	1.42	1	2.84	45.25	36.15	49.77	400.02	387.92	9.864	13.391	10.10	13.72	500.5	1699	2	100	6.96	0.0489	1.0	-0.22	2.74	1.00	0.00	0.16	111115
268	"07:12:43"	20180720	201	0	8.94	0.0628	136	2.98	4.68	36.15	6	1.42	1	2.84	45.25	36.15	49.77	400.02	387.92	9.864	13.391	10.10	13.72	500.5	1699	2	100	6.96	0.0489	1.0	-0.22	2.74	1.00	0.00	0.16	111115
269	"07:12:44"	20180720	201	0	8.95	0.0627	135	2.98	4.68	36.16	6	1.42	1	2.84	45.25	36.16	49.77	400.04	387.93	9.864	13.390	10.10	13.71	500.5	1699	2	100	6.96	0.0489	1.0	-0.22	2.74	1.00	0.00	0.16	111115
270	"07:12:47"	20180720	201	0	8.92	0.0627	136	2.99	4.69	36.20	6	1.42	1	2.84	45.28	36.20	49.77	400.21	388.12	9.868	13.405	10.09	13.71	500.4	1699	2	100	6.96	0.0489	1.0	-0.22	2.74	1.00	0.00	0.16	111115
271	"07:12:47"	20180720	201	0	8.92	0.0627	136	2.99	4.69	36.20	6	1.42	1	2.84	45.28	36.20	49.77	400.21	388.12	9.868	13.405	10.09	13.71	500.4	1699	2	100	6.96	0.0489	1.0	-0.22	2.74	1.00	0.00	0.16	111115
272	"07:12:48"	20180720	201	0	8.88	0.0627	137	2.99	4.7	36.21	6	1.42	1	2.84	45.28	36.21	49.77	400.20	388.16	9.868	13.407	10.09	13.71	500.5	1699	2	100	6.96	0.0489	1.0	-0.22	2.74	1.00	0.00	0.16	111115
273	"07:12:48"	20180720	201	0	8.82	0.0627	138	2.99	4.7	36.22	6	1.42	1	2.84	45.29	36.22	49.77	400.18	388.21	9.869	13.409	10.09	13.71	500.5	1699	2	100	6.96	0.0489	1.0	-0.22	2.74	1.00	0.00	0.16	111115
274	"07:12:49"	20180720	201	0	8.8	0.0626	139	2.99	4.7	36.23	6	1.42	1	2.84	45.29	36.23	49.77	400.17	388.23	9.870	13.408	10.09	13.71	500.5	1699	2	100	6.96	0.0489	1.0	-0.22	2.74	1.00	0.00	0.16	111115
275	"07:12:49"	20180720	201	0	8.76	0.0626	140	2.99	4.7	36.23	6	1.42	1	2.84	45.29	36.23	49.77	400.17	388.28	9.870	13.410	10.09	13.71	500.5	1699	2	100	6.96	0.0489	0.7	-0.22	2.74	1.00	0.00	0.16	111115
276	"07:12:49"	20180720	201	0	8.75	0.0626	140	2.99	4.7	36.23	6	1.42	1	2.84	45.30	36.23	49.76	400.16	388.28	9.871	13.409	10.09	13.70	500.5	1699	2	100	6.96	0.0489	0.7	-0.22	2.74	1.00	0.00	0.16	111115
277	"07:12:50"	20180720	201	0	8.75	0.0626	140	2.99	4.7	36.23	6	1.42	1	2.84	45.30	36.23	49.76	400.16	388.28	9.871	13.409	10.09	13.70	500.5	1699	2	100	6.96	0.0489	0.7	-0.22	2.74	1.00	0.00	0.16	111115
278	"07:12:50"	20180720	201	0	8.75	0.0626	140	2.99	4.71	36.24	6	1.42	1	2.84	45.30	36.24	49.76	400.17	388.30	9.872	13.410	10.08	13.70	500.5	1699	2	100	6.96	0.0489	0.7	-0.22	2.74	1.00	0.00	0.16	111115
279	"07:12:51"	20180720	201	0	8.74	0.0625	140	2.99	4.71	36.25	6	1.42	1	2.84	45.31	36.25	49.76	400.17	388.29	9.873	13.411	10.08	13.70	500.5	1699	2	100	6.96	0.0489	0.7	-0.22	2.74	1.00	0.00	0.16	111115
280	"07:12:51"	20180720	201	0	8.76	0.0624	139	2.99	4.71	36.26	6	1.42	1	2.84	45.31	36.26	49.76	400.17	388.27	9.874	13.409	10.08	13.69	500.5	1699	2	100	6.96	0.0489	0.7	-0.22	2.74	1.00	0.00	0.16	111115
281	"07:12:51"	20180720	201	0	8.76	0.0624	139	2.99	4.71	36.26	6	1.42	1	2.84	45.31	36.26	49.76	400.17	388.27	9.874	13.409	10.08	13.69	500.5	1699	2	100	6.96	0.0489	0.7	-0.22	2.74	1.00	0.00	0.16	111115
282	"07:12:52"	20180720	201	0	8.77	0.0624	139	2.99	4.72	36.27	6	1.42	1	2.84	45.31	36.27	49.76	400.18	388.28	9.874	13.410	10.08	13.69	500.5	1699	2	100	6.96	0.0489	0.7	-0.22	2.74	1.00	0.00	0.16	111115
283	"07:12:52"	20180720	201	0	8.78	0.0624	138	2.99	4.72	36.28	6	1.42	1	2.84	45.32	36.28	49.76	400.18	388.26	9.875	13.411	10.08	13.69	500.6	1699	2	100	6.96	0.0489	0.7	-0.22	2.74	1.00	0.00	0.16	111115
284	"07:12:53"	20180720	201	0	8.78	0.0623	138	2.99	4.72	36.29	6	1.42	1	2.84	45.32	36.29	49.76	400.18	388.25	9.876	13.413	10.08	13.69	500.5	1699	2	100	6.96	0.0489	0.7	-0.22	2.74	1.00	0.00	0.16	111115
285	"07:12:53"	20180720	201	0	8.8	0.0623	137	2.99	4.73	36.30	6	1.42	1	2.84	45.32	36.30	49.76	400.17	388.23	9.876	13.414	10.08	13.69	500.5	1699	2	100	6.96	0.0489	0.7	-0.22	2.74	1.00	0.00	0.16	111115
286	"07:12:53"	20180720	201	0	8.8	0.0623	137	2.99	4.73	36.30	6	1.42	1	2.84	45.32	36.30	49.76	400.17	388.23	9.876	13.414	10.08	13.69	500.5	1699	2	100	6.96	0.0489	0.7	-0.22	2.74	1.00	0.00	0.16	111115
287	"07:12:54"	20180720	201	0	8.79	0.0623	137	2.99	4.73	36.31	6	1.42	1	2.84	45.33	36.31	49.76	400.17	388.24	9.876	13.414	10.08	13.69	500.5	1699	2	100	6.96	0.0489	0.7	-0.22	2.74	1.00	0.00	0.16	111115
288	"07:12:54"	20180720	201	0	8.78	0.0622	137	2.99	4.73	36.32	6	1.42	1	2.84	45.33	36.32	49.76	400.16	388.23	9.877	13.415	10.08	13.69	500.5	1699	2	100	6.96	0.0489	0.7	-0.22	2.74	1.00	0.00	0.16	111115
289	"07:12:54"	20180720	201	0	8.75	0.0622	138	2.99	4.73	36.32	6	1.42	1	2.84	45.33	36.32	49.76	400.17	388.28	9.877	13.419	10.08	13.69	500.5	1699	2	100	6.96	0.0489	0.7	-0.22	2.74	1.00	0.00	0.16	111115
290	"07:12:55"	20180720	201	0	8.74	0.0622	138	2.99	4.74	36.34	6	1.42	1	2.84	45.33	36.34	49.76	400.18	388.30	9.878	13.419	10.07	13.69	500.5	1699	2	100	6.96	0.0489	0.7	-0.22	2.74	1.00	0.00	0.16	111115
291	"07:12:55"	20180720	201	0	8.74	0.0622	138	2.99	4.74	36.34	6	1.42	1	2.84	45.33	36.34	49.76	400.18	388.30	9.878	13.419	10.07	13.69	500.5	1699	2	100	6.96	0.0489	0.7	-0.22	2.74	1.00	0.00	0.16	111115
