"OPEN 6.3.4"
"Tue Jul 24 2018 07:04:53"
<open><version>"6.3.4"</version></open>
<open><configfile>"/User/Configs/UserPrefs/LED2x3.xml"</configfile></open>
<open><light><source>"6400-02 or -02B LED Source"</source><par_in>1<sensor>"SI-2503"<cal>-0.86<actinity>1.00</actinity><transm>1.00</transm></cal></sensor><transm>1</transm></par_in><par_out>1<sensor>"Q40491"<cal>6.5</cal></sensor></par_out></light></open>
<open><comps><file>"/User/Configs/Comps/StdComps_6.1"<header>""</header><extras></extras></file><energybal>no<f_parIn>1</f_parIn><f_parOut>0</f_parOut><alphaK>0.16</alphaK></energybal><bc_total>2.840<stomatal_ratio>1</stomatal_ratio><bc_oneside>1.420<type>2</type><table>"/Sys/Lib/StdBLCTable"</table><area>6</area><slope>-0.219565</slope><offset>2.73739</offset><fan>5</fan></bc_oneside></bc_total></comps></open>
<open><prompts><onlog>off</onlog><items>"Default (none)"</items></prompts></open>
<open><constants><oxygen>21 %</oxygen><bb_vapor>1.5</bb_vapor><bb_oxy>0.9</bb_oxy></constants></open>
<open><stability><items>"Std Stability"<items[1]><id>-2</id><size>15</size><pcv><onoff>0</onoff><value>1</value></pcv><std><onoff>0</onoff><value>1</value></std><slp><onoff>1</onoff><value>1</value></slp></items[1]><items[2]><id>-5</id><size>15</size><pcv><onoff>0</onoff><value>1</value></pcv><std><onoff>0</onoff><value>1</value></std><slp><onoff>1</onoff><value>1</value></slp></items[2]><items[3]><id>-7</id><size>15</size><pcv><onoff>0</onoff><value>1</value></pcv><std><onoff>0</onoff><value>1</value></std><slp><onoff>1</onoff><value>1</value></slp></items[3]></items></stability></open>
<open><log><format>"StdLogFmt_6.0"<items>{ -35 -21 -70 -69 -76 30 23 36 21 25 221 -33 111 -34 11 -9 -10 -8 -1 -2 -4 -5 -14 -15 -7 -12 -13 -11 -65 -66 -72 -18 -19 -77 -78 -79 -23  }<hdr>{  }</hdr></items></format><options><beep>on</beep><match>"never"<time>30</time><co2>100</co2><delta>10</delta></match><hdr>normal</hdr><rem>normal</rem><stab>no</stab><stats>no<mean>no</mean><file>no</file><period>15</period></stats><excel>yes</excel><controls>yes</controls><comm>no</comm></options><datafile>"/User/0000-AAX2436-240718"</datafile><button><action>"Normal Log"<code>" LogOneObsManual "</code></action></button><autoprog>"/User/Configs/AutoProgs/AutoLog2"<active>no</active></autoprog></log></open>
<open><a2d><avgtime>4.0 secs</avgtime><userchans><ch20>"Off"</ch20><ch21>"Off"</ch21><ch22>"Off"</ch22><ch23>"Off"</ch23></userchans></a2d></open>
<open><matching><type>0</type><disp>'a'</disp><settings>><CO2Limit>10.0</CO2Limit><H2OLimit>1.0</H2OLimit><MaxAutoTime>60</MaxAutoTime><AverageTime>10</AverageTime></settings></matching></open>
<li6400><factory><unit>"PSC-2470"</unit><serviced>"5 Feb 2018"</serviced><fuseaware>0</fuseaware><co2mixer>yes</co2mixer><co2><coeffs>{ 0 0.214772 2.55802e-05 1.93228e-08 -3.02262e-12 2.75724e-16  }</coeffs><dvdt>-4</dvdt><xs>{ 9.11e-05 0.00178  }</xs></co2><h2o><coeffs>{ 0 0.00581526 2.16703e-06 7.69607e-12  }</coeffs><dvdt>-2.9</dvdt><xs>{ -0.000111 -0.00256  }</xs></h2o><flow>{ 0 0.3696  }</flow><press>{ 86.913 0.00551  }</press></factory></li6400>
<li6400><user><flow_zero>-3.5</flow_zero><irga_zero><co2>113.5 152.5<at>27.1329</at></co2><h2o>-3.5 -3.5<at>28.1091</at></h2o></irga_zero><irga_span><co2>{ 0.990134 0.992694  }</co2><h2o>{ 0.996743 0.99801  }</h2o></irga_span><irga_match><co2>{ 0.110267 11.0825  }</co2><h2o>{ -0.0816591 -0.278421  }</h2o></irga_match><co2_mixer><pump_mv>4500</pump_mv><ppm>{ 2352.67 1117.67 439.284 266.3 121.188 70.6751 48.8233 48.8102  }</ppm><mv>{ 5000 3000 1500 1000 500 300 200 100  }</mv></co2_mixer><parin_offset>-0.211894</parin_offset><led_cal><unit>"SI-2503"</unit><mv>{ 10 25 50 100 1000 2000 3000 4000 5000  }</mv><qntm>{ 1.83047 9.20354 23.3042 57.5395 736.221 1467.2 2160.1 2821.48 3447.04  }</qntm></led_cal><lcf_cal><unit>"LCF-0981"</unit><red><mv>{ 50 100 200 400 800 1500  }</mv><qntm>{ 64.6036 145.758 312.409 661.73 1377.94 2641.23  }</qntm></red><blue><mv>{ 100 500 1000 2000 3000 4000 5000  }</mv><qntm>{ 11.107 44.4539 81.9578 145.168 203.372 256.093 300.56  }</qntm></blue></lcf_cal></user></li6400>
"07:04:55 "
$STARTOFDATA$
"Obs"	"HHMMSS"	"YYYYMMDD"	"DOY"	"EBal?"	"Photo"	"Cond"	"Ci"	"Trmmol"	"VpdL"	"CTleaf"	"Area"	"BLC_1"	"StmRat"	"BLCond"	"Tair"	"Tleaf"	"TBlk"	"CO2R"	"CO2S"	"H2OR"	"H2OS"	"RH_R"	"RH_S"	"Flow"	"PARi"	"PARo"	"Press"	"CsMch"	"HsMch"	"StableF"	"BLCslope"	"BLCoffst"	"f_parin"	"f_parout"	"alphaK"	"Status"
"07:05:56 Flow: Fixed -> 200 umol/s"
"07:15:37 Coolers: Tblock -> 0.00 C"
"07:27:55 Flow: Fixed -> 200 umol/s"
"07:28:04 Coolers: Tblock -> 0.50 C"
1	"07:28:15"	20180724	205	0	3.59	0.0461	258	0.322	0.706	6.85	6	1.42	1	2.84	2.44	6.85	0.50	399.31	388.15	1.929	2.892	26.41	39.58	199.9	1701	2	100.1	11.1	-0.278	1.0	-0.22	2.74	1.00	0.00	0.16	111115
2	"07:28:16"	20180724	205	0	3.59	0.0461	258	0.322	0.706	6.85	6	1.42	1	2.84	2.44	6.85	0.50	399.31	388.15	1.929	2.892	26.41	39.58	199.9	1701	2	100.1	11.1	-0.278	1.0	-0.22	2.74	1.00	0.00	0.16	111115
3	"07:28:16"	20180724	205	0	3.61	0.0461	257	0.322	0.706	6.85	6	1.42	1	2.84	2.44	6.85	0.51	399.33	388.11	1.929	2.891	26.40	39.58	199.9	1701	2	100.1	11.1	-0.278	1.0	-0.22	2.74	1.00	0.00	0.16	111115
4	"07:28:17"	20180724	205	0	3.6	0.046	257	0.321	0.706	6.86	6	1.42	1	2.84	2.44	6.86	0.51	399.31	388.12	1.929	2.891	26.40	39.57	199.9	1701	2	100.1	11.1	-0.278	1.0	-0.22	2.74	1.00	0.00	0.16	111115
5	"07:28:17"	20180724	205	0	3.59	0.0459	258	0.321	0.707	6.86	6	1.42	1	2.84	2.44	6.86	0.51	399.26	388.12	1.929	2.889	26.40	39.55	199.9	1701	2	100.1	11.1	-0.278	1.0	-0.22	2.74	1.00	0.00	0.16	111115
6	"07:28:18"	20180724	205	0	3.59	0.0459	258	0.321	0.707	6.86	6	1.42	1	2.84	2.44	6.86	0.51	399.26	388.11	1.929	2.889	26.41	39.55	199.9	1701	2	100.1	11.1	-0.278	1.0	-0.22	2.74	1.00	0.00	0.16	111115
7	"07:28:18"	20180724	205	0	3.6	0.0459	257	0.321	0.707	6.86	6	1.42	1	2.84	2.44	6.86	0.51	399.26	388.07	1.930	2.890	26.42	39.56	199.9	1701	2	100.1	11.1	-0.278	1.0	-0.22	2.74	1.00	0.00	0.16	111115
8	"07:28:19"	20180724	205	0	3.62	0.0458	256	0.32	0.707	6.85	6	1.42	1	2.84	2.44	6.85	0.51	399.29	388.06	1.930	2.888	26.42	39.54	199.9	1701	2	100.1	11.1	-0.278	1.0	-0.22	2.74	1.00	0.00	0.16	111115
9	"07:28:19"	20180724	205	0	3.64	0.0458	256	0.32	0.706	6.85	6	1.42	1	2.84	2.44	6.85	0.51	399.33	388.03	1.930	2.888	26.42	39.54	199.9	1701	2	100.1	11.1	-0.278	1.0	-0.22	2.74	1.00	0.00	0.16	111115
10	"07:28:20"	20180724	205	0	3.65	0.0458	255	0.32	0.706	6.85	6	1.42	1	2.84	2.44	6.85	0.51	399.32	387.98	1.930	2.887	26.42	39.52	199.9	1701	2	100.1	11.1	-0.278	1.0	-0.22	2.74	1.00	0.00	0.16	111115
11	"07:28:20"	20180724	205	0	3.64	0.0457	255	0.319	0.706	6.84	6	1.42	1	2.84	2.44	6.84	0.51	399.30	387.99	1.930	2.886	26.43	39.51	199.9	1701	2	100.1	11.1	-0.278	1.0	-0.22	2.74	1.00	0.00	0.16	111115
12	"07:28:21"	20180724	205	0	3.66	0.0458	255	0.319	0.705	6.83	6	1.42	1	2.84	2.44	6.83	0.52	399.30	387.95	1.931	2.887	26.43	39.52	199.9	1701	2	100.1	11.1	-0.278	1.0	-0.22	2.74	1.00	0.00	0.16	111115
13	"07:28:21"	20180724	205	0	3.68	0.0459	254	0.32	0.704	6.82	6	1.42	1	2.84	2.44	6.82	0.52	399.33	387.92	1.931	2.888	26.43	39.53	199.9	1701	2	100.1	11.1	-0.278	0.7	-0.22	2.74	1.00	0.00	0.16	111115
14	"07:28:22"	20180724	205	0	3.67	0.046	255	0.32	0.704	6.81	6	1.42	1	2.84	2.44	6.81	0.52	399.32	387.92	1.930	2.889	26.43	39.54	199.9	1702	2	100.1	11.1	-0.278	0.7	-0.22	2.74	1.00	0.00	0.16	111115
15	"07:28:22"	20180724	205	0	3.68	0.046	254	0.32	0.703	6.80	6	1.42	1	2.84	2.44	6.80	0.52	399.33	387.90	1.930	2.888	26.42	39.54	199.9	1702	2	100.1	11.1	-0.278	0.7	-0.22	2.74	1.00	0.00	0.16	111115
16	"07:28:23"	20180724	205	0	3.69	0.0461	254	0.321	0.703	6.80	6	1.42	1	2.84	2.44	6.80	0.52	399.33	387.86	1.930	2.889	26.42	39.55	199.9	1701	2	100.1	11.1	-0.278	0.7	-0.22	2.74	1.00	0.00	0.16	111115
17	"07:28:23"	20180724	205	0	3.7	0.046	254	0.32	0.703	6.81	6	1.42	1	2.84	2.44	6.81	0.53	399.34	387.85	1.930	2.889	26.43	39.55	199.9	1701	2	100.1	11.1	-0.278	0.7	-0.22	2.74	1.00	0.00	0.16	111115
18	"07:28:24"	20180724	205	0	3.71	0.046	253	0.32	0.704	6.81	6	1.42	1	2.84	2.44	6.81	0.53	399.35	387.83	1.930	2.890	26.42	39.55	199.9	1701	2	100.1	11.1	-0.278	0.7	-0.22	2.74	1.00	0.00	0.16	111115
19	"07:28:24"	20180724	205	0	3.72	0.0461	253	0.32	0.703	6.81	6	1.42	1	2.84	2.44	6.81	0.53	399.34	387.79	1.930	2.889	26.42	39.55	199.9	1701	2	100.1	11.1	-0.278	0.7	-0.22	2.74	1.00	0.00	0.16	111115
20	"07:28:25"	20180724	205	0	3.75	0.0461	252	0.321	0.703	6.80	6	1.42	1	2.84	2.44	6.80	0.53	399.37	387.76	1.930	2.890	26.42	39.55	199.9	1701	2	100.1	11.1	-0.278	0.7	-0.22	2.74	1.00	0.00	0.16	111115
21	"07:28:25"	20180724	205	0	3.75	0.0461	252	0.32	0.702	6.79	6	1.42	1	2.84	2.44	6.79	0.53	399.39	387.76	1.930	2.889	26.42	39.54	199.9	1700	2	100.1	11.1	-0.278	0.7	-0.22	2.74	1.00	0.00	0.16	111115
22	"07:28:26"	20180724	205	0	3.74	0.0461	253	0.32	0.701	6.78	6	1.42	1	2.84	2.44	6.78	0.53	399.37	387.76	1.930	2.888	26.42	39.53	199.9	1700	2	100.1	11.1	-0.278	0.7	-0.22	2.74	1.00	0.00	0.16	111115
23	"07:28:26"	20180724	205	0	3.75	0.0461	252	0.32	0.701	6.77	6	1.42	1	2.84	2.44	6.77	0.54	399.36	387.74	1.930	2.888	26.42	39.52	199.9	1700	2	100.1	11.1	-0.278	0.7	-0.22	2.74	1.00	0.00	0.16	111115
24	"07:28:27"	20180724	205	0	3.74	0.0461	252	0.32	0.7	6.76	6	1.42	1	2.84	2.44	6.76	0.54	399.36	387.74	1.931	2.887	26.42	39.52	199.9	1700	2	100.1	11.1	-0.278	0.7	-0.22	2.74	1.00	0.00	0.16	111115
25	"07:28:41"	20180724	205	0	3.95	0.046	245	0.32	0.704	6.81	6	1.42	1	2.84	2.46	6.81	0.57	400.04	387.80	1.930	2.888	26.40	39.49	199.9	1700	2	100.1	11.1	-0.278	1.0	-0.22	2.74	1.00	0.00	0.16	111115
26	"07:28:41"	20180724	205	0	3.94	0.0459	245	0.32	0.704	6.81	6	1.42	1	2.84	2.46	6.81	0.57	400.03	387.83	1.930	2.887	26.39	39.47	199.9	1700	2	100.1	11.1	-0.278	1.0	-0.22	2.74	1.00	0.00	0.16	111115
27	"07:28:42"	20180724	205	0	3.94	0.0459	245	0.32	0.704	6.81	6	1.42	1	2.84	2.46	6.81	0.57	400.03	387.83	1.930	2.887	26.39	39.47	199.9	1700	2	100.1	11.1	-0.278	1.0	-0.22	2.74	1.00	0.00	0.16	111115
28	"07:28:42"	20180724	205	0	3.94	0.0459	245	0.32	0.704	6.81	6	1.42	1	2.84	2.46	6.81	0.57	400.03	387.84	1.930	2.887	26.39	39.47	199.9	1700	2	100.1	11.1	-0.278	1.0	-0.22	2.74	1.00	0.00	0.16	111115
29	"07:28:43"	20180724	205	0	3.93	0.0459	245	0.319	0.704	6.81	6	1.42	1	2.84	2.46	6.81	0.57	400.04	387.86	1.930	2.887	26.39	39.46	199.9	1700	2	100.1	11.1	-0.278	1.0	-0.22	2.74	1.00	0.00	0.16	111115
30	"07:28:43"	20180724	205	0	3.94	0.0459	245	0.32	0.704	6.82	6	1.42	1	2.84	2.46	6.82	0.57	400.05	387.86	1.931	2.887	26.39	39.47	199.9	1700	2	100.1	11.1	-0.278	1.0	-0.22	2.74	1.00	0.00	0.16	111115
31	"07:28:44"	20180724	205	0	3.93	0.0459	245	0.32	0.704	6.82	6	1.42	1	2.84	2.46	6.82	0.57	400.05	387.87	1.931	2.888	26.40	39.48	199.9	1700	2	100.1	11.1	-0.278	1.0	-0.22	2.74	1.00	0.00	0.16	111115
32	"07:28:44"	20180724	205	0	3.93	0.0459	245	0.32	0.704	6.82	6	1.42	1	2.84	2.46	6.82	0.57	400.05	387.88	1.931	2.888	26.40	39.49	199.9	1700	2	100.1	11.1	-0.278	1.0	-0.22	2.74	1.00	0.00	0.16	111115
33	"07:28:45"	20180724	205	0	3.92	0.0459	246	0.32	0.705	6.83	6	1.42	1	2.84	2.46	6.83	0.57	400.04	387.90	1.931	2.888	26.40	39.48	199.9	1700	2	100.1	11.1	-0.278	1.0	-0.22	2.74	1.00	0.00	0.16	111115
34	"07:28:46"	20180724	205	0	3.94	0.0458	245	0.319	0.705	6.83	6	1.42	1	2.84	2.46	6.83	0.57	400.10	387.89	1.931	2.887	26.41	39.48	199.9	1700	2	100.1	11.1	-0.278	1.0	-0.22	2.74	1.00	0.00	0.16	111115
35	"07:28:46"	20180724	205	0	3.96	0.0458	244	0.319	0.705	6.83	6	1.42	1	2.84	2.46	6.83	0.57	400.16	387.89	1.931	2.887	26.40	39.47	199.9	1700	2	100.1	11.1	-0.278	1.0	-0.22	2.74	1.00	0.00	0.16	111115
36	"07:28:47"	20180724	205	0	3.97	0.0459	244	0.32	0.705	6.83	6	1.42	1	2.84	2.46	6.83	0.57	400.17	387.89	1.931	2.888	26.40	39.48	199.9	1700	2	100.1	11.1	-0.278	1.0	-0.22	2.74	1.00	0.00	0.16	111115
37	"07:28:48"	20180724	205	0	3.96	0.0458	244	0.32	0.705	6.83	6	1.42	1	2.84	2.46	6.83	0.57	400.15	387.91	1.931	2.888	26.40	39.48	199.9	1700	2	100.1	11.1	-0.278	1.0	-0.22	2.74	1.00	0.00	0.16	111115
38	"07:28:48"	20180724	205	0	3.95	0.0458	244	0.32	0.706	6.84	6	1.42	1	2.84	2.46	6.84	0.57	400.15	387.92	1.931	2.888	26.40	39.49	199.9	1700	2	100.1	11.1	-0.278	1.0	-0.22	2.74	1.00	0.00	0.16	111115
39	"07:28:49"	20180724	205	0	3.94	0.0458	245	0.32	0.705	6.84	6	1.42	1	2.84	2.46	6.84	0.57	400.14	387.95	1.931	2.888	26.40	39.48	199.9	1700	2	100.1	11.1	-0.278	0.7	-0.22	2.74	1.00	0.00	0.16	111115
40	"07:28:49"	20180724	205	0	3.93	0.0459	246	0.32	0.705	6.83	6	1.42	1	2.84	2.46	6.83	0.57	400.11	387.95	1.931	2.889	26.39	39.49	199.9	1700	2	100.1	11.1	-0.278	0.7	-0.22	2.74	1.00	0.00	0.16	111115
41	"07:28:50"	20180724	205	0	3.92	0.0459	246	0.32	0.705	6.83	6	1.42	1	2.84	2.46	6.83	0.57	400.10	387.97	1.931	2.890	26.40	39.50	199.9	1700	2	100.1	11.1	-0.278	0.7	-0.22	2.74	1.00	0.00	0.16	111115
42	"07:28:50"	20180724	205	0	3.92	0.0459	246	0.32	0.706	6.84	6	1.42	1	2.84	2.46	6.84	0.57	400.10	387.98	1.932	2.891	26.40	39.51	199.9	1700	2	100.1	11.1	-0.278	0.7	-0.22	2.74	1.00	0.00	0.16	111115
43	"07:28:51"	20180724	205	0	3.92	0.0458	246	0.32	0.706	6.85	6	1.42	1	2.84	2.46	6.85	0.57	400.09	387.96	1.932	2.890	26.41	39.50	199.9	1700	2	100.1	11.1	-0.278	0.7	-0.22	2.74	1.00	0.00	0.16	111115
"07:29:13 Coolers: Tblock -> 5.00 C"
44	"07:31:06"	20180724	205	0	4.2	0.0504	248	0.39	0.784	8.25	6	1.42	1	2.84	5.79	8.25	5.12	400.12	387.06	1.945	3.113	21.05	33.69	199.9	1700	2	100.1	11.1	-0.278	1.0	-0.22	2.74	1.00	0.00	0.16	111115
45	"07:31:07"	20180724	205	0	4.2	0.0504	248	0.39	0.784	8.25	6	1.42	1	2.84	5.79	8.25	5.12	400.12	387.06	1.945	3.113	21.05	33.69	199.9	1700	2	100.1	11.1	-0.278	1.0	-0.22	2.74	1.00	0.00	0.16	111115
46	"07:31:07"	20180724	205	0	4.21	0.0504	247	0.39	0.784	8.25	6	1.42	1	2.84	5.79	8.25	5.12	400.15	387.07	1.945	3.112	21.05	33.68	199.9	1699	2	100.1	11.1	-0.278	1.0	-0.22	2.74	1.00	0.00	0.16	111115
47	"07:31:08"	20180724	205	0	4.22	0.0503	247	0.389	0.783	8.24	6	1.42	1	2.84	5.79	8.24	5.12	400.18	387.05	1.945	3.110	21.05	33.66	199.9	1699	2	100.1	11.1	-0.278	1.0	-0.22	2.74	1.00	0.00	0.16	111115
48	"07:31:08"	20180724	205	0	4.22	0.0503	247	0.389	0.783	8.24	6	1.42	1	2.84	5.79	8.24	5.12	400.19	387.06	1.945	3.110	21.04	33.65	199.9	1699	2	100.1	11.1	-0.278	0.7	-0.22	2.74	1.00	0.00	0.16	111115
49	"07:31:09"	20180724	205	0	4.25	0.0504	246	0.39	0.783	8.25	6	1.42	1	2.84	5.79	8.25	5.12	400.20	387.00	1.945	3.112	21.04	33.66	199.9	1699	2	100.1	11.1	-0.278	0.7	-0.22	2.74	1.00	0.00	0.16	111115
50	"07:31:09"	20180724	205	0	4.26	0.0504	246	0.39	0.784	8.25	6	1.42	1	2.84	5.80	8.25	5.12	400.22	386.98	1.945	3.112	21.04	33.66	199.9	1699	2	100.1	11.1	-0.278	0.7	-0.22	2.74	1.00	0.00	0.16	111115
51	"07:31:10"	20180724	205	0	4.26	0.0504	246	0.39	0.784	8.25	6	1.42	1	2.84	5.80	8.25	5.11	400.23	386.99	1.945	3.112	21.03	33.66	199.9	1699	2	100.1	11.1	-0.278	0.7	-0.22	2.74	1.00	0.00	0.16	111115
52	"07:31:10"	20180724	205	0	4.25	0.0504	246	0.391	0.784	8.25	6	1.42	1	2.84	5.80	8.25	5.11	400.23	387.01	1.944	3.113	21.02	33.66	199.9	1699	2	100.1	11.1	-0.278	1.0	-0.22	2.74	1.00	0.00	0.16	111115
53	"07:31:11"	20180724	205	0	4.26	0.0504	246	0.391	0.785	8.26	6	1.42	1	2.84	5.80	8.26	5.11	400.25	387.01	1.944	3.114	21.02	33.66	199.9	1699	2	100.1	11.1	-0.278	1.0	-0.22	2.74	1.00	0.00	0.16	111115
54	"07:31:11"	20180724	205	0	4.27	0.0504	245	0.391	0.785	8.27	6	1.42	1	2.84	5.80	8.27	5.11	400.26	386.99	1.944	3.115	21.02	33.67	199.9	1699	2	100.1	11.1	-0.278	1.0	-0.22	2.74	1.00	0.00	0.16	111115
55	"07:31:12"	20180724	205	0	4.27	0.0505	245	0.392	0.785	8.27	6	1.42	1	2.84	5.81	8.27	5.11	400.27	386.99	1.944	3.116	21.02	33.68	199.9	1699	2	100.1	11.1	-0.278	1.0	-0.22	2.74	1.00	0.00	0.16	111115
56	"07:31:12"	20180724	205	0	4.29	0.0505	245	0.392	0.784	8.26	6	1.42	1	2.84	5.81	8.26	5.11	400.28	386.95	1.944	3.116	21.01	33.68	199.9	1699	2	100.1	11.1	-0.278	1.0	-0.22	2.74	1.00	0.00	0.16	111115
57	"07:31:13"	20180724	205	0	4.28	0.0505	245	0.392	0.784	8.26	6	1.42	1	2.84	5.81	8.26	5.11	400.27	386.97	1.944	3.116	21.01	33.67	199.9	1699	2	100.1	11.1	-0.278	1.0	-0.22	2.74	1.00	0.00	0.16	111115
58	"07:31:13"	20180724	205	0	4.27	0.0506	246	0.392	0.784	8.26	6	1.42	1	2.84	5.81	8.26	5.11	400.22	386.94	1.944	3.116	21.01	33.67	199.9	1699	2	100.1	11.1	-0.278	1.0	-0.22	2.74	1.00	0.00	0.16	111115
59	"07:31:14"	20180724	205	0	4.28	0.0504	245	0.391	0.785	8.26	6	1.42	1	2.84	5.81	8.26	5.11	400.20	386.91	1.945	3.114	21.01	33.65	199.9	1699	2	100.1	11.1	-0.278	1.0	-0.22	2.74	1.00	0.00	0.16	111115
60	"07:31:14"	20180724	205	0	4.28	0.0504	245	0.391	0.784	8.26	6	1.42	1	2.84	5.81	8.26	5.11	400.20	386.90	1.945	3.114	21.01	33.64	199.9	1699	2	100.1	11.1	-0.278	1.0	-0.22	2.74	1.00	0.00	0.16	111115
61	"07:31:15"	20180724	205	0	4.27	0.0505	246	0.391	0.783	8.25	6	1.42	1	2.84	5.81	8.25	5.11	400.18	386.93	1.945	3.115	21.01	33.65	199.9	1699	2	100.1	11.1	-0.278	1.0	-0.22	2.74	1.00	0.00	0.16	111115
62	"07:31:15"	20180724	205	0	4.26	0.0506	246	0.391	0.783	8.24	6	1.42	1	2.84	5.82	8.24	5.11	400.18	386.95	1.945	3.116	21.01	33.65	199.9	1699	2	100.1	11.1	-0.278	1.0	-0.22	2.74	1.00	0.00	0.16	111115
63	"07:31:16"	20180724	205	0	4.26	0.0505	246	0.391	0.784	8.25	6	1.42	1	2.84	5.82	8.25	5.11	400.19	386.96	1.945	3.115	21.01	33.64	199.9	1699	2	100.1	11.1	-0.278	1.0	-0.22	2.74	1.00	0.00	0.16	111115
64	"07:31:16"	20180724	205	0	4.24	0.0505	247	0.391	0.784	8.26	6	1.42	1	2.84	5.82	8.26	5.11	400.18	386.99	1.946	3.116	21.01	33.65	199.9	1699	2	100.1	11.1	-0.278	1.0	-0.22	2.74	1.00	0.00	0.16	111115
65	"07:31:17"	20180724	205	0	4.24	0.0505	246	0.391	0.785	8.27	6	1.42	1	2.84	5.82	8.27	5.11	400.18	386.99	1.946	3.117	21.01	33.65	199.9	1699	2	100.1	11.1	-0.278	1.0	-0.22	2.74	1.00	0.00	0.16	111115
"07:31:48 Coolers: Tblock -> 10.00 C"
66	"07:33:21"	20180724	205	0	4.49	0.0539	246	0.485	0.912	10.26	6	1.42	1	2.84	9.60	10.26	10.11	399.86	385.81	1.963	3.416	16.38	28.49	199.8	1700	2	100.1	11.1	-0.278	1.0	-0.22	2.74	1.00	0.00	0.16	111115
67	"07:33:22"	20180724	205	0	4.49	0.0539	246	0.485	0.912	10.26	6	1.42	1	2.84	9.60	10.26	10.11	399.86	385.81	1.963	3.416	16.38	28.49	199.8	1700	2	100.1	11.1	-0.278	1.0	-0.22	2.74	1.00	0.00	0.16	111115
68	"07:33:22"	20180724	205	0	4.51	0.0538	245	0.485	0.913	10.27	6	1.42	1	2.84	9.61	10.27	10.11	399.89	385.78	1.964	3.416	16.38	28.49	199.8	1700	2	100.1	11.1	-0.278	1.0	-0.22	2.74	1.00	0.00	0.16	111115
69	"07:33:23"	20180724	205	0	4.51	0.0539	245	0.486	0.913	10.27	6	1.42	1	2.84	9.61	10.27	10.11	399.89	385.77	1.964	3.417	16.37	28.49	199.8	1700	2	100.1	11.1	-0.278	1.0	-0.22	2.74	1.00	0.00	0.16	111115
70	"07:33:23"	20180724	205	0	4.5	0.054	246	0.486	0.912	10.26	6	1.42	1	2.84	9.62	10.26	10.11	399.85	385.79	1.964	3.419	16.37	28.50	199.8	1700	2	100.1	11.1	-0.278	1.0	-0.22	2.74	1.00	0.00	0.16	111115
71	"07:33:24"	20180724	205	0	4.51	0.054	245	0.487	0.912	10.26	6	1.42	1	2.84	9.62	10.26	10.11	399.86	385.76	1.964	3.420	16.36	28.50	199.9	1700	2	100.1	11.1	-0.278	1.0	-0.22	2.74	1.00	0.00	0.16	111115
72	"07:33:24"	20180724	205	0	4.52	0.054	245	0.486	0.913	10.27	6	1.42	1	2.84	9.63	10.27	10.11	399.87	385.74	1.964	3.420	16.36	28.48	199.9	1700	2	100.1	11.1	-0.278	1.0	-0.22	2.74	1.00	0.00	0.16	111115
73	"07:33:24"	20180724	205	0	4.54	0.0539	244	0.487	0.913	10.28	6	1.42	1	2.84	9.63	10.28	10.11	399.91	385.72	1.964	3.420	16.36	28.48	199.9	1700	2	100.1	11.1	-0.278	1.0	-0.22	2.74	1.00	0.00	0.16	111115
74	"07:33:25"	20180724	205	0	4.54	0.0539	244	0.487	0.914	10.29	6	1.42	1	2.84	9.64	10.29	10.11	399.93	385.73	1.964	3.421	16.35	28.48	199.9	1700	2	100.1	11.1	-0.278	1.0	-0.22	2.74	1.00	0.00	0.16	111115
75	"07:33:25"	20180724	205	0	4.55	0.054	244	0.487	0.914	10.29	6	1.42	1	2.84	9.64	10.29	10.11	399.94	385.73	1.964	3.422	16.35	28.48	199.9	1700	2	100.1	11.1	-0.278	1.0	-0.22	2.74	1.00	0.00	0.16	111115
76	"07:33:26"	20180724	205	0	4.56	0.054	244	0.488	0.914	10.30	6	1.42	1	2.84	9.64	10.30	10.10	399.96	385.71	1.964	3.425	16.34	28.50	199.9	1700	2	100.1	11.1	-0.278	1.0	-0.22	2.74	1.00	0.00	0.16	111115
77	"07:33:27"	20180724	205	0	4.56	0.054	244	0.488	0.916	10.31	6	1.42	1	2.84	9.65	10.31	10.10	399.97	385.71	1.964	3.425	16.34	28.49	199.9	1700	2	100.1	11.1	-0.278	1.0	-0.22	2.74	1.00	0.00	0.16	111115
78	"07:33:27"	20180724	205	0	4.56	0.0539	244	0.488	0.917	10.33	6	1.42	1	2.84	9.65	10.33	10.10	399.99	385.74	1.964	3.425	16.34	28.49	199.9	1700	2	100.1	11.1	-0.278	1.0	-0.22	2.74	1.00	0.00	0.16	111115
79	"07:33:28"	20180724	205	0	4.55	0.0539	244	0.489	0.918	10.34	6	1.42	1	2.84	9.65	10.34	10.10	400.00	385.76	1.965	3.426	16.33	28.49	199.9	1700	2	100.1	11.1	-0.278	1.0	-0.22	2.74	1.00	0.00	0.16	111115
80	"07:33:28"	20180724	205	0	4.54	0.0539	244	0.489	0.918	10.35	6	1.42	1	2.84	9.66	10.35	10.10	399.95	385.74	1.964	3.427	16.33	28.49	199.8	1700	1	100.1	11.1	-0.278	1.0	-0.22	2.74	1.00	0.00	0.16	111115
81	"07:33:29"	20180724	205	0	4.54	0.0539	244	0.489	0.919	10.35	6	1.42	1	2.84	9.66	10.35	10.10	399.91	385.72	1.964	3.428	16.32	28.49	199.8	1700	1	100.1	11.1	-0.278	1.0	-0.22	2.74	1.00	0.00	0.16	111115
82	"07:33:29"	20180724	205	0	4.54	0.0539	244	0.49	0.919	10.36	6	1.42	1	2.84	9.66	10.36	10.10	399.89	385.69	1.964	3.429	16.32	28.49	199.8	1700	1	100.1	11.1	-0.278	1.0	-0.22	2.74	1.00	0.00	0.16	111115
83	"07:33:30"	20180724	205	0	4.55	0.0539	244	0.49	0.92	10.37	6	1.42	1	2.84	9.67	10.37	10.10	399.90	385.68	1.964	3.430	16.32	28.49	199.8	1700	1	100.1	11.1	-0.278	1.0	-0.22	2.74	1.00	0.00	0.16	111115
84	"07:33:31"	20180724	205	0	4.54	0.054	244	0.491	0.92	10.37	6	1.42	1	2.84	9.68	10.37	10.10	399.88	385.69	1.964	3.433	16.30	28.50	199.8	1700	1	100.1	11.1	-0.278	1.0	-0.22	2.74	1.00	0.00	0.16	111115
85	"07:33:32"	20180724	205	0	4.54	0.0541	244	0.491	0.92	10.37	6	1.42	1	2.84	9.68	10.37	10.10	399.88	385.68	1.964	3.434	16.30	28.50	199.8	1700	1	100.1	11.1	-0.278	1.0	-0.22	2.74	1.00	0.00	0.16	111115
86	"07:33:32"	20180724	205	0	4.57	0.0542	244	0.492	0.919	10.37	6	1.42	1	2.84	9.69	10.37	10.10	399.95	385.66	1.964	3.436	16.29	28.51	199.8	1700	2	100.1	11.1	-0.278	1.0	-0.22	2.74	1.00	0.00	0.16	111115
87	"07:33:35"	20180724	205	0	4.55	0.0541	244	0.492	0.92	10.37	6	1.42	1	2.84	9.69	10.37	10.10	399.93	385.70	1.964	3.436	16.29	28.50	199.8	1700	2	100.1	11.1	-0.278	1.0	-0.22	2.74	1.00	0.00	0.16	111115
"07:33:53 Coolers: Tblock -> 15.00 C"
"07:35:40 Flow: Fixed -> 200 umol/s"
88	"07:35:49"	20180724	205	0	4.84	0.0568	240	0.624	1.11	12.92	6	1.42	1	2.84	13.85	12.92	15.13	399.92	384.67	1.977	3.843	12.47	24.22	199.8	1699	2	100.1	11.1	-0.278	1.0	-0.22	2.74	1.00	0.00	0.16	111115
89	"07:35:49"	20180724	205	0	4.84	0.0569	241	0.624	1.11	12.92	6	1.42	1	2.84	13.85	12.92	15.13	399.93	384.67	1.977	3.844	12.46	24.23	199.8	1699	1	100.1	11.1	-0.278	1.0	-0.22	2.74	1.00	0.00	0.16	111115
90	"07:35:50"	20180724	205	0	4.84	0.0569	241	0.624	1.11	12.92	6	1.42	1	2.84	13.85	12.92	15.13	399.93	384.67	1.977	3.844	12.46	24.23	199.8	1699	1	100.1	11.1	-0.278	1.0	-0.22	2.74	1.00	0.00	0.16	111115
91	"07:35:50"	20180724	205	0	4.84	0.0569	241	0.624	1.11	12.92	6	1.42	1	2.84	13.85	12.92	15.13	399.93	384.67	1.977	3.844	12.46	24.23	199.8	1699	1	100.1	11.1	-0.278	1.0	-0.22	2.74	1.00	0.00	0.16	111115
92	"07:35:50"	20180724	205	0	4.84	0.0569	241	0.625	1.11	12.93	6	1.42	1	2.84	13.86	12.93	15.12	399.95	384.69	1.977	3.845	12.46	24.22	199.8	1699	2	100.1	11.1	-0.278	1.0	-0.22	2.74	1.00	0.00	0.16	111115
93	"07:35:51"	20180724	205	0	4.84	0.0569	241	0.625	1.11	12.94	6	1.42	1	2.84	13.86	12.94	15.12	399.94	384.69	1.977	3.847	12.45	24.22	199.8	1699	1	100.1	11.1	-0.278	1.0	-0.22	2.74	1.00	0.00	0.16	111115
94	"07:35:51"	20180724	205	0	4.84	0.0569	241	0.625	1.11	12.95	6	1.42	1	2.84	13.87	12.95	15.12	399.96	384.71	1.977	3.848	12.45	24.22	199.8	1699	1	100.1	11.1	-0.278	1.0	-0.22	2.74	1.00	0.00	0.16	111115
95	"07:35:52"	20180724	205	0	4.87	0.0568	240	0.625	1.11	12.95	6	1.42	1	2.84	13.87	12.95	15.12	400.02	384.68	1.978	3.848	12.44	24.21	199.8	1699	2	100.1	11.1	-0.278	1.0	-0.22	2.74	1.00	0.00	0.16	111115
96	"07:35:52"	20180724	205	0	4.88	0.0568	239	0.625	1.11	12.95	6	1.42	1	2.84	13.88	12.95	15.12	400.08	384.71	1.978	3.848	12.44	24.21	199.9	1699	2	100.1	11.1	-0.278	1.0	-0.22	2.74	1.00	0.00	0.16	111115
97	"07:35:53"	20180724	205	0	4.9	0.0569	239	0.626	1.11	12.96	6	1.42	1	2.84	13.88	12.96	15.12	400.13	384.70	1.978	3.851	12.44	24.22	199.8	1699	2	100.1	11.1	-0.278	1.0	-0.22	2.74	1.00	0.00	0.16	111115
98	"07:35:54"	20180724	205	0	4.91	0.0568	238	0.626	1.11	12.97	6	1.42	1	2.84	13.89	12.97	15.12	400.16	384.69	1.978	3.851	12.44	24.21	199.8	1699	2	100.1	11.1	-0.278	1.0	-0.22	2.74	1.00	0.00	0.16	111115
99	"07:35:54"	20180724	205	0	4.91	0.0569	239	0.627	1.11	12.97	6	1.42	1	2.84	13.89	12.97	15.11	400.13	384.67	1.978	3.852	12.43	24.21	199.8	1699	2	100.1	11.1	-0.278	0.7	-0.22	2.74	1.00	0.00	0.16	111115
100	"07:35:55"	20180724	205	0	4.9	0.0569	239	0.628	1.12	12.99	6	1.42	1	2.84	13.90	12.99	15.11	400.08	384.63	1.979	3.856	12.43	24.22	199.8	1699	2	100.1	11.1	-0.278	0.7	-0.22	2.74	1.00	0.00	0.16	111115
101	"07:35:55"	20180724	205	0	4.93	0.0569	238	0.628	1.12	12.99	6	1.42	1	2.84	13.90	12.99	15.11	400.11	384.59	1.979	3.856	12.43	24.22	199.8	1699	2	100.1	11.1	-0.278	0.7	-0.22	2.74	1.00	0.00	0.16	111115
102	"07:35:56"	20180724	205	0	4.91	0.0569	238	0.628	1.12	13.00	6	1.42	1	2.84	13.91	13.00	15.11	400.08	384.61	1.978	3.858	12.42	24.22	199.8	1699	2	100.1	11.1	-0.278	0.7	-0.22	2.74	1.00	0.00	0.16	111115
103	"07:35:56"	20180724	205	0	4.91	0.0569	238	0.629	1.12	13.02	6	1.42	1	2.84	13.91	13.02	15.11	400.03	384.56	1.978	3.859	12.42	24.22	199.8	1699	2	100.1	11.1	-0.278	0.7	-0.22	2.74	1.00	0.00	0.16	111115
104	"07:35:57"	20180724	205	0	4.88	0.0568	239	0.629	1.12	13.03	6	1.42	1	2.84	13.92	13.03	15.11	399.96	384.58	1.978	3.859	12.41	24.21	199.9	1699	2	100.1	11.1	-0.278	0.7	-0.22	2.74	1.00	0.00	0.16	111115
105	"07:35:57"	20180724	205	0	4.86	0.0568	240	0.63	1.12	13.04	6	1.42	1	2.84	13.92	13.04	15.11	399.91	384.61	1.978	3.861	12.41	24.22	199.9	1699	2	100.1	11.1	-0.278	0.7	-0.22	2.74	1.00	0.00	0.16	111115
106	"07:35:58"	20180724	205	0	4.86	0.0568	240	0.63	1.12	13.05	6	1.42	1	2.84	13.93	13.05	15.10	399.92	384.61	1.978	3.862	12.40	24.22	199.9	1699	2	100.1	11.1	-0.278	0.7	-0.22	2.74	1.00	0.00	0.16	111115
107	"07:35:58"	20180724	205	0	4.86	0.0568	240	0.63	1.12	13.06	6	1.42	1	2.84	13.93	13.06	15.10	399.95	384.65	1.978	3.861	12.40	24.21	199.9	1699	2	100.1	11.1	-0.278	0.7	-0.22	2.74	1.00	0.00	0.16	111115
108	"07:35:59"	20180724	205	0	4.85	0.0567	240	0.63	1.12	13.08	6	1.42	1	2.84	13.94	13.08	15.10	399.95	384.67	1.977	3.861	12.39	24.20	199.9	1699	2	100.1	11.1	-0.278	0.7	-0.22	2.74	1.00	0.00	0.16	111115
109	"07:35:59"	20180724	205	0	4.84	0.0567	240	0.63	1.13	13.09	6	1.42	1	2.84	13.94	13.09	15.10	399.93	384.69	1.977	3.862	12.39	24.20	199.9	1699	2	100.1	11.1	-0.278	0.7	-0.22	2.74	1.00	0.00	0.16	111115
110	"07:36:08"	20180724	205	0	4.86	0.0567	239	0.638	1.14	13.24	6	1.42	1	2.84	14.02	13.24	15.11	400.01	384.67	1.978	3.885	12.33	24.22	199.8	1699	2	100.1	11.1	-0.278	1.0	-0.22	2.74	1.00	0.00	0.16	111115
111	"07:36:09"	20180724	205	0	4.86	0.0567	239	0.638	1.14	13.24	6	1.42	1	2.84	14.02	13.24	15.11	400.01	384.67	1.978	3.885	12.33	24.22	199.8	1699	2	100.1	11.1	-0.278	1.0	-0.22	2.74	1.00	0.00	0.16	111115
112	"07:36:09"	20180724	205	0	4.86	0.0567	240	0.638	1.14	13.25	6	1.42	1	2.84	14.02	13.25	15.11	400.01	384.69	1.978	3.887	12.33	24.23	199.8	1699	2	100.1	11.1	-0.278	1.0	-0.22	2.74	1.00	0.00	0.16	111115
113	"07:36:10"	20180724	205	0	4.84	0.0568	240	0.639	1.14	13.25	6	1.42	1	2.84	14.02	13.25	15.11	399.99	384.72	1.978	3.889	12.32	24.24	199.8	1699	2	100.1	11.1	-0.278	1.0	-0.22	2.74	1.00	0.00	0.16	111115
114	"07:36:10"	20180724	205	0	4.85	0.0568	240	0.64	1.14	13.25	6	1.42	1	2.84	14.03	13.25	15.11	399.99	384.69	1.978	3.891	12.32	24.24	199.8	1699	2	100.1	11.1	-0.278	1.0	-0.22	2.74	1.00	0.00	0.16	111115
115	"07:36:11"	20180724	205	0	4.86	0.0568	240	0.639	1.14	13.25	6	1.42	1	2.84	14.03	13.25	15.11	400.00	384.68	1.979	3.891	12.32	24.23	199.8	1699	2	100.1	11.1	-0.278	1.0	-0.22	2.74	1.00	0.00	0.16	111115
116	"07:36:11"	20180724	205	0	4.84	0.0568	240	0.639	1.14	13.25	6	1.42	1	2.84	14.04	13.25	15.11	399.96	384.69	1.979	3.891	12.32	24.23	199.9	1699	2	100.1	11.1	-0.278	1.0	-0.22	2.74	1.00	0.00	0.16	111115
117	"07:36:12"	20180724	205	0	4.86	0.0568	240	0.639	1.14	13.26	6	1.42	1	2.84	14.04	13.26	15.10	399.99	384.65	1.979	3.891	12.32	24.22	199.8	1699	2	100.1	11.1	-0.278	1.0	-0.22	2.74	1.00	0.00	0.16	111115
118	"07:36:13"	20180724	205	0	4.88	0.0568	239	0.639	1.14	13.26	6	1.42	1	2.84	14.04	13.26	15.10	400.01	384.62	1.980	3.892	12.32	24.22	199.9	1699	2	100.1	11.1	-0.278	1.0	-0.22	2.74	1.00	0.00	0.16	111115
119	"07:36:13"	20180724	205	0	4.91	0.0567	238	0.639	1.14	13.28	6	1.42	1	2.84	14.05	13.28	15.10	400.06	384.59	1.980	3.892	12.32	24.21	199.8	1699	2	100.1	11.1	-0.278	1.0	-0.22	2.74	1.00	0.00	0.16	111115
120	"07:36:14"	20180724	205	0	4.93	0.0566	237	0.639	1.14	13.28	6	1.42	1	2.84	14.06	13.28	15.10	400.07	384.53	1.980	3.891	12.31	24.20	199.8	1699	2	100.1	11.1	-0.278	1.0	-0.22	2.74	1.00	0.00	0.16	111115
121	"07:36:14"	20180724	205	0	4.92	0.0566	237	0.639	1.14	13.29	6	1.42	1	2.84	14.06	13.29	15.10	400.03	384.53	1.980	3.891	12.31	24.19	199.8	1699	2	100.1	11.1	-0.278	1.0	-0.22	2.74	1.00	0.00	0.16	111115
122	"07:36:15"	20180724	205	0	4.93	0.0566	237	0.64	1.14	13.30	6	1.42	1	2.84	14.06	13.30	15.10	400.02	384.49	1.980	3.893	12.31	24.20	199.8	1699	2	100.1	11.1	-0.278	1.0	-0.22	2.74	1.00	0.00	0.16	111115
123	"07:36:15"	20180724	205	0	4.94	0.0567	237	0.64	1.14	13.30	6	1.42	1	2.84	14.07	13.30	15.10	400.04	384.47	1.980	3.895	12.30	24.20	199.8	1699	2	100.1	11.1	-0.278	1.0	-0.22	2.74	1.00	0.00	0.16	111115
124	"07:36:16"	20180724	205	0	4.93	0.0566	237	0.64	1.14	13.31	6	1.42	1	2.84	14.07	13.31	15.10	400.01	384.48	1.980	3.895	12.30	24.20	199.8	1699	2	100.1	11.1	-0.278	1.0	-0.22	2.74	1.00	0.00	0.16	111115
125	"07:36:17"	20180724	205	0	4.93	0.0566	237	0.64	1.14	13.31	6	1.42	1	2.84	14.07	13.31	15.10	400.00	384.46	1.980	3.895	12.30	24.20	199.8	1699	2	100.1	11.1	-0.278	1.0	-0.22	2.74	1.00	0.00	0.16	111115
126	"07:36:17"	20180724	205	0	4.93	0.0566	237	0.64	1.14	13.32	6	1.42	1	2.84	14.08	13.32	15.10	400.00	384.46	1.980	3.895	12.30	24.19	199.8	1699	2	100.1	11.1	-0.278	1.0	-0.22	2.74	1.00	0.00	0.16	111115
127	"07:36:18"	20180724	205	0	4.94	0.0565	236	0.641	1.15	13.34	6	1.42	1	2.84	14.08	13.34	15.10	400.02	384.44	1.980	3.896	12.29	24.18	199.8	1699	2	100.1	11.1	-0.278	1.0	-0.22	2.74	1.00	0.00	0.16	111115
128	"07:36:18"	20180724	205	0	4.96	0.0565	236	0.641	1.15	13.35	6	1.42	1	2.84	14.09	13.35	15.10	400.08	384.44	1.980	3.897	12.29	24.18	199.8	1699	2	100.1	11.1	-0.278	1.0	-0.22	2.74	1.00	0.00	0.16	111115
129	"07:36:19"	20180724	205	0	4.96	0.0565	236	0.641	1.15	13.35	6	1.42	1	2.84	14.09	13.35	15.10	400.10	384.45	1.980	3.897	12.28	24.18	199.8	1699	2	100.1	11.1	-0.278	1.0	-0.22	2.74	1.00	0.00	0.16	111115
"07:36:32 Coolers: Tblock -> 20.00 C"
"07:38:10 Flow: Fixed -> 200 umol/s"
130	"07:38:17"	20180724	205	0	5.13	0.0582	233	0.793	1.38	15.92	6	1.42	1	2.84	18.21	15.92	20.10	399.92	383.60	2.001	4.373	9.54	20.86	199.8	1700	2	100.1	11.1	-0.278	1.0	-0.22	2.74	1.00	0.00	0.16	111115
131	"07:38:18"	20180724	205	0	5.13	0.0582	233	0.793	1.38	15.92	6	1.42	1	2.84	18.21	15.92	20.10	399.92	383.60	2.001	4.373	9.54	20.86	199.8	1700	2	100.1	11.1	-0.278	1.0	-0.22	2.74	1.00	0.00	0.16	111115
132	"07:38:18"	20180724	205	0	5.15	0.0582	233	0.794	1.38	15.93	6	1.42	1	2.84	18.22	15.93	20.10	399.96	383.58	2.001	4.374	9.54	20.85	199.8	1700	2	100.1	11.1	-0.278	1.0	-0.22	2.74	1.00	0.00	0.16	111115
133	"07:38:19"	20180724	205	0	5.17	0.0581	232	0.793	1.38	15.93	6	1.42	1	2.84	18.22	15.93	20.10	400.00	383.57	2.000	4.372	9.53	20.84	199.8	1700	2	100.1	11.1	-0.278	1.0	-0.22	2.74	1.00	0.00	0.16	111115
134	"07:38:19"	20180724	205	0	5.15	0.0581	232	0.794	1.38	15.94	6	1.42	1	2.84	18.23	15.94	20.10	399.98	383.59	2.000	4.373	9.53	20.84	199.8	1700	2	100.1	11.1	-0.278	1.0	-0.22	2.74	1.00	0.00	0.16	111115
135	"07:38:20"	20180724	205	0	5.16	0.0581	232	0.794	1.38	15.95	6	1.42	1	2.84	18.23	15.95	20.10	400.00	383.59	2.000	4.374	9.53	20.83	199.8	1700	2	100.1	11.1	-0.278	1.0	-0.22	2.74	1.00	0.00	0.16	111115
136	"07:38:20"	20180724	205	0	5.16	0.0581	232	0.794	1.38	15.96	6	1.42	1	2.84	18.24	15.96	20.10	399.99	383.60	2.000	4.374	9.52	20.83	199.8	1700	2	100.1	11.1	-0.278	1.0	-0.22	2.74	1.00	0.00	0.16	111115
137	"07:38:21"	20180724	205	0	5.17	0.0581	232	0.795	1.38	15.96	6	1.42	1	2.84	18.24	15.96	20.10	400.01	383.58	2.000	4.376	9.52	20.83	199.8	1700	2	100.1	11.1	-0.278	1.0	-0.22	2.74	1.00	0.00	0.16	111115
138	"07:38:21"	20180724	205	0	5.18	0.0581	231	0.795	1.38	15.97	6	1.42	1	2.84	18.25	15.97	20.10	400.01	383.54	2.000	4.376	9.52	20.83	199.8	1700	2	100.1	11.1	-0.278	1.0	-0.22	2.74	1.00	0.00	0.16	111115
139	"07:38:22"	20180724	205	0	5.18	0.058	231	0.794	1.38	15.97	6	1.42	1	2.84	18.25	15.97	20.10	399.97	383.51	2.000	4.375	9.52	20.82	199.8	1700	2	100.1	11.1	-0.278	1.0	-0.22	2.74	1.00	0.00	0.16	111115
140	"07:38:22"	20180724	205	0	5.17	0.0581	232	0.795	1.38	15.98	6	1.42	1	2.84	18.26	15.98	20.10	399.96	383.52	2.000	4.378	9.52	20.82	199.8	1700	2	100.1	11.1	-0.278	1.0	-0.22	2.74	1.00	0.00	0.16	111115
141	"07:38:23"	20180724	205	0	5.17	0.0581	232	0.797	1.38	15.98	6	1.42	1	2.84	18.26	15.98	20.10	399.96	383.51	2.000	4.381	9.51	20.84	199.8	1700	2	100.1	11.1	-0.278	1.0	-0.22	2.74	1.00	0.00	0.16	111115
142	"07:38:23"	20180724	205	0	5.19	0.0582	231	0.797	1.38	15.99	6	1.42	1	2.84	18.26	15.99	20.10	400.03	383.52	2.001	4.384	9.51	20.84	199.8	1700	2	100.1	11.1	-0.278	1.0	-0.22	2.74	1.00	0.00	0.16	111115
143	"07:38:24"	20180724	205	0	5.19	0.0582	231	0.797	1.38	15.99	6	1.42	1	2.84	18.26	15.99	20.10	400.03	383.52	2.001	4.384	9.51	20.84	199.8	1700	2	100.1	11.1	-0.278	1.0	-0.22	2.74	1.00	0.00	0.16	111115
144	"07:38:24"	20180724	205	0	5.17	0.0582	232	0.798	1.39	16.00	6	1.42	1	2.84	18.27	16.00	20.10	400.03	383.58	2.001	4.386	9.51	20.84	199.8	1700	2	100.1	11.1	-0.278	1.0	-0.22	2.74	1.00	0.00	0.16	111115
145	"07:38:25"	20180724	205	0	5.17	0.0582	232	0.798	1.39	16.01	6	1.42	1	2.84	18.28	16.01	20.10	400.03	383.58	2.000	4.387	9.50	20.84	199.8	1700	2	100.1	11.1	-0.278	1.0	-0.22	2.74	1.00	0.00	0.16	111115
146	"07:38:26"	20180724	205	0	5.17	0.0582	232	0.799	1.39	16.02	6	1.42	1	2.84	18.28	16.02	20.10	400.05	383.62	2.000	4.389	9.50	20.85	199.8	1700	2	100.1	11.1	-0.278	1.0	-0.22	2.74	1.00	0.00	0.16	111115
147	"07:38:26"	20180724	205	0	5.2	0.0582	231	0.8	1.39	16.03	6	1.42	1	2.84	18.29	16.03	20.10	400.14	383.62	2.001	4.392	9.50	20.85	199.8	1700	2	100.1	11.1	-0.278	1.0	-0.22	2.74	1.00	0.00	0.16	111115
148	"07:38:27"	20180724	205	0	5.21	0.0581	231	0.8	1.39	16.04	6	1.42	1	2.84	18.29	16.04	20.10	400.19	383.62	2.001	4.391	9.50	20.84	199.8	1700	2	100.1	11.1	-0.278	1.0	-0.22	2.74	1.00	0.00	0.16	111115
149	"07:38:27"	20180724	205	0	5.23	0.0581	230	0.8	1.39	16.04	6	1.42	1	2.84	18.30	16.04	20.10	400.21	383.58	2.001	4.391	9.49	20.84	199.8	1700	2	100.1	11.1	-0.278	1.0	-0.22	2.74	1.00	0.00	0.16	111115
150	"07:38:28"	20180724	205	0	5.24	0.0582	230	0.801	1.39	16.05	6	1.42	1	2.84	18.30	16.05	20.10	400.24	383.58	2.001	4.394	9.49	20.84	199.8	1700	2	100.1	11.1	-0.278	1.0	-0.22	2.74	1.00	0.00	0.16	111115
151	"07:38:28"	20180724	205	0	5.24	0.0582	230	0.801	1.39	16.06	6	1.42	1	2.84	18.30	16.06	20.10	400.26	383.60	2.001	4.396	9.49	20.85	199.8	1700	2	100.1	11.1	-0.278	1.0	-0.22	2.74	1.00	0.00	0.16	111115
152	"07:38:29"	20180724	205	0	5.24	0.0582	230	0.801	1.39	16.06	6	1.42	1	2.84	18.31	16.06	20.10	400.26	383.61	2.001	4.396	9.49	20.84	199.8	1700	2	100.1	11.1	-0.278	1.0	-0.22	2.74	1.00	0.00	0.16	111115
"07:38:49 Coolers: Tblock -> 25.00 C"
"07:43:33 Flow: Fixed -> 200 umol/s"
153	"07:43:44"	20180724	205	0	5.74	0.0548	204	0.892	1.63	21.13	6	1.42	1	2.84	23.58	21.13	24.99	400.10	381.84	6.173	8.827	21.16	30.26	199.8	1699	2	100.1	11.1	-0.278	1.0	-0.22	2.74	1.00	0.00	0.16	111115
154	"07:43:45"	20180724	205	0	5.74	0.0548	204	0.892	1.63	21.13	6	1.42	1	2.84	23.58	21.13	24.99	400.10	381.84	6.173	8.827	21.16	30.26	199.8	1699	2	100.1	11.1	-0.278	1.0	-0.22	2.74	1.00	0.00	0.16	111115
155	"07:43:45"	20180724	205	0	5.75	0.0549	204	0.892	1.63	21.12	6	1.42	1	2.84	23.58	21.12	25.00	400.12	381.82	6.173	8.829	21.16	30.27	199.8	1699	2	100.1	11.1	-0.278	1.0	-0.22	2.74	1.00	0.00	0.16	111115
156	"07:43:46"	20180724	205	0	5.78	0.0549	203	0.893	1.63	21.12	6	1.42	1	2.84	23.58	21.12	24.99	400.14	381.76	6.173	8.830	21.16	30.27	199.8	1699	2	100.1	11.1	-0.278	1.0	-0.22	2.74	1.00	0.00	0.16	111115
157	"07:43:46"	20180724	205	0	5.78	0.055	203	0.893	1.63	21.12	6	1.42	1	2.84	23.58	21.12	25.00	400.15	381.77	6.174	8.833	21.16	30.28	199.8	1699	2	100.1	11.1	-0.278	1.0	-0.22	2.74	1.00	0.00	0.16	111115
158	"07:43:47"	20180724	205	0	5.79	0.055	203	0.894	1.63	21.12	6	1.42	1	2.84	23.58	21.12	25.00	400.16	381.76	6.174	8.834	21.16	30.28	199.8	1699	2	100.1	11.1	-0.278	1.0	-0.22	2.74	1.00	0.00	0.16	111115
159	"07:43:47"	20180724	205	0	5.78	0.0551	203	0.894	1.63	21.12	6	1.42	1	2.84	23.58	21.12	25.00	400.12	381.73	6.174	8.836	21.16	30.29	199.8	1699	2	100.1	11.1	-0.278	1.0	-0.22	2.74	1.00	0.00	0.16	111115
160	"07:43:48"	20180724	205	0	5.76	0.0551	204	0.894	1.63	21.11	6	1.42	1	2.84	23.59	21.11	25.00	400.07	381.74	6.174	8.836	21.16	30.29	199.8	1699	2	100.1	11.1	-0.278	1.0	-0.22	2.74	1.00	0.00	0.16	111115
161	"07:43:48"	20180724	205	0	5.73	0.0551	205	0.895	1.63	21.11	6	1.42	1	2.84	23.59	21.11	25.00	399.98	381.76	6.174	8.836	21.16	30.29	199.8	1699	2	100.1	11.1	-0.278	1.0	-0.22	2.74	1.00	0.00	0.16	111115
162	"07:43:49"	20180724	205	0	5.7	0.0552	206	0.895	1.63	21.10	6	1.42	1	2.84	23.59	21.10	25.01	399.92	381.77	6.173	8.838	21.16	30.29	199.8	1699	2	100.1	11.1	-0.278	1.0	-0.22	2.74	1.00	0.00	0.16	111115
163	"07:43:49"	20180724	205	0	5.67	0.0552	207	0.895	1.63	21.10	6	1.42	1	2.84	23.59	21.10	25.01	399.83	381.78	6.174	8.838	21.16	30.29	199.8	1699	2	100.1	11.1	-0.278	0.7	-0.22	2.74	1.00	0.00	0.16	111115
164	"07:43:50"	20180724	205	0	5.63	0.0552	208	0.895	1.63	21.10	6	1.42	1	2.84	23.59	21.10	25.01	399.73	381.80	6.174	8.838	21.16	30.28	199.8	1699	2	100.1	11.1	-0.278	0.7	-0.22	2.74	1.00	0.00	0.16	111115
165	"07:43:50"	20180724	205	0	5.6	0.0552	209	0.895	1.63	21.10	6	1.42	1	2.84	23.59	21.10	25.02	399.63	381.79	6.174	8.838	21.16	30.28	199.8	1699	2	100.1	11.1	-0.278	0.7	-0.22	2.74	1.00	0.00	0.16	111115
166	"07:43:51"	20180724	205	0	5.56	0.0552	210	0.895	1.63	21.10	6	1.42	1	2.84	23.59	21.10	25.02	399.54	381.82	6.175	8.839	21.16	30.29	199.8	1699	2	100.1	11.1	-0.278	1.0	-0.22	2.74	1.00	0.00	0.16	111115
167	"07:43:51"	20180724	205	0	5.53	0.0552	211	0.896	1.63	21.11	6	1.42	1	2.84	23.59	21.11	25.02	399.48	381.84	6.175	8.840	21.16	30.29	199.8	1699	2	100.1	11.1	-0.278	1.0	-0.22	2.74	1.00	0.00	0.16	111115
168	"07:43:52"	20180724	205	0	5.53	0.0552	211	0.896	1.63	21.12	6	1.42	1	2.84	23.59	21.12	25.02	399.47	381.84	6.175	8.841	21.16	30.29	199.8	1699	2	100.1	11.1	-0.278	1.0	-0.22	2.74	1.00	0.00	0.16	111115
169	"07:43:52"	20180724	205	0	5.52	0.0552	211	0.896	1.63	21.13	6	1.42	1	2.84	23.59	21.13	25.02	399.44	381.85	6.175	8.843	21.15	30.29	199.8	1699	2	100.1	11.1	-0.278	1.0	-0.22	2.74	1.00	0.00	0.16	111115
170	"07:43:53"	20180724	205	0	5.51	0.0552	212	0.897	1.63	21.14	6	1.42	1	2.84	23.60	21.14	25.02	399.41	381.84	6.174	8.844	21.15	30.29	199.8	1699	2	100.1	11.1	-0.278	1.0	-0.22	2.74	1.00	0.00	0.16	111115
171	"07:43:53"	20180724	205	0	5.52	0.0552	211	0.897	1.63	21.14	6	1.42	1	2.84	23.60	21.14	25.02	399.41	381.81	6.174	8.844	21.15	30.30	199.8	1699	2	100.1	11.1	-0.278	1.0	-0.22	2.74	1.00	0.00	0.16	111115
172	"07:43:54"	20180724	205	0	5.51	0.0552	212	0.898	1.63	21.14	6	1.42	1	2.84	23.60	21.14	25.02	399.40	381.82	6.174	8.846	21.15	30.30	199.8	1699	2	100.1	11.1	-0.278	1.0	-0.22	2.74	1.00	0.00	0.16	111115
"07:44:14 Coolers: Tblock -> 30.00 C"
"07:47:20 Flow: Fixed -> 200 umol/s"
173	"07:48:05"	20180724	205	0	5.81	0.0575	207	1.12	1.95	23.91	6	1.42	1	2.84	27.94	23.91	30.06	399.90	381.19	6.959	10.284	18.42	27.22	199.8	1700	2	100.1	11.1	-0.278	1.0	-0.22	2.74	1.00	0.00	0.16	111115
174	"07:48:06"	20180724	205	0	5.81	0.0575	207	1.12	1.95	23.91	6	1.42	1	2.84	27.94	23.91	30.06	399.90	381.19	6.959	10.284	18.42	27.22	199.8	1700	2	100.1	11.1	-0.278	1.0	-0.22	2.74	1.00	0.00	0.16	111115
175	"07:48:06"	20180724	205	0	5.8	0.0575	208	1.12	1.95	23.91	6	1.42	1	2.84	27.95	23.91	30.06	399.89	381.18	6.959	10.286	18.42	27.23	199.8	1700	2	100.1	11.1	-0.278	1.0	-0.22	2.74	1.00	0.00	0.16	111115
176	"07:48:07"	20180724	205	0	5.81	0.0575	207	1.12	1.95	23.91	6	1.42	1	2.84	27.95	23.91	30.06	399.89	381.16	6.960	10.287	18.42	27.23	199.8	1700	2	100.1	11.1	-0.278	1.0	-0.22	2.74	1.00	0.00	0.16	111115
177	"07:48:07"	20180724	205	0	5.79	0.0575	208	1.12	1.95	23.92	6	1.42	1	2.84	27.95	23.92	30.06	399.88	381.20	6.959	10.288	18.42	27.23	199.8	1700	2	100.1	11.1	-0.278	1.0	-0.22	2.74	1.00	0.00	0.16	111115
178	"07:48:08"	20180724	205	0	5.81	0.0575	207	1.12	1.95	23.93	6	1.42	1	2.84	27.95	23.93	30.06	399.90	381.17	6.959	10.289	18.41	27.23	199.8	1700	2	100.1	11.1	-0.278	0.7	-0.22	2.74	1.00	0.00	0.16	111115
179	"07:48:08"	20180724	205	0	5.84	0.0575	206	1.12	1.95	23.92	6	1.42	1	2.84	27.95	23.92	30.06	399.93	381.11	6.959	10.289	18.41	27.22	199.8	1700	2	100.1	11.1	-0.278	0.7	-0.22	2.74	1.00	0.00	0.16	111115
180	"07:48:09"	20180724	205	0	5.84	0.0576	207	1.12	1.95	23.92	6	1.42	1	2.84	27.96	23.92	30.06	399.92	381.11	6.959	10.290	18.41	27.22	199.8	1700	2	100.1	11.1	-0.278	0.7	-0.22	2.74	1.00	0.00	0.16	111115
181	"07:48:09"	20180724	205	0	5.84	0.0576	207	1.12	1.95	23.91	6	1.42	1	2.84	27.96	23.91	30.06	399.90	381.09	6.959	10.292	18.41	27.22	199.8	1700	2	100.1	11.1	-0.278	0.7	-0.22	2.74	1.00	0.00	0.16	111115
182	"07:48:10"	20180724	205	0	5.81	0.0576	207	1.12	1.95	23.92	6	1.42	1	2.84	27.96	23.92	30.06	399.85	381.12	6.959	10.292	18.41	27.22	199.8	1700	2	100.1	11.1	-0.278	0.7	-0.22	2.74	1.00	0.00	0.16	111115
183	"07:48:10"	20180724	205	0	5.81	0.0576	207	1.12	1.95	23.92	6	1.42	1	2.84	27.96	23.92	30.06	399.82	381.08	6.958	10.291	18.40	27.22	199.8	1700	2	100.1	11.1	-0.278	0.7	-0.22	2.74	1.00	0.00	0.16	111115
184	"07:48:11"	20180724	205	0	5.8	0.0576	208	1.12	1.95	23.92	6	1.42	1	2.84	27.96	23.92	30.06	399.80	381.09	6.958	10.293	18.40	27.22	199.8	1700	2	100.1	11.1	-0.278	0.7	-0.22	2.74	1.00	0.00	0.16	111115
185	"07:48:11"	20180724	205	0	5.84	0.0577	207	1.12	1.95	23.90	6	1.42	1	2.84	27.97	23.90	30.06	399.83	381.02	6.958	10.292	18.40	27.21	199.8	1700	2	100.1	11.1	-0.278	0.7	-0.22	2.74	1.00	0.00	0.16	111115
186	"07:48:12"	20180724	205	0	5.83	0.0577	207	1.12	1.95	23.90	6	1.42	1	2.84	27.97	23.90	30.06	399.82	381.03	6.958	10.292	18.39	27.21	199.8	1700	2	100.1	11.1	-0.278	0.7	-0.22	2.74	1.00	0.00	0.16	111115
187	"07:48:12"	20180724	205	0	5.81	0.0577	208	1.12	1.95	23.90	6	1.42	1	2.84	27.97	23.90	30.06	399.80	381.06	6.958	10.293	18.39	27.21	199.8	1700	2	100.1	11.1	-0.278	0.7	-0.22	2.74	1.00	0.00	0.16	111115
188	"07:48:13"	20180724	205	0	5.82	0.0577	208	1.12	1.95	23.90	6	1.42	1	2.84	27.97	23.90	30.06	399.80	381.05	6.958	10.294	18.39	27.21	199.8	1699	2	100.1	11.1	-0.278	0.7	-0.22	2.74	1.00	0.00	0.16	111115
189	"07:48:21"	20180724	205	0	5.89	0.0573	204	1.13	1.97	24.01	6	1.42	1	2.84	27.99	24.01	30.06	399.88	380.90	6.959	10.305	18.37	27.20	199.8	1699	2	100.1	11.1	-0.278	1.0	-0.22	2.74	1.00	0.00	0.16	111115
190	"07:48:22"	20180724	205	0	5.9	0.0573	204	1.13	1.97	24.02	6	1.42	1	2.84	28.00	24.02	30.06	399.88	380.87	6.960	10.306	18.37	27.20	199.8	1699	2	100.1	11.1	-0.278	1.0	-0.22	2.74	1.00	0.00	0.16	111115
191	"07:48:22"	20180724	205	0	5.9	0.0573	204	1.13	1.97	24.02	6	1.42	1	2.84	28.00	24.02	30.06	399.88	380.87	6.960	10.306	18.37	27.20	199.8	1699	2	100.1	11.1	-0.278	1.0	-0.22	2.74	1.00	0.00	0.16	111115
192	"07:48:23"	20180724	205	0	5.9	0.0573	204	1.13	1.97	24.02	6	1.42	1	2.84	28.00	24.02	30.06	399.89	380.88	6.960	10.308	18.37	27.21	199.8	1699	2	100.1	11.1	-0.278	1.0	-0.22	2.74	1.00	0.00	0.16	111115
193	"07:48:23"	20180724	205	0	5.9	0.0573	204	1.13	1.97	24.02	6	1.42	1	2.84	28.00	24.02	30.06	399.90	380.89	6.961	10.308	18.37	27.20	199.8	1699	2	100.1	11.1	-0.278	1.0	-0.22	2.74	1.00	0.00	0.16	111115
194	"07:48:24"	20180724	205	0	5.91	0.0574	204	1.13	1.97	24.02	6	1.42	1	2.84	28.00	24.02	30.06	399.92	380.88	6.960	10.309	18.37	27.20	199.8	1699	2	100.1	11.1	-0.278	1.0	-0.22	2.74	1.00	0.00	0.16	111115
195	"07:48:24"	20180724	205	0	5.91	0.0574	204	1.13	1.97	24.01	6	1.42	1	2.84	28.00	24.01	30.06	399.90	380.85	6.960	10.308	18.36	27.20	199.8	1699	2	100.1	11.1	-0.278	1.0	-0.22	2.74	1.00	0.00	0.16	111115
196	"07:48:25"	20180724	205	0	5.91	0.0574	204	1.13	1.96	24.01	6	1.42	1	2.84	28.00	24.01	30.06	399.89	380.84	6.960	10.309	18.36	27.20	199.8	1699	2	100.1	11.1	-0.278	1.0	-0.22	2.74	1.00	0.00	0.16	111115
197	"07:48:25"	20180724	205	0	5.9	0.0574	204	1.13	1.96	24.01	6	1.42	1	2.84	28.00	24.01	30.06	399.87	380.85	6.960	10.309	18.36	27.20	199.8	1699	2	100.1	11.1	-0.278	1.0	-0.22	2.74	1.00	0.00	0.16	111115
198	"07:48:26"	20180724	205	0	5.91	0.0574	204	1.13	1.96	24.01	6	1.42	1	2.84	28.00	24.01	30.06	399.86	380.84	6.960	10.308	18.36	27.19	199.8	1699	2	100.1	11.1	-0.278	1.0	-0.22	2.74	1.00	0.00	0.16	111115
199	"07:48:26"	20180724	205	0	5.91	0.0574	204	1.13	1.96	24.01	6	1.42	1	2.84	28.01	24.01	30.06	399.87	380.83	6.960	10.310	18.36	27.20	199.8	1699	2	100.1	11.1	-0.278	0.7	-0.22	2.74	1.00	0.00	0.16	111115
200	"07:48:27"	20180724	205	0	5.91	0.0574	204	1.13	1.96	24.01	6	1.42	1	2.84	28.01	24.01	30.06	399.85	380.80	6.960	10.308	18.36	27.19	199.8	1699	2	100.1	11.1	-0.278	0.7	-0.22	2.74	1.00	0.00	0.16	111115
201	"07:48:27"	20180724	205	0	5.91	0.0573	204	1.13	1.97	24.02	6	1.42	1	2.84	28.01	24.02	30.06	399.86	380.82	6.960	10.307	18.36	27.19	199.8	1699	2	100.1	11.1	-0.278	0.7	-0.22	2.74	1.00	0.00	0.16	111115
202	"07:48:28"	20180724	205	0	5.9	0.0573	204	1.13	1.97	24.02	6	1.42	1	2.84	28.01	24.02	30.06	399.83	380.84	6.960	10.308	18.36	27.19	199.8	1699	2	100.1	11.1	-0.278	0.7	-0.22	2.74	1.00	0.00	0.16	111115
203	"07:48:28"	20180724	205	0	5.9	0.0573	204	1.13	1.97	24.04	6	1.42	1	2.84	28.01	24.04	30.06	399.83	380.84	6.960	10.308	18.36	27.19	199.8	1699	2	100.1	11.1	-0.278	0.7	-0.22	2.74	1.00	0.00	0.16	111115
204	"07:48:29"	20180724	205	0	5.9	0.0573	204	1.13	1.97	24.05	6	1.42	1	2.84	28.01	24.05	30.06	399.86	380.85	6.960	10.310	18.35	27.19	199.8	1699	2	100.1	11.1	-0.278	0.7	-0.22	2.74	1.00	0.00	0.16	111115
205	"07:48:29"	20180724	205	0	5.9	0.0573	204	1.13	1.97	24.05	6	1.42	1	2.84	28.01	24.05	30.06	399.87	380.87	6.960	10.311	18.35	27.19	199.8	1699	2	100.1	11.1	-0.278	1.0	-0.22	2.74	1.00	0.00	0.16	111115
206	"07:48:30"	20180724	205	0	5.9	0.0573	204	1.13	1.97	24.05	6	1.42	1	2.84	28.01	24.05	30.06	399.88	380.88	6.960	10.311	18.35	27.19	199.8	1699	2	100.1	11.1	-0.278	1.0	-0.22	2.74	1.00	0.00	0.16	111115
"07:48:48 Coolers: Tblock -> 35.00 C"
"07:51:04 Flow: Fixed -> 200 umol/s"
207	"07:51:14"	20180724	205	0	5.96	0.0591	205	1.35	2.29	26.07	6	1.42	1	2.84	32.07	26.07	35.08	400.08	380.63	6.944	10.967	14.51	22.91	199.8	1699	1	100.1	11.1	-0.278	1.0	-0.22	2.74	1.00	0.00	0.16	111115
208	"07:51:14"	20180724	205	0	5.96	0.0591	205	1.35	2.29	26.07	6	1.42	1	2.84	32.07	26.07	35.08	400.08	380.63	6.944	10.967	14.51	22.91	199.8	1699	1	100.1	11.1	-0.278	1.0	-0.22	2.74	1.00	0.00	0.16	111115
209	"07:51:15"	20180724	205	0	5.96	0.0591	205	1.35	2.29	26.07	6	1.42	1	2.84	32.07	26.07	35.07	400.12	380.66	6.945	10.966	14.51	22.91	199.8	1699	1	100.1	11.1	-0.278	1.0	-0.22	2.74	1.00	0.00	0.16	111115
210	"07:51:15"	20180724	205	0	5.96	0.0591	205	1.35	2.29	26.07	6	1.42	1	2.84	32.07	26.07	35.07	400.13	380.67	6.945	10.967	14.51	22.91	199.8	1699	1	100.1	11.1	-0.278	1.0	-0.22	2.74	1.00	0.00	0.16	111115
211	"07:51:16"	20180724	205	0	5.97	0.0591	205	1.36	2.29	26.08	6	1.42	1	2.84	32.07	26.08	35.07	400.15	380.67	6.944	10.970	14.51	22.92	199.8	1699	1	100.1	11.1	-0.278	1.0	-0.22	2.74	1.00	0.00	0.16	111115
212	"07:51:16"	20180724	205	0	5.98	0.0592	205	1.36	2.29	26.08	6	1.42	1	2.84	32.07	26.08	35.07	400.15	380.63	6.943	10.973	14.51	22.92	199.8	1699	1	100.1	11.1	-0.278	1.0	-0.22	2.74	1.00	0.00	0.16	111115
213	"07:51:17"	20180724	205	0	5.99	0.0591	205	1.36	2.29	26.08	6	1.42	1	2.84	32.07	26.08	35.07	400.13	380.60	6.944	10.973	14.51	22.92	199.7	1699	1	100.1	11.1	-0.278	1.0	-0.22	2.74	1.00	0.00	0.16	111115
214	"07:51:17"	20180724	205	0	5.99	0.0592	205	1.36	2.29	26.08	6	1.42	1	2.84	32.07	26.08	35.07	400.14	380.60	6.944	10.974	14.50	22.92	199.7	1699	1	100.1	11.1	-0.278	1.0	-0.22	2.74	1.00	0.00	0.16	111115
215	"07:51:18"	20180724	205	0	6	0.0591	204	1.36	2.29	26.08	6	1.42	1	2.84	32.07	26.08	35.07	400.18	380.59	6.944	10.973	14.50	22.92	199.8	1699	2	100.1	11.1	-0.278	1.0	-0.22	2.74	1.00	0.00	0.16	111115
216	"07:51:19"	20180724	205	0	6.03	0.0591	203	1.36	2.29	26.08	6	1.42	1	2.84	32.07	26.08	35.07	400.24	380.58	6.944	10.972	14.50	22.92	199.8	1699	2	100.1	11.1	-0.278	1.0	-0.22	2.74	1.00	0.00	0.16	111115
217	"07:51:19"	20180724	205	0	6.05	0.059	203	1.36	2.3	26.10	6	1.42	1	2.84	32.07	26.10	35.08	400.27	380.56	6.943	10.973	14.50	22.92	199.8	1699	2	100.1	11.1	-0.278	1.0	-0.22	2.74	1.00	0.00	0.16	111115
218	"07:51:20"	20180724	205	0	6.03	0.059	203	1.36	2.3	26.11	6	1.42	1	2.84	32.07	26.11	35.08	400.26	380.60	6.943	10.972	14.50	22.91	199.8	1699	2	100.1	11.1	-0.278	1.0	-0.22	2.74	1.00	0.00	0.16	111115
219	"07:51:20"	20180724	205	0	6.02	0.0589	203	1.36	2.3	26.12	6	1.42	1	2.84	32.08	26.12	35.08	400.28	380.64	6.944	10.973	14.50	22.91	199.8	1699	2	100.1	11.1	-0.278	1.0	-0.22	2.74	1.00	0.00	0.16	111115
220	"07:51:21"	20180724	205	0	6.03	0.0589	203	1.36	2.3	26.13	6	1.42	1	2.84	32.08	26.13	35.09	400.31	380.64	6.943	10.973	14.50	22.91	199.8	1699	2	100.1	11.1	-0.278	1.0	-0.22	2.74	1.00	0.00	0.16	111115
221	"07:51:21"	20180724	205	0	6.03	0.0589	203	1.36	2.3	26.13	6	1.42	1	2.84	32.08	26.13	35.09	400.31	380.64	6.944	10.974	14.50	22.91	199.8	1699	2	100.1	11.1	-0.278	1.0	-0.22	2.74	1.00	0.00	0.16	111115
222	"07:51:22"	20180724	205	0	6.02	0.059	203	1.36	2.3	26.13	6	1.42	1	2.84	32.08	26.13	35.09	400.28	380.63	6.944	10.976	14.50	22.91	199.8	1699	2	100.1	11.1	-0.278	1.0	-0.22	2.74	1.00	0.00	0.16	111115
223	"07:51:22"	20180724	205	0	6.01	0.0591	204	1.36	2.3	26.11	6	1.42	1	2.84	32.08	26.11	35.10	400.23	380.63	6.944	10.981	14.49	22.92	199.8	1699	2	100.1	11.1	-0.278	1.0	-0.22	2.74	1.00	0.00	0.16	111115
224	"07:51:23"	20180724	205	0	6.01	0.0592	204	1.36	2.3	26.11	6	1.42	1	2.84	32.08	26.11	35.10	400.22	380.61	6.945	10.982	14.49	22.92	199.8	1699	2	100.1	11.1	-0.278	1.0	-0.22	2.74	1.00	0.00	0.16	111115
225	"07:51:24"	20180724	205	0	6.02	0.0591	204	1.36	2.3	26.12	6	1.42	1	2.84	32.09	26.12	35.10	400.21	380.57	6.945	10.984	14.49	22.92	199.8	1699	2	100.1	11.1	-0.278	1.0	-0.22	2.74	1.00	0.00	0.16	111115
226	"07:51:24"	20180724	205	0	6.02	0.059	203	1.36	2.3	26.13	6	1.42	1	2.84	32.09	26.13	35.10	400.19	380.54	6.945	10.984	14.49	22.92	199.8	1699	2	100.1	11.1	-0.278	1.0	-0.22	2.74	1.00	0.00	0.16	111115
227	"07:51:25"	20180724	205	0	6.01	0.059	204	1.36	2.3	26.14	6	1.42	1	2.84	32.09	26.14	35.10	400.16	380.54	6.946	10.987	14.49	22.92	199.8	1699	2	100.1	11.1	-0.278	1.0	-0.22	2.74	1.00	0.00	0.16	111115
228	"07:51:25"	20180724	205	0	6.02	0.059	203	1.36	2.31	26.16	6	1.42	1	2.84	32.09	26.16	35.10	400.13	380.51	6.946	10.989	14.49	22.93	199.8	1699	2	100.1	11.1	-0.278	1.0	-0.22	2.74	1.00	0.00	0.16	111115
229	"07:51:26"	20180724	205	0	6.02	0.0589	203	1.36	2.31	26.17	6	1.42	1	2.84	32.09	26.17	35.10	400.15	380.50	6.947	10.990	14.49	22.92	199.8	1699	2	100.1	11.1	-0.278	1.0	-0.22	2.74	1.00	0.00	0.16	111115
230	"07:51:27"	20180724	205	0	6.03	0.0588	202	1.36	2.32	26.21	6	1.42	1	2.84	32.10	26.21	35.11	400.15	380.47	6.947	10.992	14.49	22.92	199.8	1699	2	100.1	11.1	-0.278	1.0	-0.22	2.74	1.00	0.00	0.16	111115
"07:52:08 Coolers: Tblock -> 40.00 C"
"07:57:27 Flow: Fixed -> 200 umol/s"
231	"07:57:30"	20180724	205	0	5.84	0.0552	195	1.58	2.84	28.95	6	1.42	1	2.84	36.59	28.95	40.10	399.39	380.05	7.009	11.689	11.39	18.99	199.8	1699	2	100.1	11.1	-0.278	1.0	-0.22	2.74	1.00	0.00	0.16	111115
232	"07:57:30"	20180724	205	0	5.84	0.0552	195	1.58	2.84	28.95	6	1.42	1	2.84	36.59	28.95	40.10	399.39	380.05	7.009	11.689	11.39	18.99	199.8	1699	2	100.1	11.1	-0.278	1.0	-0.22	2.74	1.00	0.00	0.16	111115
233	"07:57:31"	20180724	205	0	5.86	0.0555	195	1.58	2.84	28.95	6	1.42	1	2.84	36.59	28.95	40.10	399.45	380.05	6.988	11.690	11.35	18.99	199.8	1699	2	100.1	11.1	-0.278	1.0	-0.22	2.74	1.00	0.00	0.16	111115
234	"07:57:31"	20180724	205	0	5.86	0.0556	195	1.59	2.84	28.96	6	1.42	1	2.84	36.59	28.96	40.10	399.49	380.08	6.973	11.690	11.33	18.99	199.8	1699	2	100.1	11.1	-0.278	1.0	-0.22	2.74	1.00	0.00	0.16	111115
235	"07:57:32"	20180724	205	0	5.96	0.0568	196	1.62	2.85	28.97	6	1.42	1	2.84	36.59	28.97	40.09	399.85	380.09	6.868	11.689	11.15	18.98	199.8	1699	2	100.1	11.1	-0.278	1.0	-0.22	2.74	1.00	0.00	0.16	111115
236	"07:57:32"	20180724	205	0	5.95	0.0569	196	1.63	2.84	28.96	6	1.42	1	2.84	36.59	28.96	40.09	399.82	380.08	6.865	11.691	11.15	18.98	199.7	1699	2	100.1	11.1	-0.278	1.0	-0.22	2.74	1.00	0.00	0.16	111115
237	"07:57:33"	20180724	205	0	5.96	0.0569	196	1.63	2.84	28.97	6	1.42	1	2.84	36.60	28.97	40.09	399.83	380.07	6.865	11.692	11.15	18.98	199.7	1699	2	100.1	11.1	-0.278	1.0	-0.22	2.74	1.00	0.00	0.16	111115
238	"07:57:33"	20180724	205	0	5.99	0.0568	195	1.63	2.85	28.98	6	1.42	1	2.84	36.60	28.98	40.09	399.91	380.05	6.865	11.691	11.15	18.98	199.8	1699	2	100.1	11.1	-0.278	1.0	-0.22	2.74	1.00	0.00	0.16	111115
239	"07:57:34"	20180724	205	0	5.99	0.0568	195	1.63	2.85	28.99	6	1.42	1	2.84	36.60	28.99	40.09	399.91	380.08	6.865	11.690	11.14	18.98	199.7	1699	2	100.1	11.1	-0.278	1.0	-0.22	2.74	1.00	0.00	0.16	111115
240	"07:57:34"	20180724	205	0	6.01	0.0568	194	1.63	2.85	28.99	6	1.42	1	2.84	36.60	28.99	40.09	399.97	380.06	6.865	11.692	11.14	18.98	199.8	1699	2	100.1	11.1	-0.278	1.0	-0.22	2.74	1.00	0.00	0.16	111115
241	"07:57:35"	20180724	205	0	6.01	0.0568	194	1.63	2.85	28.99	6	1.42	1	2.84	36.60	28.99	40.09	399.99	380.07	6.865	11.693	11.14	18.98	199.7	1699	2	100.1	11.1	-0.278	1.0	-0.22	2.74	1.00	0.00	0.16	111115
242	"07:57:35"	20180724	205	0	6.03	0.0569	194	1.63	2.85	28.98	6	1.42	1	2.84	36.61	28.98	40.09	400.02	380.04	6.865	11.694	11.14	18.97	199.7	1699	2	100.1	11.1	-0.278	1.0	-0.22	2.74	1.00	0.00	0.16	111115
243	"07:57:36"	20180724	205	0	6.05	0.057	194	1.63	2.84	28.96	6	1.42	1	2.84	36.61	28.96	40.09	400.05	380.03	6.864	11.695	11.14	18.98	199.8	1699	2	100.1	11.1	-0.278	1.0	-0.22	2.74	1.00	0.00	0.16	111115
244	"07:57:36"	20180724	205	0	6.04	0.057	194	1.63	2.84	28.96	6	1.42	1	2.84	36.61	28.96	40.09	400.06	380.04	6.865	11.697	11.14	18.98	199.8	1699	2	100.1	11.1	-0.278	1.0	-0.22	2.74	1.00	0.00	0.16	111115
245	"07:57:37"	20180724	205	0	6.02	0.057	195	1.63	2.84	28.96	6	1.42	1	2.84	36.61	28.96	40.09	400.03	380.08	6.865	11.698	11.14	18.98	199.8	1699	2	100.1	11.1	-0.278	1.0	-0.22	2.74	1.00	0.00	0.16	111115
246	"07:57:37"	20180724	205	0	6.01	0.057	195	1.63	2.84	28.97	6	1.42	1	2.84	36.61	28.97	40.09	399.97	380.07	6.865	11.700	11.14	18.98	199.8	1699	2	100.1	11.1	-0.278	1.0	-0.22	2.74	1.00	0.00	0.16	111115
247	"07:57:38"	20180724	205	0	6	0.0571	196	1.63	2.84	28.96	6	1.42	1	2.84	36.61	28.96	40.09	399.93	380.05	6.865	11.702	11.13	18.98	199.8	1699	2	100.1	11.1	-0.278	1.0	-0.22	2.74	1.00	0.00	0.16	111115
248	"07:57:38"	20180724	205	0	6	0.0571	196	1.63	2.84	28.96	6	1.42	1	2.84	36.62	28.96	40.10	399.91	380.03	6.864	11.701	11.13	18.98	199.8	1699	2	100.1	11.1	-0.278	1.0	-0.22	2.74	1.00	0.00	0.16	111115
249	"07:57:39"	20180724	205	0	6.01	0.057	195	1.63	2.84	28.97	6	1.42	1	2.84	36.62	28.97	40.09	399.92	380.00	6.865	11.701	11.13	18.98	199.8	1699	2	100.1	11.1	-0.278	1.0	-0.22	2.74	1.00	0.00	0.16	111115
250	"07:57:39"	20180724	205	0	6.01	0.0569	195	1.63	2.85	29.00	6	1.42	1	2.84	36.62	29.00	40.09	399.92	380.00	6.864	11.701	11.13	18.97	199.8	1699	2	100.1	11.1	-0.278	1.0	-0.22	2.74	1.00	0.00	0.16	111115
"07:57:54 Coolers: Tblock -> 45.00 C"
"08:04:11 Flow: Fixed -> 200 umol/s"
251	"08:04:16"	20180724	205	0	5.53	0.0498	185	1.77	3.52	31.81	6	1.42	1	2.84	41.10	31.81	45.16	400.08	381.43	6.776	12.038	8.63	15.34	199.8	1699	2	100.1	11.1	-0.278	1.0	-0.22	2.74	1.00	0.00	0.16	111115
252	"08:04:16"	20180724	205	0	5.53	0.0498	185	1.77	3.52	31.81	6	1.42	1	2.84	41.10	31.81	45.16	400.08	381.43	6.776	12.038	8.63	15.34	199.8	1699	2	100.1	11.1	-0.278	1.0	-0.22	2.74	1.00	0.00	0.16	111115
253	"08:04:17"	20180724	205	0	5.54	0.0498	184	1.77	3.52	31.82	6	1.42	1	2.84	41.10	31.82	45.16	400.11	381.45	6.774	12.037	8.63	15.33	199.7	1699	2	100.1	11.1	-0.278	1.0	-0.22	2.74	1.00	0.00	0.16	111115
254	"08:04:17"	20180724	205	0	5.56	0.0498	184	1.77	3.52	31.82	6	1.42	1	2.84	41.11	31.82	45.15	400.16	381.41	6.774	12.039	8.63	15.33	199.7	1699	2	100.1	11.1	-0.278	1.0	-0.22	2.74	1.00	0.00	0.16	111115
255	"08:04:18"	20180724	205	0	5.56	0.0499	184	1.77	3.52	31.81	6	1.42	1	2.84	41.11	31.81	45.15	400.20	381.47	6.774	12.040	8.62	15.33	199.8	1699	2	100.1	11.1	-0.278	1.0	-0.22	2.74	1.00	0.00	0.16	111115
256	"08:04:18"	20180724	205	0	5.57	0.0499	184	1.77	3.52	31.80	6	1.42	1	2.84	41.12	31.80	45.14	400.24	381.49	6.774	12.039	8.62	15.32	199.8	1699	2	100.1	11.1	-0.278	1.0	-0.22	2.74	1.00	0.00	0.16	111115
257	"08:04:19"	20180724	205	0	5.57	0.0499	184	1.77	3.51	31.79	6	1.42	1	2.84	41.12	31.79	45.13	400.27	381.50	6.774	12.039	8.62	15.32	199.8	1699	2	100.1	11.1	-0.278	1.0	-0.22	2.74	1.00	0.00	0.16	111115
258	"08:04:20"	20180724	205	0	5.58	0.0499	184	1.77	3.51	31.79	6	1.42	1	2.84	41.13	31.79	45.13	400.30	381.51	6.774	12.039	8.62	15.31	199.8	1699	2	100.1	11.1	-0.278	1.0	-0.22	2.74	1.00	0.00	0.16	111115
259	"08:04:20"	20180724	205	0	5.58	0.05	184	1.77	3.51	31.78	6	1.42	1	2.84	41.13	31.78	45.12	400.30	381.49	6.775	12.039	8.62	15.31	199.8	1699	2	100.1	11.1	-0.278	1.0	-0.22	2.74	1.00	0.00	0.16	111115
260	"08:04:21"	20180724	205	0	5.57	0.05	184	1.77	3.51	31.78	6	1.42	1	2.84	41.13	31.78	45.11	400.28	381.53	6.774	12.039	8.61	15.31	199.8	1699	2	100.1	11.1	-0.278	1.0	-0.22	2.74	1.00	0.00	0.16	111115
261	"08:04:21"	20180724	205	0	5.55	0.05	185	1.77	3.51	31.77	6	1.42	1	2.84	41.13	31.77	45.11	400.25	381.54	6.774	12.039	8.61	15.31	199.8	1699	2	100.1	11.1	-0.278	1.0	-0.22	2.74	1.00	0.00	0.16	111115
262	"08:04:22"	20180724	205	0	5.54	0.05	185	1.77	3.51	31.77	6	1.42	1	2.84	41.14	31.77	45.10	400.23	381.56	6.773	12.038	8.61	15.31	199.8	1699	2	100.1	11.1	-0.278	1.0	-0.22	2.74	1.00	0.00	0.16	111115
263	"08:04:23"	20180724	205	0	5.52	0.05	186	1.77	3.51	31.78	6	1.42	1	2.84	41.14	31.78	45.10	400.19	381.57	6.773	12.039	8.61	15.30	199.7	1699	2	100.1	11.1	-0.278	1.0	-0.22	2.74	1.00	0.00	0.16	111115
264	"08:04:23"	20180724	205	0	5.52	0.0499	186	1.77	3.52	31.80	6	1.42	1	2.84	41.14	31.80	45.09	400.18	381.57	6.773	12.040	8.61	15.30	199.7	1699	2	100.1	11.1	-0.278	0.7	-0.22	2.74	1.00	0.00	0.16	111115
265	"08:04:24"	20180724	205	0	5.51	0.0498	185	1.77	3.53	31.84	6	1.42	1	2.84	41.15	31.84	45.08	400.23	381.63	6.773	12.041	8.61	15.30	199.7	1699	3	100.1	11.1	-0.278	0.7	-0.22	2.74	1.00	0.00	0.16	111115
266	"08:04:24"	20180724	205	0	5.53	0.0497	185	1.78	3.53	31.86	6	1.42	1	2.84	41.15	31.86	45.08	400.24	381.60	6.774	12.042	8.60	15.30	199.7	1699	3	100.1	11.1	-0.278	0.7	-0.22	2.74	1.00	0.00	0.16	111115
267	"08:04:25"	20180724	205	0	5.54	0.0497	184	1.78	3.53	31.86	6	1.42	1	2.84	41.16	31.86	45.08	400.26	381.58	6.774	12.042	8.60	15.29	199.8	1699	3	100.1	11.1	-0.278	0.7	-0.22	2.74	1.00	0.00	0.16	111115
268	"08:04:25"	20180724	205	0	5.54	0.0496	184	1.78	3.54	31.88	6	1.42	1	2.84	41.16	31.88	45.07	400.27	381.58	6.775	12.043	8.60	15.29	199.8	1699	3	100.1	11.1	-0.278	0.7	-0.22	2.74	1.00	0.00	0.16	111115
269	"08:04:26"	20180724	205	0	5.56	0.0496	183	1.78	3.54	31.88	6	1.42	1	2.84	41.16	31.88	45.07	400.28	381.55	6.774	12.042	8.60	15.29	199.8	1699	3	100.1	11.1	-0.278	0.7	-0.22	2.74	1.00	0.00	0.16	111115
270	"08:04:26"	20180724	205	0	5.54	0.0496	184	1.77	3.54	31.88	6	1.42	1	2.84	41.16	31.88	45.07	400.23	381.57	6.774	12.041	8.60	15.29	199.8	1699	3	100.1	11.1	-0.278	1.0	-0.22	2.74	1.00	0.00	0.16	111115
271	"08:04:27"	20180724	205	0	5.5	0.0496	185	1.77	3.54	31.87	6	1.42	1	2.84	41.16	31.87	45.07	400.16	381.59	6.774	12.039	8.60	15.29	199.8	1699	3	100.1	11.1	-0.278	1.0	-0.22	2.74	1.00	0.00	0.16	111115
272	"08:04:27"	20180724	205	0	5.49	0.0496	186	1.77	3.53	31.87	6	1.42	1	2.84	41.16	31.87	45.07	400.09	381.58	6.774	12.038	8.60	15.28	199.8	1699	2	100.1	11.1	-0.278	1.0	-0.22	2.74	1.00	0.00	0.16	111115
273	"08:04:28"	20180724	205	0	5.49	0.0496	185	1.77	3.54	31.88	6	1.42	1	2.84	41.17	31.88	45.07	400.06	381.54	6.773	12.038	8.60	15.28	199.8	1699	2	100.1	11.1	-0.278	1.0	-0.22	2.74	1.00	0.00	0.16	111115
