"OPEN 6.3.3"
"Mon Jul 23 2018 13:16:13"
<open><version>"6.3.3"</version></open>
<open><configfile>"/User/Configs/UserPrefs/2x3 LED.xml"</configfile></open>
<open><light><source>"6400-02 or -02B LED Source"</source><par_in>1<sensor>"SI-4027"<cal>-1.00<actinity>1.00</actinity><transm>1.00</transm></cal></sensor><transm>1</transm></par_in><par_out>1<sensor>"Q51318"<cal>6.49</cal></sensor></par_out></light></open>
<open><comps><file>"/User/Configs/Comps/StdComps_6.3"<header>""</header><extras></extras></file><energybal>no<f_parIn>1</f_parIn><f_parOut>0</f_parOut><alphaK>0.16</alphaK></energybal><bc_total>2.840<stomatal_ratio>1</stomatal_ratio><bc_oneside>1.420<type>2</type><table>"/Sys/Lib/StdBLCTable"</table><area>6</area><slope>-0.219565</slope><offset>2.73739</offset><fan>5</fan></bc_oneside></bc_total></comps></open>
<open><prompts><onlog>off</onlog><items>"Default (none)"</items></prompts></open>
<open><constants><oxygen>21 %</oxygen><bb_vapor>1.5</bb_vapor><bb_oxy>0.9</bb_oxy></constants></open>
<open><stability><items>"Std Stability"<items[1]><id>-2</id><size>15</size><pcv><onoff>0</onoff><value>1</value></pcv><std><onoff>0</onoff><value>1</value></std><slp><onoff>1</onoff><value>1</value></slp></items[1]><items[2]><id>-5</id><size>15</size><pcv><onoff>0</onoff><value>1</value></pcv><std><onoff>0</onoff><value>1</value></std><slp><onoff>1</onoff><value>1</value></slp></items[2]><items[3]><id>-7</id><size>15</size><pcv><onoff>0</onoff><value>1</value></pcv><std><onoff>0</onoff><value>1</value></std><slp><onoff>1</onoff><value>1</value></slp></items[3]></items></stability></open>
<open><log><format>"StdLogFmt_6.3"<items>{ -35 -21 -36 -76 30 23 36 21 25 221 -33 111 -34 11 -9 -10 -8 -1 -2 -4 -5 -14 -15 -7 -12 -13 -11 -65 -66 -117 -119 -116 -118 -72 -18 -19 -77 -78 -79 -23  }<hdr>{  }</hdr></items></format><options><beep>on</beep><match>"never"<time>30</time><co2>100</co2><delta>10</delta></match><hdr>normal</hdr><rem>normal</rem><stab>no</stab><stats>no<mean>no</mean><file>no</file><period>15</period></stats><excel>yes</excel><controls>yes</controls><comm>no</comm></options><datafile>"/User/0000-AAG3240-230718"</datafile><button><action>"Normal Log"<code>" LogOneObsManual "</code></action></button><autoprog>"/User/Configs/AutoProgs/AutoLog2"<active>no</active></autoprog></log></open>
<open><a2d><avgtime>4.0 secs</avgtime><userchans><ch20>"Off"</ch20><ch21>"Off"</ch21><ch22>"Off"</ch22><ch23>"Off"</ch23></userchans></a2d></open>
<open><matching><type>0</type><disp>'a'</disp><settings>><CO2Limit>10.0</CO2Limit><H2OLimit>1.0</H2OLimit><MaxAutoTime>60</MaxAutoTime><AverageTime>10</AverageTime></settings></matching></open>
<li6400><factory><unit>"PSC-4123"</unit><serviced>"19.01.2017"</serviced><fuseaware>0</fuseaware><co2mixer>yes</co2mixer><co2><coeffs>{ 0 0.219912 1.60869e-05 2.42627e-08 -3.602e-12 2.3711e-16  }</coeffs><dvdt>-4.1</dvdt><xs>{ -0.00117 -1.14e-05  }</xs></co2><h2o><coeffs>{ 0 0.00612804 1.69186e-06 1.49192e-10  }</coeffs><dvdt>-2.5</dvdt><xs>{ -0.000351 -0.00239  }</xs></h2o><flow>{ 0 0.3738  }</flow><press>{ 87.734 0.00547  }</press></factory></li6400>
<li6400><user><flow_zero>-547.7</flow_zero><irga_zero><co2>-79.5 -79.5<at>32.3675</at></co2><h2o>37.6 -1.4<at>33.9874</at></h2o></irga_zero><irga_span><co2>{ 0.985904 0.986618  }</co2><h2o>{ 1.00683 0.993449  }</h2o></irga_span><irga_match><co2>{ -1.70314 0.188525  }</co2><h2o>{ -0.0708174 -0.297543  }</h2o></irga_match><co2_mixer><pump_mv>4500</pump_mv><ppm>{ 2330.31 1136.88 449.46 273.386 125.406 73.118 48.0557 40.3927  }</ppm><mv>{ 5000 3000 1500 1000 500 300 200 100  }</mv></co2_mixer><parin_offset>0</parin_offset><led_cal><unit>"SI-4027"</unit><mv>{ 10 25 50 100 1000 2000 3000 4000 5000  }</mv><qntm>{ 3.39689 11.1502 23.8626 52.4799 561.717 1093.55 1598.71 2081.76 2538.89  }</qntm></led_cal><lcf_cal><unit>"unknown"</unit><red><mv>{ 50 100 500 1000 1500 5000  }</mv><qntm>{ 50 100 500 1000 2000 5000  }</qntm></red><blue><mv>{ 100 200 500 1000 2000 5000  }</mv><qntm>{ 10 20 50 100 200 500  }</qntm></blue></lcf_cal></user></li6400>
"13:16:16 "
$STARTOFDATA$
"Obs"	"HHMMSS"	"FTime"	"EBal?"	"Photo"	"Cond"	"Ci"	"Trmmol"	"VpdL"	"CTleaf"	"Area"	"BLC_1"	"StmRat"	"BLCond"	"Tair"	"Tleaf"	"TBlk"	"CO2R"	"CO2S"	"H2OR"	"H2OS"	"RH_R"	"RH_S"	"Flow"	"PARi"	"PARo"	"Press"	"CsMch"	"HsMch"	"CsMchSD"	"HsMchSD"	"CrMchSD"	"HrMchSD"	"StableF"	"BLCslope"	"BLCoffst"	"f_parin"	"f_parout"	"alphaK"	"Status"
1	"13:16:30"	48.5	0	6	0.08	265	0.692	0.882	8.81	6	1.42	1	2.84	2.80	8.81	0.44	400.01	392.49	1.724	2.553	22.96	33.99	499.8	1701	2	99.9	0.189	-0.298	0.0646	0.00664	0.0372	0.00647	1.0	-0.22	2.74	1.00	0.00	0.16	111115
2	"13:16:30"	48.5	0	6	0.08	265	0.692	0.882	8.81	6	1.42	1	2.84	2.80	8.81	0.44	400.01	392.49	1.724	2.553	22.96	33.99	499.8	1701	2	99.9	0.189	-0.298	0.0646	0.00664	0.0372	0.00647	1.0	-0.22	2.74	1.00	0.00	0.16	111115
3	"13:16:31"	49.0	0	5.96	0.0802	266	0.693	0.882	8.80	6	1.42	1	2.84	2.80	8.80	0.44	399.99	392.51	1.724	2.555	22.96	34.02	499.8	1701	2	99.9	0.189	-0.298	0.0646	0.00664	0.0372	0.00647	1.0	-0.22	2.74	1.00	0.00	0.16	111115
4	"13:16:31"	49.5	0	5.96	0.08	266	0.691	0.882	8.79	6	1.42	1	2.84	2.80	8.79	0.44	400.00	392.52	1.724	2.552	22.96	33.98	499.8	1701	2	99.9	0.189	-0.298	0.0646	0.00664	0.0372	0.00647	1.0	-0.22	2.74	1.00	0.00	0.16	111115
5	"13:16:31"	49.5	0	5.96	0.08	266	0.691	0.882	8.79	6	1.42	1	2.84	2.80	8.79	0.44	400.00	392.52	1.724	2.552	22.96	33.98	499.8	1701	2	99.9	0.189	-0.298	0.0646	0.00664	0.0372	0.00647	1.0	-0.22	2.74	1.00	0.00	0.16	111115
6	"13:16:32"	50.0	0	5.99	0.0803	266	0.693	0.88	8.78	6	1.42	1	2.84	2.80	8.78	0.44	400.02	392.50	1.724	2.554	22.96	34.01	499.8	1701	2	99.9	0.189	-0.298	0.0646	0.00664	0.0372	0.00647	1.0	-0.22	2.74	1.00	0.00	0.16	111115
7	"13:16:32"	50.5	0	6.06	0.0803	264	0.693	0.88	8.77	6	1.42	1	2.84	2.80	8.77	0.44	400.00	392.41	1.724	2.554	22.96	34.01	499.8	1701	2	99.9	0.189	-0.298	0.0646	0.00664	0.0372	0.00647	1.0	-0.22	2.74	1.00	0.00	0.16	111115
8	"13:16:33"	51.0	0	6.04	0.0803	265	0.693	0.88	8.78	6	1.42	1	2.84	2.80	8.78	0.44	399.99	392.42	1.725	2.555	22.97	34.02	499.8	1701	2	99.9	0.189	-0.298	0.0646	0.00664	0.0372	0.00647	1.0	-0.22	2.74	1.00	0.00	0.16	111115
9	"13:16:33"	51.0	0	6.04	0.0803	265	0.693	0.88	8.78	6	1.42	1	2.84	2.80	8.78	0.44	399.99	392.42	1.725	2.555	22.97	34.02	499.8	1701	2	99.9	0.189	-0.298	0.0646	0.00664	0.0372	0.00647	1.0	-0.22	2.74	1.00	0.00	0.16	111115
10	"13:16:33"	51.5	0	5.97	0.08	266	0.692	0.882	8.80	6	1.42	1	2.84	2.80	8.80	0.44	400.01	392.52	1.725	2.554	22.97	34.01	499.8	1701	2	99.9	0.189	-0.298	0.0646	0.00664	0.0372	0.00647	1.0	-0.22	2.74	1.00	0.00	0.16	111115
11	"13:16:34"	52.0	0	6	0.0798	264	0.691	0.883	8.81	6	1.42	1	2.84	2.80	8.81	0.45	400.00	392.47	1.725	2.552	22.97	33.99	499.8	1701	2	99.9	0.189	-0.298	0.0646	0.00664	0.0372	0.00647	1.0	-0.22	2.74	1.00	0.00	0.16	111115
12	"13:16:34"	52.5	0	6.09	0.0798	263	0.69	0.882	8.81	6	1.42	1	2.84	2.80	8.81	0.45	400.03	392.40	1.725	2.552	22.98	33.98	499.8	1701	2	99.9	0.189	-0.298	0.0646	0.00664	0.0372	0.00647	1.0	-0.22	2.74	1.00	0.00	0.16	111115
13	"13:16:34"	53.0	0	6.12	0.0798	262	0.69	0.883	8.81	6	1.42	1	2.84	2.80	8.81	0.45	400.05	392.38	1.726	2.552	22.98	33.99	499.8	1701	2	99.9	0.189	-0.298	0.0646	0.00664	0.0372	0.00647	1.0	-0.22	2.74	1.00	0.00	0.16	111115
14	"13:16:35"	53.0	0	6.12	0.0798	262	0.69	0.883	8.81	6	1.42	1	2.84	2.80	8.81	0.45	400.05	392.38	1.726	2.552	22.98	33.99	499.8	1701	2	99.9	0.189	-0.298	0.0646	0.00664	0.0372	0.00647	1.0	-0.22	2.74	1.00	0.00	0.16	111115
15	"13:16:35"	53.5	0	6.13	0.0797	262	0.691	0.883	8.82	6	1.42	1	2.84	2.80	8.82	0.45	400.05	392.37	1.726	2.553	22.98	34.00	499.8	1701	2	99.9	0.189	-0.298	0.0646	0.00664	0.0372	0.00647	1.0	-0.22	2.74	1.00	0.00	0.16	111115
16	"13:16:35"	54.0	0	6.1	0.0795	262	0.69	0.884	8.83	6	1.42	1	2.84	2.80	8.83	0.45	400.00	392.36	1.726	2.551	22.98	33.98	499.8	1701	2	99.9	0.189	-0.298	0.0646	0.00664	0.0372	0.00647	1.0	-0.22	2.74	1.00	0.00	0.16	111115
"13:17:07 Lamp: ParIn ->  1700 uml"
"13:17:07 CO2 Mixer: CO2R -> 400 uml"
"13:17:07 Coolers: Tblock -> 0.35 C"
"13:17:07 Flow: Fixed -> 500 umol/s"
"13:17:17 Coolers: Tblock -> 5.00 C"
"13:18:12 Flow: Fixed -> 500 umol/s"
17	"13:19:36"	234.5	0	6.08	0.0792	262	0.727	0.936	10.44	6	1.42	1	2.84	6.15	10.44	5.08	399.97	392.32	2.466	3.336	25.97	35.14	499.8	1701	2	99.9	0.189	-0.298	0.0646	0.00664	0.0372	0.00647	1.0	-0.22	2.74	1.00	0.00	0.16	111115
18	"13:19:36"	234.5	0	6.08	0.0792	262	0.727	0.936	10.44	6	1.42	1	2.84	6.15	10.44	5.08	399.97	392.32	2.466	3.336	25.97	35.14	499.8	1701	2	99.9	0.189	-0.298	0.0646	0.00664	0.0372	0.00647	1.0	-0.22	2.74	1.00	0.00	0.16	111115
19	"13:19:37"	235.0	0	6.11	0.079	261	0.726	0.936	10.44	6	1.42	1	2.84	6.15	10.44	5.08	400.02	392.34	2.466	3.335	25.97	35.12	499.8	1701	2	99.9	0.189	-0.298	0.0646	0.00664	0.0372	0.00647	1.0	-0.22	2.74	1.00	0.00	0.16	111115
20	"13:19:37"	235.0	0	6.11	0.079	261	0.726	0.936	10.44	6	1.42	1	2.84	6.15	10.44	5.08	400.02	392.34	2.466	3.335	25.97	35.12	499.8	1701	2	99.9	0.189	-0.298	0.0646	0.00664	0.0372	0.00647	1.0	-0.22	2.74	1.00	0.00	0.16	111115
21	"13:19:38"	235.5	0	6.1	0.0788	261	0.724	0.936	10.44	6	1.42	1	2.84	6.15	10.44	5.08	400.03	392.36	2.467	3.333	25.98	35.10	499.8	1701	2	99.9	0.189	-0.298	0.0646	0.00664	0.0372	0.00647	1.0	-0.22	2.74	1.00	0.00	0.16	111115
22	"13:19:38"	236.0	0	6.07	0.0787	261	0.724	0.936	10.44	6	1.42	1	2.84	6.15	10.44	5.08	400.04	392.41	2.467	3.333	25.98	35.10	499.8	1701	2	99.9	0.189	-0.298	0.0646	0.00664	0.0372	0.00647	1.0	-0.22	2.74	1.00	0.00	0.16	111115
23	"13:19:38"	236.0	0	6.07	0.0787	261	0.724	0.936	10.44	6	1.42	1	2.84	6.15	10.44	5.08	400.04	392.41	2.467	3.333	25.98	35.10	499.8	1701	2	99.9	0.189	-0.298	0.0646	0.00664	0.0372	0.00647	1.0	-0.22	2.74	1.00	0.00	0.16	111115
24	"13:19:39"	236.5	0	6.09	0.0789	261	0.725	0.937	10.44	6	1.42	1	2.84	6.15	10.44	5.08	400.00	392.34	2.466	3.334	25.97	35.10	499.8	1701	2	99.9	0.189	-0.298	0.0646	0.00664	0.0372	0.00647	1.0	-0.22	2.74	1.00	0.00	0.16	111115
25	"13:19:39"	237.0	0	6.1	0.0789	261	0.726	0.937	10.45	6	1.42	1	2.84	6.15	10.45	5.08	400.00	392.33	2.466	3.335	25.97	35.11	499.8	1701	2	99.9	0.189	-0.298	0.0646	0.00664	0.0372	0.00647	1.0	-0.22	2.74	1.00	0.00	0.16	111115
26	"13:19:39"	237.5	0	6.11	0.079	261	0.727	0.937	10.45	6	1.42	1	2.84	6.16	10.45	5.08	400.02	392.34	2.466	3.336	25.96	35.12	499.8	1701	2	99.9	0.189	-0.298	0.0646	0.00664	0.0372	0.00647	1.0	-0.22	2.74	1.00	0.00	0.16	111115
27	"13:19:40"	237.5	0	6.11	0.079	261	0.727	0.937	10.45	6	1.42	1	2.84	6.16	10.45	5.08	400.02	392.34	2.466	3.336	25.96	35.12	499.8	1701	2	99.9	0.189	-0.298	0.0646	0.00664	0.0372	0.00647	1.0	-0.22	2.74	1.00	0.00	0.16	111115
28	"13:19:40"	238.0	0	6.07	0.0789	262	0.726	0.937	10.45	6	1.42	1	2.84	6.16	10.45	5.08	400.01	392.39	2.466	3.335	25.96	35.11	499.8	1701	2	99.9	0.189	-0.298	0.0646	0.00664	0.0372	0.00647	1.0	-0.22	2.74	1.00	0.00	0.16	111115
29	"13:19:40"	238.5	0	6.01	0.0789	263	0.726	0.937	10.45	6	1.42	1	2.84	6.16	10.45	5.08	399.98	392.42	2.466	3.335	25.96	35.10	499.8	1701	2	99.9	0.189	-0.298	0.0646	0.00664	0.0372	0.00647	1.0	-0.22	2.74	1.00	0.00	0.16	111115
30	"13:19:41"	239.0	0	6.02	0.0789	262	0.726	0.937	10.45	6	1.42	1	2.84	6.16	10.45	5.08	399.96	392.39	2.466	3.335	25.96	35.10	499.9	1701	2	99.9	0.189	-0.298	0.0646	0.00664	0.0372	0.00647	1.0	-0.22	2.74	1.00	0.00	0.16	111115
31	"13:19:41"	239.0	0	6.02	0.0789	262	0.726	0.937	10.45	6	1.42	1	2.84	6.16	10.45	5.08	399.96	392.39	2.466	3.335	25.96	35.10	499.9	1701	2	99.9	0.189	-0.298	0.0646	0.00664	0.0372	0.00647	1.0	-0.22	2.74	1.00	0.00	0.16	111115
32	"13:19:42"	239.5	0	6.03	0.0793	263	0.729	0.937	10.46	6	1.42	1	2.84	6.16	10.46	5.08	399.98	392.41	2.465	3.338	25.95	35.13	499.8	1701	2	99.9	0.189	-0.298	0.0646	0.00664	0.0372	0.00647	1.0	-0.22	2.74	1.00	0.00	0.16	111115
33	"13:19:42"	240.0	0	6.04	0.0792	263	0.729	0.937	10.46	6	1.42	1	2.84	6.16	10.46	5.08	399.99	392.40	2.466	3.338	25.95	35.13	499.8	1701	2	99.9	0.189	-0.298	0.0646	0.00664	0.0372	0.00647	1.0	-0.22	2.74	1.00	0.00	0.16	111115
34	"13:19:42"	240.0	0	6.04	0.0792	263	0.729	0.937	10.46	6	1.42	1	2.84	6.16	10.46	5.08	399.99	392.40	2.466	3.338	25.95	35.13	499.8	1701	2	99.9	0.189	-0.298	0.0646	0.00664	0.0372	0.00647	1.0	-0.22	2.74	1.00	0.00	0.16	111115
35	"13:19:43"	240.5	0	6.03	0.0792	263	0.729	0.937	10.46	6	1.42	1	2.84	6.16	10.46	5.08	400.03	392.44	2.467	3.338	25.95	35.12	499.8	1701	2	99.9	0.189	-0.298	0.0646	0.00664	0.0372	0.00647	1.0	-0.22	2.74	1.00	0.00	0.16	111115
"13:20:23 Coolers: Tblock -> 10.00 C"
"13:23:39 Flow: Fixed -> 500 umol/s"
36	"13:23:45"	483.5	0	6.37	0.0841	262	0.878	1.06	12.92	6	1.42	1	2.84	10.35	12.92	10.11	400.03	391.97	3.269	4.318	25.89	34.20	499.8	1699	2	99.9	0.189	-0.298	0.0646	0.00664	0.0372	0.00647	1.0	-0.22	2.74	1.00	0.00	0.16	111115
37	"13:23:45"	484.0	0	6.44	0.0841	261	0.878	1.06	12.92	6	1.42	1	2.84	10.35	12.92	10.11	400.04	391.90	3.267	4.317	25.87	34.19	499.8	1699	2	99.9	0.189	-0.298	0.0646	0.00664	0.0372	0.00647	1.0	-0.22	2.74	1.00	0.00	0.16	111115
38	"13:23:46"	484.0	0	6.44	0.0841	261	0.878	1.06	12.92	6	1.42	1	2.84	10.35	12.92	10.11	400.04	391.90	3.267	4.317	25.87	34.19	499.8	1699	2	99.9	0.189	-0.298	0.0646	0.00664	0.0372	0.00647	1.0	-0.22	2.74	1.00	0.00	0.16	111115
39	"13:23:46"	484.0	0	6.44	0.0841	261	0.878	1.06	12.92	6	1.42	1	2.84	10.35	12.92	10.11	400.04	391.90	3.267	4.317	25.87	34.19	499.8	1699	2	99.9	0.189	-0.298	0.0646	0.00664	0.0372	0.00647	1.0	-0.22	2.74	1.00	0.00	0.16	111115
40	"13:23:46"	484.5	0	6.44	0.0844	261	0.881	1.06	12.92	6	1.42	1	2.84	10.35	12.92	10.11	400.06	391.92	3.266	4.319	25.86	34.20	499.8	1699	2	99.9	0.189	-0.298	0.0646	0.00664	0.0372	0.00647	1.0	-0.22	2.74	1.00	0.00	0.16	111115
41	"13:23:47"	485.0	0	6.4	0.0845	262	0.882	1.06	12.91	6	1.42	1	2.84	10.35	12.91	10.11	400.05	391.95	3.265	4.319	25.85	34.20	499.8	1699	2	99.9	0.189	-0.298	0.0646	0.00664	0.0372	0.00647	1.0	-0.22	2.74	1.00	0.00	0.16	111115
42	"13:23:47"	485.0	0	6.4	0.0845	262	0.882	1.06	12.91	6	1.42	1	2.84	10.35	12.91	10.11	400.05	391.95	3.265	4.319	25.85	34.20	499.8	1699	2	99.9	0.189	-0.298	0.0646	0.00664	0.0372	0.00647	1.0	-0.22	2.74	1.00	0.00	0.16	111115
43	"13:23:47"	485.5	0	6.32	0.0847	264	0.883	1.06	12.91	6	1.42	1	2.84	10.35	12.91	10.11	400.04	392.04	3.265	4.320	25.85	34.20	499.8	1699	2	99.9	0.189	-0.298	0.0646	0.00664	0.0372	0.00647	1.0	-0.22	2.74	1.00	0.00	0.16	111115
44	"13:23:48"	486.0	0	6.37	0.0847	263	0.883	1.06	12.91	6	1.42	1	2.84	10.35	12.91	10.11	400.05	391.99	3.264	4.320	25.84	34.20	499.8	1699	2	99.9	0.189	-0.298	0.0646	0.00664	0.0372	0.00647	1.0	-0.22	2.74	1.00	0.00	0.16	111115
45	"13:23:48"	486.5	0	6.3	0.0847	264	0.883	1.06	12.91	6	1.42	1	2.84	10.35	12.91	10.11	400.01	392.03	3.265	4.320	25.84	34.20	499.8	1699	2	99.9	0.189	-0.298	0.0646	0.00664	0.0372	0.00647	1.0	-0.22	2.74	1.00	0.00	0.16	111115
46	"13:23:48"	486.5	0	6.3	0.0847	264	0.883	1.06	12.91	6	1.42	1	2.84	10.35	12.91	10.11	400.01	392.03	3.265	4.320	25.84	34.20	499.8	1699	2	99.9	0.189	-0.298	0.0646	0.00664	0.0372	0.00647	1.0	-0.22	2.74	1.00	0.00	0.16	111115
47	"13:23:49"	487.0	0	6.32	0.0849	264	0.885	1.06	12.91	6	1.42	1	2.84	10.35	12.91	10.11	400.04	392.04	3.265	4.322	25.84	34.21	499.8	1699	2	99.9	0.189	-0.298	0.0646	0.00664	0.0372	0.00647	1.0	-0.22	2.74	1.00	0.00	0.16	111115
48	"13:23:49"	487.5	0	6.34	0.0849	264	0.885	1.06	12.91	6	1.42	1	2.84	10.36	12.91	10.11	400.03	392.00	3.265	4.322	25.84	34.21	499.8	1699	2	99.9	0.189	-0.298	0.0646	0.00664	0.0372	0.00647	1.0	-0.22	2.74	1.00	0.00	0.16	111115
49	"13:23:50"	488.0	0	6.28	0.0848	265	0.885	1.06	12.92	6	1.42	1	2.84	10.36	12.92	10.11	400.01	392.06	3.265	4.322	25.84	34.21	499.8	1699	2	99.9	0.189	-0.298	0.0646	0.00664	0.0372	0.00647	1.0	-0.22	2.74	1.00	0.00	0.16	111115
50	"13:23:50"	488.0	0	6.28	0.0848	265	0.885	1.06	12.92	6	1.42	1	2.84	10.36	12.92	10.11	400.01	392.06	3.265	4.322	25.84	34.21	499.8	1699	2	99.9	0.189	-0.298	0.0646	0.00664	0.0372	0.00647	1.0	-0.22	2.74	1.00	0.00	0.16	111115
51	"13:23:50"	488.5	0	6.29	0.0846	265	0.884	1.06	12.92	6	1.42	1	2.84	10.36	12.92	10.11	400.00	392.03	3.265	4.321	25.84	34.20	499.8	1699	2	99.9	0.189	-0.298	0.0646	0.00664	0.0372	0.00647	1.0	-0.22	2.74	1.00	0.00	0.16	111115
"13:24:25 Coolers: Tblock -> 15.00 C"
"13:27:13 Flow: Fixed -> 500 umol/s"
52	"13:27:25"	703.5	0	6.36	0.0854	263	0.997	1.19	15.25	6	1.42	1	2.84	14.46	15.25	15.13	400.02	391.91	4.345	5.536	26.26	33.45	499.7	1699	2	99.9	0.189	-0.298	0.0646	0.00664	0.0372	0.00647	1.0	-0.22	2.74	1.00	0.00	0.16	111115
53	"13:27:25"	703.5	0	6.36	0.0854	263	0.997	1.19	15.25	6	1.42	1	2.84	14.46	15.25	15.13	400.02	391.91	4.345	5.536	26.26	33.45	499.7	1699	2	99.9	0.189	-0.298	0.0646	0.00664	0.0372	0.00647	1.0	-0.22	2.74	1.00	0.00	0.16	111115
54	"13:27:25"	703.5	0	6.36	0.0854	263	0.997	1.19	15.25	6	1.42	1	2.84	14.46	15.25	15.13	400.02	391.91	4.345	5.536	26.26	33.45	499.7	1699	2	99.9	0.189	-0.298	0.0646	0.00664	0.0372	0.00647	1.0	-0.22	2.74	1.00	0.00	0.16	111115
55	"13:27:26"	704.0	0	6.32	0.0855	264	0.998	1.19	15.26	6	1.42	1	2.84	14.46	15.26	15.13	400.01	391.96	4.345	5.537	26.26	33.46	499.7	1699	2	99.9	0.189	-0.298	0.0646	0.00664	0.0372	0.00647	1.0	-0.22	2.74	1.00	0.00	0.16	111115
56	"13:27:26"	704.5	0	6.36	0.0855	263	0.997	1.19	15.26	6	1.42	1	2.84	14.47	15.26	15.13	400.03	391.92	4.345	5.536	26.25	33.44	499.7	1699	2	99.9	0.189	-0.298	0.0646	0.00664	0.0372	0.00647	1.0	-0.22	2.74	1.00	0.00	0.16	111115
57	"13:27:26"	705.0	0	6.4	0.0853	263	0.996	1.19	15.26	6	1.42	1	2.84	14.47	15.26	15.13	400.05	391.90	4.345	5.534	26.25	33.43	499.7	1699	2	99.9	0.189	-0.298	0.0646	0.00664	0.0372	0.00647	1.0	-0.22	2.74	1.00	0.00	0.16	111115
58	"13:27:27"	705.0	0	6.4	0.0853	263	0.996	1.19	15.26	6	1.42	1	2.84	14.47	15.26	15.13	400.05	391.90	4.345	5.534	26.25	33.43	499.7	1699	2	99.9	0.189	-0.298	0.0646	0.00664	0.0372	0.00647	1.0	-0.22	2.74	1.00	0.00	0.16	111115
59	"13:27:27"	705.5	0	6.43	0.0852	262	0.995	1.19	15.26	6	1.42	1	2.84	14.47	15.26	15.13	400.03	391.84	4.346	5.534	26.25	33.42	499.7	1699	2	99.9	0.189	-0.298	0.0646	0.00664	0.0372	0.00647	1.0	-0.22	2.74	1.00	0.00	0.16	111115
60	"13:27:27"	706.0	0	6.33	0.0853	264	0.996	1.19	15.26	6	1.42	1	2.84	14.47	15.26	15.13	399.95	391.88	4.346	5.535	26.25	33.43	499.8	1699	2	99.9	0.189	-0.298	0.0646	0.00664	0.0372	0.00647	1.0	-0.22	2.74	1.00	0.00	0.16	111115
61	"13:27:28"	706.0	0	6.33	0.0853	264	0.996	1.19	15.26	6	1.42	1	2.84	14.47	15.26	15.13	399.95	391.88	4.346	5.535	26.25	33.43	499.8	1699	2	99.9	0.189	-0.298	0.0646	0.00664	0.0372	0.00647	1.0	-0.22	2.74	1.00	0.00	0.16	111115
62	"13:27:28"	706.5	0	6.33	0.0854	264	0.997	1.19	15.26	6	1.42	1	2.84	14.47	15.26	15.13	399.92	391.85	4.345	5.535	26.24	33.42	499.8	1699	2	99.9	0.189	-0.298	0.0646	0.00664	0.0372	0.00647	1.0	-0.22	2.74	1.00	0.00	0.16	111115
63	"13:27:28"	707.0	0	6.32	0.0856	264	0.999	1.19	15.26	6	1.42	1	2.84	14.48	15.26	15.13	399.86	391.80	4.346	5.538	26.24	33.44	499.7	1699	2	99.9	0.189	-0.298	0.0646	0.00664	0.0372	0.00647	1.0	-0.22	2.74	1.00	0.00	0.16	111115
64	"13:27:29"	707.5	0	6.29	0.0855	265	0.998	1.19	15.27	6	1.42	1	2.84	14.48	15.27	15.13	399.83	391.81	4.346	5.538	26.24	33.43	499.7	1699	2	99.9	0.189	-0.298	0.0646	0.00664	0.0372	0.00647	1.0	-0.22	2.74	1.00	0.00	0.16	111115
65	"13:27:29"	707.5	0	6.29	0.0855	265	0.998	1.19	15.27	6	1.42	1	2.84	14.48	15.27	15.13	399.83	391.81	4.346	5.538	26.24	33.43	499.7	1699	2	99.9	0.189	-0.298	0.0646	0.00664	0.0372	0.00647	1.0	-0.22	2.74	1.00	0.00	0.16	111115
66	"13:27:30"	708.0	0	6.27	0.0854	265	0.998	1.19	15.27	6	1.42	1	2.84	14.48	15.27	15.13	399.78	391.78	4.346	5.537	26.24	33.43	499.7	1699	2	99.9	0.189	-0.298	0.0646	0.00664	0.0372	0.00647	1.0	-0.22	2.74	1.00	0.00	0.16	111115
67	"13:27:30"	708.5	0	6.19	0.0854	267	0.998	1.19	15.27	6	1.42	1	2.84	14.48	15.27	15.13	399.75	391.85	4.347	5.539	26.24	33.43	499.7	1699	2	99.9	0.189	-0.298	0.0646	0.00664	0.0372	0.00647	1.0	-0.22	2.74	1.00	0.00	0.16	111115
68	"13:28:06"	744.5	0	6.57	0.0847	258	1.01	1.22	15.53	6	1.42	1	2.84	14.61	15.53	15.13	400.09	391.73	4.352	5.561	26.06	33.29	499.8	1699	2	99.9	0.189	-0.298	0.0646	0.00664	0.0372	0.00647	1.0	-0.22	2.74	1.00	0.00	0.16	111115
69	"13:28:06"	744.5	0	6.57	0.0847	258	1.01	1.22	15.53	6	1.42	1	2.84	14.61	15.53	15.13	400.09	391.73	4.352	5.561	26.06	33.29	499.8	1699	2	99.9	0.189	-0.298	0.0646	0.00664	0.0372	0.00647	1.0	-0.22	2.74	1.00	0.00	0.16	111115
70	"13:28:07"	745.0	0	6.52	0.0847	259	1.01	1.22	15.54	6	1.42	1	2.84	14.61	15.54	15.13	400.06	391.76	4.353	5.561	26.06	33.29	499.8	1699	2	99.9	0.189	-0.298	0.0646	0.00664	0.0372	0.00647	1.0	-0.22	2.74	1.00	0.00	0.16	111115
71	"13:28:07"	745.5	0	6.5	0.0846	259	1.01	1.22	15.54	6	1.42	1	2.84	14.61	15.54	15.13	400.05	391.78	4.353	5.560	26.06	33.28	499.7	1699	2	99.9	0.189	-0.298	0.0646	0.00664	0.0372	0.00647	1.0	-0.22	2.74	1.00	0.00	0.16	111115
72	"13:28:07"	746.0	0	6.39	0.0845	261	1.01	1.22	15.54	6	1.42	1	2.84	14.61	15.54	15.13	400.02	391.87	4.353	5.560	26.05	33.28	499.7	1700	2	99.9	0.189	-0.298	0.0646	0.00664	0.0372	0.00647	1.0	-0.22	2.74	1.00	0.00	0.16	111115
73	"13:28:08"	746.0	0	6.39	0.0845	261	1.01	1.22	15.54	6	1.42	1	2.84	14.61	15.54	15.13	400.02	391.87	4.353	5.560	26.05	33.28	499.7	1700	2	99.9	0.189	-0.298	0.0646	0.00664	0.0372	0.00647	1.0	-0.22	2.74	1.00	0.00	0.16	111115
74	"13:28:08"	746.5	0	6.46	0.0845	260	1.01	1.22	15.55	6	1.42	1	2.84	14.61	15.55	15.13	400.03	391.80	4.354	5.561	26.06	33.28	499.7	1700	2	99.9	0.189	-0.298	0.0646	0.00664	0.0372	0.00647	1.0	-0.22	2.74	1.00	0.00	0.16	111115
75	"13:28:08"	747.0	0	6.45	0.0845	260	1.01	1.22	15.55	6	1.42	1	2.84	14.62	15.55	15.13	400.05	391.83	4.354	5.563	26.06	33.29	499.8	1700	2	99.9	0.189	-0.298	0.0646	0.00664	0.0372	0.00647	1.0	-0.22	2.74	1.00	0.00	0.16	111115
76	"13:28:09"	747.0	0	6.45	0.0845	260	1.01	1.22	15.55	6	1.42	1	2.84	14.62	15.55	15.13	400.05	391.83	4.354	5.563	26.06	33.29	499.8	1700	2	99.9	0.189	-0.298	0.0646	0.00664	0.0372	0.00647	1.0	-0.22	2.74	1.00	0.00	0.16	111115
77	"13:28:09"	747.5	0	6.46	0.0848	260	1.02	1.22	15.55	6	1.42	1	2.84	14.62	15.55	15.13	400.03	391.80	4.354	5.566	26.05	33.30	499.8	1700	2	99.9	0.189	-0.298	0.0646	0.00664	0.0372	0.00647	1.0	-0.22	2.74	1.00	0.00	0.16	111115
78	"13:28:09"	748.0	0	6.49	0.0848	260	1.02	1.22	15.56	6	1.42	1	2.84	14.62	15.56	15.13	400.03	391.76	4.354	5.566	26.05	33.30	499.8	1700	2	99.9	0.189	-0.298	0.0646	0.00664	0.0372	0.00647	1.0	-0.22	2.74	1.00	0.00	0.16	111115
79	"13:28:10"	748.5	0	6.5	0.0849	260	1.02	1.22	15.56	6	1.42	1	2.84	14.62	15.56	15.13	400.03	391.74	4.354	5.568	26.05	33.31	499.8	1700	2	99.9	0.189	-0.298	0.0646	0.00664	0.0372	0.00647	1.0	-0.22	2.74	1.00	0.00	0.16	111115
80	"13:28:10"	748.5	0	6.5	0.0849	260	1.02	1.22	15.56	6	1.42	1	2.84	14.62	15.56	15.13	400.03	391.74	4.354	5.568	26.05	33.31	499.8	1700	2	99.9	0.189	-0.298	0.0646	0.00664	0.0372	0.00647	1.0	-0.22	2.74	1.00	0.00	0.16	111115
81	"13:28:11"	749.0	0	6.48	0.0848	260	1.02	1.22	15.56	6	1.42	1	2.84	14.62	15.56	15.13	400.04	391.78	4.354	5.566	26.04	33.29	499.8	1700	2	99.9	0.189	-0.298	0.0646	0.00664	0.0372	0.00647	1.0	-0.22	2.74	1.00	0.00	0.16	111115
82	"13:28:11"	749.5	0	6.47	0.0846	260	1.01	1.22	15.56	6	1.42	1	2.84	14.62	15.56	15.13	400.01	391.77	4.354	5.565	26.04	33.28	499.8	1700	2	99.9	0.189	-0.298	0.0646	0.00664	0.0372	0.00647	1.0	-0.22	2.74	1.00	0.00	0.16	111115
83	"13:28:11"	750.0	0	6.51	0.0846	259	1.01	1.22	15.57	6	1.42	1	2.84	14.63	15.57	15.13	400.02	391.73	4.354	5.564	26.04	33.27	499.8	1700	2	99.9	0.189	-0.298	0.0646	0.00664	0.0372	0.00647	1.0	-0.22	2.74	1.00	0.00	0.16	111115
84	"13:28:12"	750.0	0	6.51	0.0846	259	1.01	1.22	15.57	6	1.42	1	2.84	14.63	15.57	15.13	400.02	391.73	4.354	5.564	26.04	33.27	499.8	1700	2	99.9	0.189	-0.298	0.0646	0.00664	0.0372	0.00647	1.0	-0.22	2.74	1.00	0.00	0.16	111115
85	"13:28:12"	750.5	0	6.49	0.0847	260	1.02	1.22	15.57	6	1.42	1	2.84	14.63	15.57	15.13	400.01	391.74	4.354	5.566	26.03	33.28	499.9	1700	2	99.9	0.189	-0.298	0.0646	0.00664	0.0372	0.00647	1.0	-0.22	2.74	1.00	0.00	0.16	111115
86	"13:28:12"	751.0	0	6.49	0.0848	260	1.02	1.22	15.57	6	1.42	1	2.84	14.63	15.57	15.13	400.01	391.74	4.353	5.567	26.03	33.28	499.9	1700	2	99.9	0.189	-0.298	0.0646	0.00664	0.0372	0.00647	1.0	-0.22	2.74	1.00	0.00	0.16	111115
"13:28:46 Coolers: Tblock -> 20.00 C"
"13:30:35 Flow: Fixed -> 500 umol/s"
87	"13:30:43"	901.5	0	5.89	0.0842	270	1.16	1.41	17.30	6	1.42	1	2.84	18.36	17.30	20.15	399.92	392.31	4.380	5.771	20.65	27.21	499.8	1699	2	99.9	0.189	-0.298	0.0646	0.00664	0.0372	0.00647	1.0	-0.22	2.74	1.00	0.00	0.16	111115
88	"13:30:44"	902.0	0	5.84	0.0844	271	1.17	1.41	17.31	6	1.42	1	2.84	18.37	17.31	20.15	399.90	392.33	4.379	5.774	20.64	27.21	499.8	1699	2	99.9	0.189	-0.298	0.0646	0.00664	0.0372	0.00647	1.0	-0.22	2.74	1.00	0.00	0.16	111115
89	"13:30:44"	902.0	0	5.84	0.0844	271	1.17	1.41	17.31	6	1.42	1	2.84	18.37	17.31	20.15	399.90	392.33	4.379	5.774	20.64	27.21	499.8	1699	2	99.9	0.189	-0.298	0.0646	0.00664	0.0372	0.00647	1.0	-0.22	2.74	1.00	0.00	0.16	111115
90	"13:30:44"	902.5	0	5.86	0.0843	271	1.17	1.41	17.31	6	1.42	1	2.84	18.37	17.31	20.14	399.90	392.32	4.378	5.772	20.63	27.20	499.8	1699	2	99.9	0.189	-0.298	0.0646	0.00664	0.0372	0.00647	1.0	-0.22	2.74	1.00	0.00	0.16	111115
91	"13:30:45"	903.0	0	5.87	0.0843	271	1.17	1.41	17.32	6	1.42	1	2.84	18.38	17.32	20.14	399.91	392.31	4.378	5.772	20.62	27.19	499.8	1699	2	99.9	0.189	-0.298	0.0646	0.00664	0.0372	0.00647	1.0	-0.22	2.74	1.00	0.00	0.16	111115
92	"13:30:45"	903.0	0	5.87	0.0843	271	1.17	1.41	17.32	6	1.42	1	2.84	18.38	17.32	20.14	399.91	392.31	4.378	5.772	20.62	27.19	499.8	1699	2	99.9	0.189	-0.298	0.0646	0.00664	0.0372	0.00647	1.0	-0.22	2.74	1.00	0.00	0.16	111115
93	"13:30:45"	903.5	0	5.9	0.0844	270	1.17	1.41	17.32	6	1.42	1	2.84	18.38	17.32	20.14	399.92	392.29	4.377	5.774	20.61	27.19	499.8	1699	2	99.9	0.189	-0.298	0.0646	0.00664	0.0372	0.00647	1.0	-0.22	2.74	1.00	0.00	0.16	111115
94	"13:30:46"	904.0	0	5.94	0.0844	269	1.17	1.41	17.32	6	1.42	1	2.84	18.39	17.32	20.13	399.95	392.26	4.377	5.773	20.61	27.18	499.8	1700	2	99.9	0.189	-0.298	0.0646	0.00664	0.0372	0.00647	1.0	-0.22	2.74	1.00	0.00	0.16	111115
95	"13:30:46"	904.5	0	5.92	0.0844	270	1.17	1.41	17.33	6	1.42	1	2.84	18.39	17.33	20.13	399.93	392.28	4.377	5.773	20.60	27.17	499.8	1700	2	99.9	0.189	-0.298	0.0646	0.00664	0.0372	0.00647	1.0	-0.22	2.74	1.00	0.00	0.16	111115
96	"13:30:46"	904.5	0	5.92	0.0844	270	1.17	1.41	17.33	6	1.42	1	2.84	18.39	17.33	20.13	399.93	392.28	4.377	5.773	20.60	27.17	499.8	1700	2	99.9	0.189	-0.298	0.0646	0.00664	0.0372	0.00647	1.0	-0.22	2.74	1.00	0.00	0.16	111115
97	"13:30:47"	905.0	0	5.79	0.0842	272	1.17	1.41	17.33	6	1.42	1	2.84	18.40	17.33	20.13	399.89	392.39	4.377	5.772	20.59	27.15	499.8	1700	2	99.9	0.189	-0.298	0.0646	0.00664	0.0372	0.00647	1.0	-0.22	2.74	1.00	0.00	0.16	111115
98	"13:30:47"	905.5	0	5.77	0.0841	272	1.17	1.41	17.34	6	1.42	1	2.84	18.40	17.34	20.13	399.88	392.40	4.377	5.771	20.59	27.14	499.8	1700	2	99.9	0.189	-0.298	0.0646	0.00664	0.0372	0.00647	1.0	-0.22	2.74	1.00	0.00	0.16	111115
99	"13:30:48"	905.5	0	5.77	0.0841	272	1.17	1.41	17.34	6	1.42	1	2.84	18.40	17.34	20.13	399.88	392.40	4.377	5.771	20.59	27.14	499.8	1700	2	99.9	0.189	-0.298	0.0646	0.00664	0.0372	0.00647	1.0	-0.22	2.74	1.00	0.00	0.16	111115
100	"13:30:48"	906.0	0	5.82	0.0839	271	1.17	1.41	17.34	6	1.42	1	2.84	18.41	17.34	20.13	399.89	392.36	4.377	5.768	20.58	27.12	499.8	1700	2	99.9	0.189	-0.298	0.0646	0.00664	0.0372	0.00647	1.0	-0.22	2.74	1.00	0.00	0.16	111115
101	"13:30:48"	906.5	0	5.86	0.0841	271	1.17	1.41	17.34	6	1.42	1	2.84	18.41	17.34	20.13	399.91	392.33	4.377	5.771	20.57	27.13	499.8	1700	2	99.9	0.189	-0.298	0.0646	0.00664	0.0372	0.00647	1.0	-0.22	2.74	1.00	0.00	0.16	111115
102	"13:30:49"	907.0	0	5.82	0.0842	271	1.17	1.41	17.34	6	1.42	1	2.84	18.42	17.34	20.13	399.88	392.35	4.377	5.773	20.56	27.13	499.8	1700	2	99.9	0.189	-0.298	0.0646	0.00664	0.0372	0.00647	1.0	-0.22	2.74	1.00	0.00	0.16	111115
103	"13:30:49"	907.5	0	5.88	0.0841	270	1.17	1.41	17.35	6	1.42	1	2.84	18.42	17.35	20.13	399.90	392.30	4.378	5.773	20.56	27.12	499.8	1700	2	99.9	0.189	-0.298	0.0646	0.00664	0.0372	0.00647	1.0	-0.22	2.74	1.00	0.00	0.16	111115
"13:33:41 Flow: Fixed -> 500 umol/s"
104	"13:33:52"	1091.0	0	6.23	0.0781	254	1.11	1.43	18.77	6	1.42	1	2.84	19.21	18.77	20.11	400.03	392.03	6.122	7.439	27.37	33.26	499.8	1700	2	99.9	0.189	-0.298	0.0646	0.00664	0.0372	0.00647	1.0	-0.22	2.74	1.00	0.00	0.16	111115
105	"13:33:52"	1091.0	0	6.23	0.0781	254	1.11	1.43	18.77	6	1.42	1	2.84	19.21	18.77	20.11	400.03	392.03	6.122	7.439	27.37	33.26	499.8	1700	2	99.9	0.189	-0.298	0.0646	0.00664	0.0372	0.00647	1.0	-0.22	2.74	1.00	0.00	0.16	111115
106	"13:33:52"	1091.0	0	6.23	0.0781	254	1.11	1.43	18.77	6	1.42	1	2.84	19.21	18.77	20.11	400.03	392.03	6.122	7.439	27.37	33.26	499.8	1700	2	99.9	0.189	-0.298	0.0646	0.00664	0.0372	0.00647	1.0	-0.22	2.74	1.00	0.00	0.16	111115
107	"13:33:53"	1091.5	0	6.21	0.078	254	1.1	1.43	18.78	6	1.42	1	2.84	19.21	18.78	20.12	400.02	392.04	6.123	7.438	27.38	33.26	499.8	1700	2	99.9	0.189	-0.298	0.0646	0.00664	0.0372	0.00647	1.0	-0.22	2.74	1.00	0.00	0.16	111115
108	"13:33:53"	1092.0	0	6.22	0.0779	254	1.1	1.43	18.78	6	1.42	1	2.84	19.21	18.78	20.12	400.03	392.04	6.124	7.438	27.38	33.26	499.8	1700	2	99.9	0.189	-0.298	0.0646	0.00664	0.0372	0.00647	1.0	-0.22	2.74	1.00	0.00	0.16	111115
109	"13:33:53"	1092.0	0	6.22	0.0779	254	1.1	1.43	18.78	6	1.42	1	2.84	19.21	18.78	20.12	400.03	392.04	6.124	7.438	27.38	33.26	499.8	1700	2	99.9	0.189	-0.298	0.0646	0.00664	0.0372	0.00647	1.0	-0.22	2.74	1.00	0.00	0.16	111115
110	"13:33:54"	1092.5	0	6.19	0.0778	254	1.1	1.43	18.78	6	1.42	1	2.84	19.21	18.78	20.12	400.01	392.07	6.125	7.437	27.38	33.25	499.8	1700	2	99.9	0.189	-0.298	0.0646	0.00664	0.0372	0.00647	1.0	-0.22	2.74	1.00	0.00	0.16	111115
111	"13:33:54"	1093.0	0	6.16	0.0778	255	1.1	1.43	18.78	6	1.42	1	2.84	19.21	18.78	20.12	400.01	392.10	6.124	7.437	27.38	33.25	499.8	1700	2	99.9	0.189	-0.298	0.0646	0.00664	0.0372	0.00647	1.0	-0.22	2.74	1.00	0.00	0.16	111115
112	"13:33:55"	1093.5	0	6.08	0.0777	257	1.1	1.43	18.78	6	1.42	1	2.84	19.21	18.78	20.12	400.00	392.18	6.124	7.436	27.38	33.24	499.8	1700	2	99.9	0.189	-0.298	0.0646	0.00664	0.0372	0.00647	1.0	-0.22	2.74	1.00	0.00	0.16	111115
113	"13:33:55"	1093.5	0	6.08	0.0777	257	1.1	1.43	18.78	6	1.42	1	2.84	19.21	18.78	20.12	400.00	392.18	6.124	7.436	27.38	33.24	499.8	1700	2	99.9	0.189	-0.298	0.0646	0.00664	0.0372	0.00647	1.0	-0.22	2.74	1.00	0.00	0.16	111115
114	"13:33:55"	1094.0	0	6.08	0.0778	257	1.1	1.43	18.79	6	1.42	1	2.84	19.22	18.79	20.12	400.01	392.18	6.125	7.438	27.38	33.25	499.8	1700	2	99.9	0.189	-0.298	0.0646	0.00664	0.0372	0.00647	1.0	-0.22	2.74	1.00	0.00	0.16	111115
115	"13:33:56"	1094.5	0	6.05	0.0779	258	1.1	1.43	18.79	6	1.42	1	2.84	19.22	18.79	20.12	399.99	392.21	6.124	7.439	27.37	33.25	499.8	1700	2	99.9	0.189	-0.298	0.0646	0.00664	0.0372	0.00647	1.0	-0.22	2.74	1.00	0.00	0.16	111115
116	"13:33:56"	1094.5	0	6.05	0.0779	258	1.1	1.43	18.79	6	1.42	1	2.84	19.22	18.79	20.12	399.99	392.21	6.124	7.439	27.37	33.25	499.8	1700	2	99.9	0.189	-0.298	0.0646	0.00664	0.0372	0.00647	1.0	-0.22	2.74	1.00	0.00	0.16	111115
117	"13:33:56"	1095.0	0	6.04	0.0778	258	1.1	1.43	18.79	6	1.42	1	2.84	19.22	18.79	20.12	399.98	392.22	6.125	7.439	27.37	33.25	499.8	1700	2	99.9	0.189	-0.298	0.0646	0.00664	0.0372	0.00647	1.0	-0.22	2.74	1.00	0.00	0.16	111115
118	"13:33:57"	1095.5	0	6	0.078	259	1.11	1.43	18.79	6	1.42	1	2.84	19.22	18.79	20.12	399.93	392.21	6.124	7.441	27.37	33.25	499.8	1700	2	99.9	0.189	-0.298	0.0646	0.00664	0.0372	0.00647	1.0	-0.22	2.74	1.00	0.00	0.16	111115
119	"13:33:57"	1096.0	0	6	0.0779	259	1.1	1.43	18.79	6	1.42	1	2.84	19.22	18.79	20.12	399.89	392.17	6.124	7.440	27.37	33.25	499.8	1700	2	99.9	0.189	-0.298	0.0646	0.00664	0.0372	0.00647	1.0	-0.22	2.74	1.00	0.00	0.16	111115
120	"13:33:58"	1096.5	0	5.91	0.0781	261	1.11	1.43	18.79	6	1.42	1	2.84	19.22	18.79	20.12	399.84	392.23	6.125	7.442	27.37	33.26	499.8	1700	2	99.9	0.189	-0.298	0.0646	0.00664	0.0372	0.00647	1.0	-0.22	2.74	1.00	0.00	0.16	111115
121	"13:34:15"	1114.0	0	6.37	0.0775	249	1.11	1.44	18.88	6	1.42	1	2.84	19.25	18.88	20.13	399.62	391.45	6.131	7.451	27.35	33.23	499.8	1699	2	99.89	0.189	-0.298	0.0646	0.00664	0.0372	0.00647	0.7	-0.22	2.74	1.00	0.00	0.16	111115
122	"13:34:15"	1114.0	0	6.37	0.0775	249	1.11	1.44	18.88	6	1.42	1	2.84	19.25	18.88	20.13	399.62	391.45	6.131	7.451	27.35	33.23	499.8	1699	2	99.89	0.189	-0.298	0.0646	0.00664	0.0372	0.00647	0.7	-0.22	2.74	1.00	0.00	0.16	111115
123	"13:34:15"	1114.0	0	6.37	0.0775	249	1.11	1.44	18.88	6	1.42	1	2.84	19.25	18.88	20.13	399.62	391.45	6.131	7.451	27.35	33.23	499.8	1699	2	99.89	0.189	-0.298	0.0646	0.00664	0.0372	0.00647	0.7	-0.22	2.74	1.00	0.00	0.16	111115
124	"13:34:16"	1114.5	0	6.38	0.0774	249	1.11	1.44	18.88	6	1.42	1	2.84	19.25	18.88	20.13	399.63	391.46	6.131	7.449	27.34	33.22	499.8	1699	2	99.89	0.189	-0.298	0.0646	0.00664	0.0372	0.00647	0.7	-0.22	2.74	1.00	0.00	0.16	111115
125	"13:34:16"	1115.0	0	6.37	0.0778	250	1.11	1.44	18.88	6	1.42	1	2.84	19.25	18.88	20.13	399.68	391.51	6.130	7.453	27.34	33.24	499.8	1699	2	99.89	0.189	-0.298	0.0646	0.00664	0.0372	0.00647	0.7	-0.22	2.74	1.00	0.00	0.16	111115
126	"13:34:17"	1115.5	0	6.36	0.0779	250	1.11	1.44	18.87	6	1.42	1	2.84	19.25	18.87	20.13	399.74	391.58	6.130	7.455	27.34	33.24	499.9	1699	2	99.89	0.189	-0.298	0.0646	0.00664	0.0372	0.00647	0.7	-0.22	2.74	1.00	0.00	0.16	111115
127	"13:34:17"	1115.5	0	6.36	0.0779	250	1.11	1.44	18.87	6	1.42	1	2.84	19.25	18.87	20.13	399.74	391.58	6.130	7.455	27.34	33.24	499.9	1699	2	99.89	0.189	-0.298	0.0646	0.00664	0.0372	0.00647	0.7	-0.22	2.74	1.00	0.00	0.16	111115
128	"13:34:17"	1116.0	0	6.43	0.0781	249	1.11	1.44	18.87	6	1.42	1	2.84	19.25	18.87	20.14	399.76	391.52	6.131	7.458	27.34	33.26	499.9	1699	2	99.9	0.189	-0.298	0.0646	0.00664	0.0372	0.00647	0.7	-0.22	2.74	1.00	0.00	0.16	111115
129	"13:34:18"	1116.5	0	6.47	0.0782	248	1.12	1.44	18.87	6	1.42	1	2.84	19.25	18.87	20.14	399.77	391.47	6.129	7.458	27.33	33.26	499.9	1699	2	99.9	0.189	-0.298	0.0646	0.00664	0.0372	0.00647	0.7	-0.22	2.74	1.00	0.00	0.16	111115
130	"13:34:18"	1117.0	0	6.44	0.0781	249	1.11	1.44	18.87	6	1.42	1	2.84	19.25	18.87	20.14	399.76	391.51	6.129	7.457	27.33	33.25	499.8	1699	2	99.9	0.189	-0.298	0.0646	0.00664	0.0372	0.00647	0.7	-0.22	2.74	1.00	0.00	0.16	111115
131	"13:34:18"	1117.0	0	6.44	0.0781	249	1.11	1.44	18.87	6	1.42	1	2.84	19.25	18.87	20.14	399.76	391.51	6.129	7.457	27.33	33.25	499.8	1699	2	99.9	0.189	-0.298	0.0646	0.00664	0.0372	0.00647	0.7	-0.22	2.74	1.00	0.00	0.16	111115
"13:34:24 Lamp: ParIn ->  1700 uml"
"13:34:24 CO2 Mixer: CO2R -> 400 uml"
"13:34:24 Coolers: Tblock -> 20.00 C"
"13:34:24 Flow: Fixed -> 500 umol/s"
132	"13:34:35"	1134.0	0	6.16	0.0773	254	1.11	1.45	18.96	6	1.42	1	2.84	19.29	18.96	20.15	400.19	392.27	6.136	7.461	27.29	33.19	499.8	1699	2	99.89	0.189	-0.298	0.0646	0.00664	0.0372	0.00647	0.7	-0.22	2.74	1.00	0.00	0.16	111115
133	"13:34:35"	1134.0	0	6.16	0.0773	254	1.11	1.45	18.96	6	1.42	1	2.84	19.29	18.96	20.15	400.19	392.27	6.136	7.461	27.29	33.19	499.8	1699	2	99.89	0.189	-0.298	0.0646	0.00664	0.0372	0.00647	0.7	-0.22	2.74	1.00	0.00	0.16	111115
134	"13:34:36"	1134.0	0	6.16	0.0773	254	1.11	1.45	18.96	6	1.42	1	2.84	19.29	18.96	20.15	400.19	392.27	6.136	7.461	27.29	33.19	499.8	1699	2	99.89	0.189	-0.298	0.0646	0.00664	0.0372	0.00647	0.7	-0.22	2.74	1.00	0.00	0.16	111115
135	"13:34:36"	1134.5	0	6.21	0.0774	253	1.11	1.45	18.96	6	1.42	1	2.84	19.29	18.96	20.15	400.20	392.22	6.136	7.462	27.29	33.19	499.8	1699	2	99.89	0.189	-0.298	0.0646	0.00664	0.0372	0.00647	0.7	-0.22	2.74	1.00	0.00	0.16	111115
136	"13:34:37"	1135.0	0	6.21	0.0774	253	1.11	1.45	18.96	6	1.42	1	2.84	19.29	18.96	20.14	400.23	392.24	6.136	7.463	27.29	33.19	499.8	1699	2	99.89	0.189	-0.298	0.0646	0.00664	0.0372	0.00647	0.7	-0.22	2.74	1.00	0.00	0.16	111115
137	"13:34:37"	1135.5	0	6.18	0.0773	254	1.11	1.46	18.97	6	1.42	1	2.84	19.30	18.97	20.14	400.25	392.30	6.136	7.463	27.29	33.19	499.8	1699	2	99.89	0.189	-0.298	0.0646	0.00664	0.0372	0.00647	0.7	-0.22	2.74	1.00	0.00	0.16	111115
138	"13:34:37"	1135.5	0	6.18	0.0773	254	1.11	1.46	18.97	6	1.42	1	2.84	19.30	18.97	20.14	400.25	392.30	6.136	7.463	27.29	33.19	499.8	1699	2	99.89	0.189	-0.298	0.0646	0.00664	0.0372	0.00647	0.7	-0.22	2.74	1.00	0.00	0.16	111115
139	"13:34:38"	1136.0	0	6.16	0.0774	254	1.11	1.46	18.97	6	1.42	1	2.84	19.30	18.97	20.14	400.23	392.31	6.136	7.464	27.29	33.20	499.8	1699	2	99.89	0.189	-0.298	0.0646	0.00664	0.0372	0.00647	0.7	-0.22	2.74	1.00	0.00	0.16	111115
140	"13:34:38"	1136.5	0	6.1	0.0773	255	1.11	1.46	18.97	6	1.42	1	2.84	19.30	18.97	20.14	400.22	392.37	6.135	7.461	27.28	33.18	499.8	1699	2	99.89	0.189	-0.298	0.0646	0.00664	0.0372	0.00647	0.7	-0.22	2.74	1.00	0.00	0.16	111115
141	"13:34:38"	1137.0	0	6.14	0.0772	254	1.11	1.46	18.97	6	1.42	1	2.84	19.30	18.97	20.13	400.23	392.33	6.136	7.460	27.29	33.17	499.8	1699	2	99.89	0.189	-0.298	0.0646	0.00664	0.0372	0.00647	0.7	-0.22	2.74	1.00	0.00	0.16	111115
142	"13:34:39"	1137.0	0	6.14	0.0772	254	1.11	1.46	18.97	6	1.42	1	2.84	19.30	18.97	20.13	400.23	392.33	6.136	7.460	27.29	33.17	499.8	1699	2	99.89	0.189	-0.298	0.0646	0.00664	0.0372	0.00647	0.7	-0.22	2.74	1.00	0.00	0.16	111115
143	"13:34:39"	1137.5	0	6.08	0.0772	256	1.11	1.46	18.97	6	1.42	1	2.84	19.30	18.97	20.13	400.14	392.31	6.136	7.461	27.28	33.18	499.8	1699	2	99.89	0.189	-0.298	0.0646	0.00664	0.0372	0.00647	0.7	-0.22	2.74	1.00	0.00	0.16	111115
144	"13:34:39"	1138.0	0	6.09	0.0772	255	1.11	1.46	18.97	6	1.42	1	2.84	19.30	18.97	20.13	400.09	392.25	6.135	7.460	27.28	33.17	499.8	1699	2	99.89	0.189	-0.298	0.0646	0.00664	0.0372	0.00647	0.7	-0.22	2.74	1.00	0.00	0.16	111115
145	"13:34:40"	1138.0	0	6.09	0.0772	255	1.11	1.46	18.97	6	1.42	1	2.84	19.30	18.97	20.13	400.09	392.25	6.135	7.460	27.28	33.17	499.8	1699	2	99.89	0.189	-0.298	0.0646	0.00664	0.0372	0.00647	0.7	-0.22	2.74	1.00	0.00	0.16	111115
146	"13:34:40"	1138.5	0	6.07	0.0772	256	1.11	1.46	18.97	6	1.42	1	2.84	19.30	18.97	20.12	400.11	392.29	6.136	7.461	27.28	33.17	499.8	1699	2	99.89	0.189	-0.298	0.0646	0.00664	0.0372	0.00647	0.7	-0.22	2.74	1.00	0.00	0.16	111115
147	"13:34:40"	1139.0	0	6.1	0.0773	255	1.11	1.45	18.96	6	1.42	1	2.84	19.30	18.96	20.12	400.15	392.30	6.136	7.462	27.28	33.18	499.8	1699	2	99.89	0.189	-0.298	0.0646	0.00664	0.0372	0.00647	0.7	-0.22	2.74	1.00	0.00	0.16	111115
148	"13:34:41"	1139.5	0	6.04	0.0775	257	1.11	1.45	18.96	6	1.42	1	2.84	19.30	18.96	20.12	400.12	392.34	6.135	7.463	27.28	33.18	499.8	1699	2	99.89	0.189	-0.298	0.0646	0.00664	0.0372	0.00647	0.7	-0.22	2.74	1.00	0.00	0.16	111115
149	"13:34:41"	1139.5	0	6.04	0.0775	257	1.11	1.45	18.96	6	1.42	1	2.84	19.30	18.96	20.12	400.12	392.34	6.135	7.463	27.28	33.18	499.8	1699	2	99.89	0.189	-0.298	0.0646	0.00664	0.0372	0.00647	0.7	-0.22	2.74	1.00	0.00	0.16	111115
150	"13:34:42"	1140.0	0	6.12	0.0773	255	1.11	1.45	18.96	6	1.42	1	2.84	19.30	18.96	20.12	400.17	392.30	6.135	7.461	27.28	33.17	499.8	1699	2	99.89	0.189	-0.298	0.0646	0.00664	0.0372	0.00647	0.7	-0.22	2.74	1.00	0.00	0.16	111115
"13:35:00 Coolers: Tblock -> 25.00 C"
"13:39:38 Flow: Fixed -> 500 umol/s"
151	"13:39:47"	1446.0	0	5.72	0.0779	265	1.17	1.52	22.09	6	1.42	1	2.84	24.17	22.09	25.69	400.25	392.83	10.126	11.520	33.42	38.02	499.8	1700	2	99.89	0.189	-0.298	0.0646	0.00664	0.0372	0.00647	1.0	-0.22	2.74	1.00	0.00	0.16	111115
152	"13:39:47"	1446.0	0	5.72	0.0779	265	1.17	1.52	22.09	6	1.42	1	2.84	24.17	22.09	25.69	400.25	392.83	10.126	11.520	33.42	38.02	499.8	1700	2	99.89	0.189	-0.298	0.0646	0.00664	0.0372	0.00647	1.0	-0.22	2.74	1.00	0.00	0.16	111115
153	"13:39:48"	1446.0	0	5.72	0.0779	265	1.17	1.52	22.09	6	1.42	1	2.84	24.17	22.09	25.69	400.25	392.83	10.126	11.520	33.42	38.02	499.8	1700	2	99.89	0.189	-0.298	0.0646	0.00664	0.0372	0.00647	1.0	-0.22	2.74	1.00	0.00	0.16	111115
154	"13:39:48"	1446.5	0	5.66	0.0779	266	1.17	1.52	22.10	6	1.42	1	2.84	24.18	22.10	25.69	400.28	392.93	10.127	11.521	33.42	38.02	499.8	1700	2	99.89	0.189	-0.298	0.0646	0.00664	0.0372	0.00647	1.0	-0.22	2.74	1.00	0.00	0.16	111115
155	"13:39:48"	1447.0	0	5.7	0.0781	265	1.18	1.52	22.10	6	1.42	1	2.84	24.18	22.10	25.70	400.24	392.84	10.128	11.526	33.41	38.03	499.8	1700	2	99.89	0.189	-0.298	0.0646	0.00664	0.0372	0.00647	1.0	-0.22	2.74	1.00	0.00	0.16	111115
156	"13:39:49"	1447.5	0	5.63	0.0783	267	1.18	1.52	22.11	6	1.42	1	2.84	24.18	22.11	25.70	400.25	392.93	10.127	11.529	33.41	38.03	499.9	1700	2	99.89	0.189	-0.298	0.0646	0.00664	0.0372	0.00647	1.0	-0.22	2.74	1.00	0.00	0.16	111115
157	"13:39:49"	1447.5	0	5.63	0.0783	267	1.18	1.52	22.11	6	1.42	1	2.84	24.18	22.11	25.70	400.25	392.93	10.127	11.529	33.41	38.03	499.9	1700	2	99.89	0.189	-0.298	0.0646	0.00664	0.0372	0.00647	1.0	-0.22	2.74	1.00	0.00	0.16	111115
158	"13:39:50"	1448.0	0	5.73	0.0782	265	1.18	1.52	22.11	6	1.42	1	2.84	24.19	22.11	25.70	400.30	392.86	10.128	11.530	33.40	38.02	499.8	1700	2	99.89	0.189	-0.298	0.0646	0.00664	0.0372	0.00647	1.0	-0.22	2.74	1.00	0.00	0.16	111115
159	"13:39:50"	1448.5	0	5.79	0.0784	264	1.18	1.52	22.12	6	1.42	1	2.84	24.19	22.12	25.71	400.28	392.77	10.128	11.534	33.39	38.02	499.8	1699	2	99.89	0.189	-0.298	0.0646	0.00664	0.0372	0.00647	1.0	-0.22	2.74	1.00	0.00	0.16	111115
160	"13:39:50"	1448.5	0	5.79	0.0784	264	1.18	1.52	22.12	6	1.42	1	2.84	24.19	22.12	25.71	400.28	392.77	10.128	11.534	33.39	38.02	499.8	1699	2	99.89	0.189	-0.298	0.0646	0.00664	0.0372	0.00647	1.0	-0.22	2.74	1.00	0.00	0.16	111115
161	"13:39:51"	1449.0	0	5.77	0.0783	264	1.18	1.52	22.13	6	1.42	1	2.84	24.20	22.13	25.71	400.29	392.81	10.128	11.533	33.38	38.01	499.8	1700	2	99.89	0.189	-0.298	0.0646	0.00664	0.0372	0.00647	1.0	-0.22	2.74	1.00	0.00	0.16	111115
162	"13:39:51"	1449.5	0	5.9	0.0785	262	1.19	1.52	22.14	6	1.42	1	2.84	24.20	22.14	25.71	400.35	392.71	10.129	11.539	33.37	38.02	499.8	1699	2	99.89	0.189	-0.298	0.0646	0.00664	0.0372	0.00647	0.7	-0.22	2.74	1.00	0.00	0.16	111115
163	"13:39:51"	1450.0	0	5.93	0.0787	261	1.19	1.52	22.15	6	1.42	1	2.84	24.21	22.15	25.71	400.36	392.68	10.129	11.543	33.37	38.02	499.9	1699	2	99.89	0.189	-0.298	0.0646	0.00664	0.0372	0.00647	0.7	-0.22	2.74	1.00	0.00	0.16	111115
164	"13:39:52"	1450.0	0	5.93	0.0787	261	1.19	1.52	22.15	6	1.42	1	2.84	24.21	22.15	25.71	400.36	392.68	10.129	11.543	33.37	38.02	499.9	1699	2	99.89	0.189	-0.298	0.0646	0.00664	0.0372	0.00647	0.7	-0.22	2.74	1.00	0.00	0.16	111115
165	"13:39:52"	1450.5	0	5.97	0.0788	261	1.19	1.52	22.15	6	1.42	1	2.84	24.21	22.15	25.72	400.38	392.66	10.131	11.547	33.36	38.03	499.9	1699	2	99.89	0.189	-0.298	0.0646	0.00664	0.0372	0.00647	0.7	-0.22	2.74	1.00	0.00	0.16	111115
166	"13:39:52"	1451.0	0	6.07	0.0787	258	1.19	1.53	22.16	6	1.42	1	2.84	24.21	22.16	25.72	400.44	392.60	10.131	11.546	33.36	38.02	499.9	1699	2	99.89	0.189	-0.298	0.0646	0.00664	0.0372	0.00647	0.7	-0.22	2.74	1.00	0.00	0.16	111115
167	"13:39:53"	1451.5	0	6.08	0.0787	258	1.19	1.53	22.16	6	1.42	1	2.84	24.22	22.16	25.72	400.44	392.58	10.132	11.547	33.35	38.01	499.8	1699	2	99.89	0.189	-0.298	0.0646	0.00664	0.0372	0.00647	0.7	-0.22	2.74	1.00	0.00	0.16	111115
168	"13:39:53"	1451.5	0	6.08	0.0787	258	1.19	1.53	22.16	6	1.42	1	2.84	24.22	22.16	25.72	400.44	392.58	10.132	11.547	33.35	38.01	499.8	1699	2	99.89	0.189	-0.298	0.0646	0.00664	0.0372	0.00647	0.7	-0.22	2.74	1.00	0.00	0.16	111115
169	"13:39:54"	1452.0	0	6.01	0.0785	259	1.19	1.53	22.17	6	1.42	1	2.84	24.22	22.17	25.72	400.43	392.65	10.132	11.546	33.34	38.00	499.8	1699	2	99.89	0.189	-0.298	0.0646	0.00664	0.0372	0.00647	0.7	-0.22	2.74	1.00	0.00	0.16	111115
170	"13:39:54"	1452.5	0	6.01	0.0786	259	1.19	1.53	22.18	6	1.42	1	2.84	24.23	22.18	25.73	400.46	392.68	10.133	11.549	33.34	38.00	499.9	1699	2	99.89	0.189	-0.298	0.0646	0.00664	0.0372	0.00647	0.7	-0.22	2.74	1.00	0.00	0.16	111115
171	"13:39:54"	1452.5	0	6.01	0.0786	259	1.19	1.53	22.18	6	1.42	1	2.84	24.23	22.18	25.73	400.46	392.68	10.133	11.549	33.34	38.00	499.9	1699	2	99.89	0.189	-0.298	0.0646	0.00664	0.0372	0.00647	0.7	-0.22	2.74	1.00	0.00	0.16	111115
172	"13:39:55"	1453.0	0	6	0.0786	260	1.19	1.53	22.18	6	1.42	1	2.84	24.23	22.18	25.73	400.43	392.67	10.134	11.549	33.33	37.99	499.9	1699	2	99.89	0.189	-0.298	0.0646	0.00664	0.0372	0.00647	1.0	-0.22	2.74	1.00	0.00	0.16	111115
173	"13:39:55"	1453.5	0	5.89	0.0785	262	1.19	1.53	22.18	6	1.42	1	2.84	24.24	22.18	25.73	400.40	392.77	10.134	11.548	33.33	37.97	499.9	1699	2	99.89	0.189	-0.298	0.0646	0.00664	0.0372	0.00647	1.0	-0.22	2.74	1.00	0.00	0.16	111115
174	"13:39:55"	1454.0	0	5.82	0.0782	263	1.19	1.53	22.19	6	1.42	1	2.84	24.24	22.19	25.73	400.38	392.83	10.136	11.546	33.32	37.96	499.8	1699	2	99.89	0.189	-0.298	0.0646	0.00664	0.0372	0.00647	1.0	-0.22	2.74	1.00	0.00	0.16	111115
175	"13:39:56"	1454.0	0	5.82	0.0782	263	1.19	1.53	22.19	6	1.42	1	2.84	24.24	22.19	25.73	400.38	392.83	10.136	11.546	33.32	37.96	499.8	1699	2	99.89	0.189	-0.298	0.0646	0.00664	0.0372	0.00647	1.0	-0.22	2.74	1.00	0.00	0.16	111115
176	"13:40:52"	1511.0	0	6.05	0.0791	258	1.26	1.6	22.68	6	1.42	1	2.84	24.47	22.68	25.47	400.16	392.30	10.177	11.668	32.99	37.83	499.7	1700	2	99.89	0.189	-0.298	0.0646	0.00664	0.0372	0.00647	1.0	-0.22	2.74	1.00	0.00	0.16	111115
177	"13:40:52"	1511.0	0	6.05	0.0791	258	1.26	1.6	22.68	6	1.42	1	2.84	24.47	22.68	25.47	400.16	392.30	10.177	11.668	32.99	37.83	499.7	1700	2	99.89	0.189	-0.298	0.0646	0.00664	0.0372	0.00647	1.0	-0.22	2.74	1.00	0.00	0.16	111115
178	"13:40:53"	1511.0	0	6.05	0.0791	258	1.26	1.6	22.68	6	1.42	1	2.84	24.47	22.68	25.47	400.16	392.30	10.177	11.668	32.99	37.83	499.7	1700	2	99.89	0.189	-0.298	0.0646	0.00664	0.0372	0.00647	1.0	-0.22	2.74	1.00	0.00	0.16	111115
179	"13:40:53"	1511.5	0	6.06	0.0787	258	1.25	1.6	22.68	6	1.42	1	2.84	24.47	22.68	25.45	400.13	392.26	10.177	11.663	33.00	37.82	499.7	1700	2	99.89	0.189	-0.298	0.0646	0.00664	0.0372	0.00647	1.0	-0.22	2.74	1.00	0.00	0.16	111115
180	"13:40:53"	1512.0	0	5.94	0.0788	260	1.25	1.6	22.69	6	1.42	1	2.84	24.47	22.69	25.44	400.09	392.37	10.177	11.666	33.01	37.84	499.7	1700	2	99.89	0.189	-0.298	0.0646	0.00664	0.0372	0.00647	1.0	-0.22	2.74	1.00	0.00	0.16	111115
181	"13:40:54"	1512.5	0	5.98	0.0789	260	1.26	1.6	22.69	6	1.42	1	2.84	24.46	22.69	25.42	400.07	392.30	10.177	11.667	33.02	37.85	499.6	1700	2	99.89	0.189	-0.298	0.0646	0.00664	0.0372	0.00647	1.0	-0.22	2.74	1.00	0.00	0.16	111115
182	"13:40:54"	1512.5	0	5.98	0.0789	260	1.26	1.6	22.69	6	1.42	1	2.84	24.46	22.69	25.42	400.07	392.30	10.177	11.667	33.02	37.85	499.6	1700	2	99.89	0.189	-0.298	0.0646	0.00664	0.0372	0.00647	1.0	-0.22	2.74	1.00	0.00	0.16	111115
183	"13:40:55"	1513.0	0	5.94	0.079	261	1.26	1.6	22.69	6	1.42	1	2.84	24.46	22.69	25.40	400.10	392.37	10.177	11.669	33.03	37.87	499.6	1700	2	99.89	0.189	-0.298	0.0646	0.00664	0.0372	0.00647	1.0	-0.22	2.74	1.00	0.00	0.16	111115
184	"13:40:55"	1513.5	0	5.85	0.0791	263	1.26	1.6	22.69	6	1.42	1	2.84	24.45	22.69	25.39	400.10	392.48	10.177	11.671	33.04	37.88	499.6	1700	2	99.89	0.189	-0.298	0.0646	0.00664	0.0372	0.00647	1.0	-0.22	2.74	1.00	0.00	0.16	111115
185	"13:40:55"	1513.5	0	5.85	0.0791	263	1.26	1.6	22.69	6	1.42	1	2.84	24.45	22.69	25.39	400.10	392.48	10.177	11.671	33.04	37.88	499.6	1700	2	99.89	0.189	-0.298	0.0646	0.00664	0.0372	0.00647	1.0	-0.22	2.74	1.00	0.00	0.16	111115
186	"13:40:56"	1514.0	0	5.9	0.0791	262	1.26	1.6	22.69	6	1.42	1	2.84	24.45	22.69	25.37	400.11	392.44	10.178	11.672	33.05	37.90	499.7	1700	2	99.89	0.189	-0.298	0.0646	0.00664	0.0372	0.00647	1.0	-0.22	2.74	1.00	0.00	0.16	111115
187	"13:40:56"	1514.5	0	5.97	0.0791	260	1.26	1.6	22.69	6	1.42	1	2.84	24.44	22.69	25.35	400.13	392.38	10.179	11.672	33.06	37.91	499.7	1700	2	99.89	0.189	-0.298	0.0646	0.00664	0.0372	0.00647	1.0	-0.22	2.74	1.00	0.00	0.16	111115
188	"13:40:56"	1515.0	0	5.87	0.0788	262	1.26	1.6	22.70	6	1.42	1	2.84	24.44	22.70	25.33	400.13	392.49	10.178	11.669	33.07	37.91	499.7	1700	2	99.89	0.189	-0.298	0.0646	0.00664	0.0372	0.00647	1.0	-0.22	2.74	1.00	0.00	0.16	111115
189	"13:40:57"	1515.0	0	5.87	0.0788	262	1.26	1.6	22.70	6	1.42	1	2.84	24.44	22.70	25.33	400.13	392.49	10.178	11.669	33.07	37.91	499.7	1700	2	99.89	0.189	-0.298	0.0646	0.00664	0.0372	0.00647	1.0	-0.22	2.74	1.00	0.00	0.16	111115
190	"13:40:57"	1515.5	0	5.87	0.0789	262	1.26	1.6	22.70	6	1.42	1	2.84	24.43	22.70	25.32	400.11	392.48	10.179	11.670	33.09	37.94	499.7	1700	2	99.89	0.189	-0.298	0.0646	0.00664	0.0372	0.00647	1.0	-0.22	2.74	1.00	0.00	0.16	111115
191	"13:40:57"	1516.0	0	5.93	0.0789	261	1.26	1.6	22.71	6	1.42	1	2.84	24.42	22.71	25.30	400.13	392.41	10.179	11.671	33.10	37.95	499.8	1700	2	99.89	0.189	-0.298	0.0646	0.00664	0.0372	0.00647	1.0	-0.22	2.74	1.00	0.00	0.16	111115
192	"13:40:58"	1516.5	0	5.82	0.0787	263	1.26	1.6	22.71	6	1.42	1	2.84	24.42	22.71	25.28	400.14	392.56	10.181	11.670	33.12	37.96	499.8	1700	2	99.89	0.189	-0.298	0.0646	0.00664	0.0372	0.00647	1.0	-0.22	2.74	1.00	0.00	0.16	111115
193	"13:40:58"	1516.5	0	5.82	0.0787	263	1.26	1.6	22.71	6	1.42	1	2.84	24.42	22.71	25.28	400.14	392.56	10.181	11.670	33.12	37.96	499.8	1700	2	99.89	0.189	-0.298	0.0646	0.00664	0.0372	0.00647	1.0	-0.22	2.74	1.00	0.00	0.16	111115
"13:41:23 Coolers: Tblock -> 30.00 C"
"13:42:49 Flow: Fixed -> 500 umol/s"
194	"13:42:57"	1635.5	0	5.6	0.0803	269	1.42	1.78	23.88	6	1.42	1	2.84	27.58	23.88	30.12	399.94	392.55	10.228	11.917	27.59	32.14	499.8	1699	2	99.89	0.189	-0.298	0.0646	0.00664	0.0372	0.00647	1.0	-0.22	2.74	1.00	0.00	0.16	111115
195	"13:42:57"	1635.5	0	5.6	0.0803	269	1.42	1.78	23.88	6	1.42	1	2.84	27.58	23.88	30.12	399.94	392.55	10.228	11.917	27.59	32.14	499.8	1699	2	99.89	0.189	-0.298	0.0646	0.00664	0.0372	0.00647	1.0	-0.22	2.74	1.00	0.00	0.16	111115
196	"13:42:57"	1636.0	0	5.55	0.0802	270	1.42	1.78	23.88	6	1.42	1	2.84	27.59	23.88	30.12	399.94	392.60	10.228	11.916	27.58	32.13	499.8	1699	2	99.89	0.189	-0.298	0.0646	0.00664	0.0372	0.00647	1.0	-0.22	2.74	1.00	0.00	0.16	111115
197	"13:42:58"	1636.5	0	5.6	0.0805	269	1.43	1.78	23.88	6	1.42	1	2.84	27.59	23.88	30.12	399.93	392.53	10.228	11.920	27.57	32.14	499.8	1699	2	99.89	0.189	-0.298	0.0646	0.00664	0.0372	0.00647	1.0	-0.22	2.74	1.00	0.00	0.16	111115
198	"13:42:58"	1636.5	0	5.6	0.0805	269	1.43	1.78	23.88	6	1.42	1	2.84	27.59	23.88	30.12	399.93	392.53	10.228	11.920	27.57	32.14	499.8	1699	2	99.89	0.189	-0.298	0.0646	0.00664	0.0372	0.00647	1.0	-0.22	2.74	1.00	0.00	0.16	111115
199	"13:42:59"	1637.0	0	5.65	0.0807	268	1.43	1.78	23.88	6	1.42	1	2.84	27.59	23.88	30.12	399.92	392.46	10.228	11.923	27.57	32.14	499.8	1699	2	99.89	0.189	-0.298	0.0646	0.00664	0.0372	0.00647	1.0	-0.22	2.74	1.00	0.00	0.16	111115
200	"13:42:59"	1637.5	0	5.68	0.0807	268	1.43	1.78	23.88	6	1.42	1	2.84	27.60	23.88	30.12	399.95	392.45	10.228	11.924	27.56	32.13	499.8	1699	2	99.89	0.189	-0.298	0.0646	0.00664	0.0372	0.00647	1.0	-0.22	2.74	1.00	0.00	0.16	111115
201	"13:42:59"	1638.0	0	5.72	0.0808	267	1.43	1.78	23.89	6	1.42	1	2.84	27.60	23.89	30.12	399.97	392.43	10.228	11.927	27.56	32.14	499.8	1699	2	99.89	0.189	-0.298	0.0646	0.00664	0.0372	0.00647	1.0	-0.22	2.74	1.00	0.00	0.16	111115
202	"13:43:00"	1638.0	0	5.72	0.0808	267	1.43	1.78	23.89	6	1.42	1	2.84	27.60	23.89	30.12	399.97	392.43	10.228	11.927	27.56	32.14	499.8	1699	2	99.89	0.189	-0.298	0.0646	0.00664	0.0372	0.00647	1.0	-0.22	2.74	1.00	0.00	0.16	111115
203	"13:43:00"	1638.5	0	5.59	0.0805	269	1.43	1.78	23.89	6	1.42	1	2.84	27.60	23.89	30.12	399.93	392.55	10.228	11.923	27.56	32.12	499.8	1699	2	99.89	0.189	-0.298	0.0646	0.00664	0.0372	0.00647	1.0	-0.22	2.74	1.00	0.00	0.16	111115
204	"13:43:01"	1639.0	0	5.56	0.0808	270	1.43	1.78	23.88	6	1.42	1	2.84	27.61	23.88	30.12	399.90	392.55	10.227	11.924	27.55	32.12	499.8	1699	2	99.89	0.189	-0.298	0.0646	0.00664	0.0372	0.00647	1.0	-0.22	2.74	1.00	0.00	0.16	111115
205	"13:43:01"	1639.5	0	5.51	0.081	272	1.44	1.78	23.88	6	1.42	1	2.84	27.61	23.88	30.12	399.93	392.64	10.227	11.929	27.54	32.12	499.8	1699	2	99.89	0.189	-0.298	0.0646	0.00664	0.0372	0.00647	1.0	-0.22	2.74	1.00	0.00	0.16	111115
206	"13:43:02"	1640.0	0	5.49	0.0812	272	1.44	1.78	23.88	6	1.42	1	2.84	27.61	23.88	30.12	399.92	392.64	10.226	11.932	27.53	32.13	499.8	1699	2	99.89	0.189	-0.298	0.0646	0.00664	0.0372	0.00647	1.0	-0.22	2.74	1.00	0.00	0.16	111115
207	"13:43:02"	1640.5	0	5.47	0.0811	272	1.44	1.78	23.89	6	1.42	1	2.84	27.62	23.89	30.12	399.89	392.64	10.225	11.932	27.53	32.12	499.8	1699	2	99.89	0.189	-0.298	0.0646	0.00664	0.0372	0.00647	1.0	-0.22	2.74	1.00	0.00	0.16	111115
208	"13:43:02"	1640.5	0	5.47	0.0811	272	1.44	1.78	23.89	6	1.42	1	2.84	27.62	23.89	30.12	399.89	392.64	10.225	11.932	27.53	32.12	499.8	1699	2	99.89	0.189	-0.298	0.0646	0.00664	0.0372	0.00647	1.0	-0.22	2.74	1.00	0.00	0.16	111115
209	"13:43:03"	1641.0	0	5.47	0.0812	272	1.44	1.78	23.90	6	1.42	1	2.84	27.62	23.90	30.12	399.89	392.64	10.225	11.933	27.52	32.12	499.8	1699	2	99.89	0.189	-0.298	0.0646	0.00664	0.0372	0.00647	1.0	-0.22	2.74	1.00	0.00	0.16	111115
210	"13:43:03"	1641.5	0	5.49	0.0813	272	1.44	1.79	23.90	6	1.42	1	2.84	27.62	23.90	30.12	399.91	392.64	10.225	11.935	27.51	32.12	499.8	1699	2	99.89	0.189	-0.298	0.0646	0.00664	0.0372	0.00647	1.0	-0.22	2.74	1.00	0.00	0.16	111115
"13:43:27 Coolers: Tblock -> 35.00 C"
"13:48:55 Flow: Fixed -> 500 umol/s"
211	"13:49:05"	2004.0	0	4.85	0.0721	271	1.7	2.35	27.02	6	1.42	1	2.84	32.32	27.02	35.14	399.90	393.28	10.308	12.320	21.18	25.31	499.7	1699	2	99.9	0.189	-0.298	0.0646	0.00664	0.0372	0.00647	1.0	-0.22	2.74	1.00	0.00	0.16	111115
212	"13:49:05"	2004.0	0	4.85	0.0721	271	1.7	2.35	27.02	6	1.42	1	2.84	32.32	27.02	35.14	399.90	393.28	10.308	12.320	21.18	25.31	499.7	1699	2	99.9	0.189	-0.298	0.0646	0.00664	0.0372	0.00647	1.0	-0.22	2.74	1.00	0.00	0.16	111115
213	"13:49:05"	2004.0	0	4.85	0.0721	271	1.7	2.35	27.02	6	1.42	1	2.84	32.32	27.02	35.14	399.90	393.28	10.308	12.320	21.18	25.31	499.7	1699	2	99.9	0.189	-0.298	0.0646	0.00664	0.0372	0.00647	1.0	-0.22	2.74	1.00	0.00	0.16	111115
214	"13:49:06"	2004.5	0	4.73	0.0722	273	1.7	2.35	27.02	6	1.42	1	2.84	32.32	27.02	35.14	399.88	393.39	10.308	12.322	21.17	25.31	499.7	1699	2	99.9	0.189	-0.298	0.0646	0.00664	0.0372	0.00647	1.0	-0.22	2.74	1.00	0.00	0.16	111115
215	"13:49:06"	2005.0	0	4.72	0.0721	274	1.7	2.35	27.02	6	1.42	1	2.84	32.33	27.02	35.14	399.89	393.41	10.308	12.322	21.17	25.31	499.7	1699	2	99.9	0.189	-0.298	0.0646	0.00664	0.0372	0.00647	1.0	-0.22	2.74	1.00	0.00	0.16	111115
216	"13:49:07"	2005.5	0	4.66	0.0721	275	1.7	2.35	27.02	6	1.42	1	2.84	32.33	27.02	35.13	399.90	393.51	10.309	12.322	21.17	25.30	499.7	1699	2	99.9	0.189	-0.298	0.0646	0.00664	0.0372	0.00647	1.0	-0.22	2.74	1.00	0.00	0.16	111115
217	"13:49:07"	2005.5	0	4.66	0.0721	275	1.7	2.35	27.02	6	1.42	1	2.84	32.33	27.02	35.13	399.90	393.51	10.309	12.322	21.17	25.30	499.7	1699	2	99.9	0.189	-0.298	0.0646	0.00664	0.0372	0.00647	1.0	-0.22	2.74	1.00	0.00	0.16	111115
218	"13:49:07"	2006.0	0	4.62	0.0722	276	1.7	2.35	27.02	6	1.42	1	2.84	32.33	27.02	35.13	399.93	393.58	10.309	12.325	21.17	25.30	499.7	1699	2	99.9	0.189	-0.298	0.0646	0.00664	0.0372	0.00647	1.0	-0.22	2.74	1.00	0.00	0.16	111115
219	"13:49:08"	2006.5	0	4.65	0.0725	276	1.71	2.35	27.02	6	1.42	1	2.84	32.34	27.02	35.13	399.94	393.56	10.310	12.332	21.16	25.31	499.7	1699	2	99.9	0.189	-0.298	0.0646	0.00664	0.0372	0.00647	1.0	-0.22	2.74	1.00	0.00	0.16	111115
220	"13:49:08"	2007.0	0	4.63	0.0724	276	1.7	2.35	27.03	6	1.42	1	2.84	32.34	27.03	35.13	399.94	393.57	10.310	12.331	21.16	25.31	499.7	1699	2	99.9	0.189	-0.298	0.0646	0.00664	0.0372	0.00647	1.0	-0.22	2.74	1.00	0.00	0.16	111115
221	"13:49:08"	2007.0	0	4.63	0.0724	276	1.7	2.35	27.03	6	1.42	1	2.84	32.34	27.03	35.13	399.94	393.57	10.310	12.331	21.16	25.31	499.7	1699	2	99.9	0.189	-0.298	0.0646	0.00664	0.0372	0.00647	1.0	-0.22	2.74	1.00	0.00	0.16	111115
222	"13:49:09"	2007.5	0	4.74	0.0725	274	1.71	2.35	27.03	6	1.42	1	2.84	32.34	27.03	35.13	399.97	393.48	10.311	12.333	21.16	25.31	499.7	1699	2	99.9	0.189	-0.298	0.0646	0.00664	0.0372	0.00647	1.0	-0.22	2.74	1.00	0.00	0.16	111115
223	"13:49:09"	2008.0	0	4.78	0.0724	273	1.71	2.35	27.03	6	1.42	1	2.84	32.34	27.03	35.13	399.96	393.41	10.311	12.333	21.16	25.30	499.7	1699	2	99.9	0.189	-0.298	0.0646	0.00664	0.0372	0.00647	1.0	-0.22	2.74	1.00	0.00	0.16	111115
224	"13:49:10"	2008.5	0	4.86	0.0724	271	1.7	2.35	27.03	6	1.42	1	2.84	32.35	27.03	35.14	399.98	393.34	10.311	12.332	21.15	25.30	499.7	1699	2	99.9	0.189	-0.298	0.0646	0.00664	0.0372	0.00647	1.0	-0.22	2.74	1.00	0.00	0.16	111115
225	"13:49:10"	2008.5	0	4.86	0.0724	271	1.7	2.35	27.03	6	1.42	1	2.84	32.35	27.03	35.14	399.98	393.34	10.311	12.332	21.15	25.30	499.7	1699	2	99.9	0.189	-0.298	0.0646	0.00664	0.0372	0.00647	1.0	-0.22	2.74	1.00	0.00	0.16	111115
226	"13:49:10"	2009.0	0	4.82	0.0725	272	1.71	2.35	27.02	6	1.42	1	2.84	32.35	27.02	35.14	399.91	393.32	10.311	12.334	21.15	25.30	499.7	1699	2	99.9	0.189	-0.298	0.0646	0.00664	0.0372	0.00647	0.7	-0.22	2.74	1.00	0.00	0.16	111115
227	"13:49:11"	2009.5	0	4.73	0.0725	274	1.7	2.35	27.03	6	1.42	1	2.84	32.35	27.03	35.14	399.83	393.35	10.311	12.333	21.14	25.29	499.7	1699	2	99.9	0.189	-0.298	0.0646	0.00664	0.0372	0.00647	0.7	-0.22	2.74	1.00	0.00	0.16	111115
228	"13:49:11"	2010.0	0	4.74	0.0724	273	1.7	2.35	27.03	6	1.42	1	2.84	32.36	27.03	35.14	399.72	393.23	10.311	12.332	21.14	25.28	499.7	1699	2	99.9	0.189	-0.298	0.0646	0.00664	0.0372	0.00647	0.7	-0.22	2.74	1.00	0.00	0.16	111115
229	"13:49:11"	2010.0	0	4.74	0.0724	273	1.7	2.35	27.03	6	1.42	1	2.84	32.36	27.03	35.14	399.72	393.23	10.311	12.332	21.14	25.28	499.7	1699	2	99.9	0.189	-0.298	0.0646	0.00664	0.0372	0.00647	0.7	-0.22	2.74	1.00	0.00	0.16	111115
230	"13:49:12"	2010.5	0	4.67	0.0722	275	1.7	2.36	27.04	6	1.42	1	2.84	32.36	27.04	35.14	399.63	393.23	10.311	12.329	21.14	25.27	499.7	1699	2	99.9	0.189	-0.298	0.0646	0.00664	0.0372	0.00647	0.7	-0.22	2.74	1.00	0.00	0.16	111115
231	"13:49:12"	2011.0	0	4.57	0.0722	277	1.7	2.36	27.04	6	1.42	1	2.84	32.36	27.04	35.14	399.56	393.27	10.311	12.329	21.13	25.27	499.7	1699	2	99.9	0.189	-0.298	0.0646	0.00664	0.0372	0.00647	1.0	-0.22	2.74	1.00	0.00	0.16	111115
232	"13:49:12"	2011.0	0	4.57	0.0722	277	1.7	2.36	27.04	6	1.42	1	2.84	32.36	27.04	35.14	399.56	393.27	10.311	12.329	21.13	25.27	499.7	1699	2	99.9	0.189	-0.298	0.0646	0.00664	0.0372	0.00647	1.0	-0.22	2.74	1.00	0.00	0.16	111115
233	"13:49:13"	2011.5	0	4.44	0.072	280	1.7	2.36	27.05	6	1.42	1	2.84	32.37	27.05	35.14	399.48	393.35	10.311	12.327	21.13	25.26	499.7	1699	2	99.9	0.189	-0.298	0.0646	0.00664	0.0372	0.00647	1.0	-0.22	2.74	1.00	0.00	0.16	111115
"13:49:35 Coolers: Tblock -> 40.00 C"
"13:50:51 Flow: Fixed -> 500 umol/s"
234	"13:51:01"	2120.0	0	4.45	0.0697	275	1.89	2.71	28.78	6	1.42	1	2.84	36.23	28.78	40.14	400.09	393.84	10.364	12.610	17.13	20.84	499.7	1700	2	99.9	0.189	-0.298	0.0646	0.00664	0.0372	0.00647	1.0	-0.22	2.74	1.00	0.00	0.16	111115
235	"13:51:02"	2120.5	0	4.4	0.0696	276	1.89	2.71	28.78	6	1.42	1	2.84	36.24	28.78	40.14	400.07	393.89	10.364	12.609	17.12	20.83	499.7	1700	2	99.9	0.189	-0.298	0.0646	0.00664	0.0372	0.00647	1.0	-0.22	2.74	1.00	0.00	0.16	111115
236	"13:51:02"	2120.5	0	4.4	0.0696	276	1.89	2.71	28.78	6	1.42	1	2.84	36.24	28.78	40.14	400.07	393.89	10.364	12.609	17.12	20.83	499.7	1700	2	99.9	0.189	-0.298	0.0646	0.00664	0.0372	0.00647	1.0	-0.22	2.74	1.00	0.00	0.16	111115
237	"13:51:02"	2121.0	0	4.44	0.0696	275	1.89	2.71	28.78	6	1.42	1	2.84	36.24	28.78	40.14	400.03	393.80	10.363	12.607	17.12	20.82	499.7	1700	2	99.9	0.189	-0.298	0.0646	0.00664	0.0372	0.00647	1.0	-0.22	2.74	1.00	0.00	0.16	111115
238	"13:51:03"	2121.5	0	4.4	0.0695	275	1.89	2.71	28.79	6	1.42	1	2.84	36.25	28.79	40.14	400.04	393.86	10.363	12.606	17.11	20.81	499.7	1700	2	99.9	0.189	-0.298	0.0646	0.00664	0.0372	0.00647	1.0	-0.22	2.74	1.00	0.00	0.16	111115
239	"13:51:03"	2122.0	0	4.29	0.0695	278	1.89	2.71	28.80	6	1.42	1	2.84	36.25	28.80	40.14	400.05	394.00	10.364	12.608	17.11	20.81	499.7	1700	2	99.9	0.189	-0.298	0.0646	0.00664	0.0372	0.00647	1.0	-0.22	2.74	1.00	0.00	0.16	111115
240	"13:51:04"	2122.5	0	4.25	0.0695	279	1.89	2.72	28.80	6	1.42	1	2.84	36.26	28.80	40.14	400.06	394.06	10.364	12.611	17.10	20.81	499.7	1700	2	99.9	0.189	-0.298	0.0646	0.00664	0.0372	0.00647	1.0	-0.22	2.74	1.00	0.00	0.16	111115
241	"13:51:04"	2122.5	0	4.25	0.0695	279	1.89	2.72	28.80	6	1.42	1	2.84	36.26	28.80	40.14	400.06	394.06	10.364	12.611	17.10	20.81	499.7	1700	2	99.9	0.189	-0.298	0.0646	0.00664	0.0372	0.00647	1.0	-0.22	2.74	1.00	0.00	0.16	111115
242	"13:51:04"	2123.0	0	4.29	0.0695	278	1.9	2.72	28.81	6	1.42	1	2.84	36.26	28.81	40.14	400.11	394.06	10.365	12.612	17.10	20.81	499.8	1700	2	99.9	0.189	-0.298	0.0646	0.00664	0.0372	0.00647	1.0	-0.22	2.74	1.00	0.00	0.16	111115
243	"13:51:05"	2123.5	0	4.34	0.0694	277	1.9	2.72	28.83	6	1.42	1	2.84	36.27	28.83	40.14	400.15	394.04	10.365	12.613	17.09	20.80	499.8	1700	2	99.9	0.189	-0.298	0.0646	0.00664	0.0372	0.00647	1.0	-0.22	2.74	1.00	0.00	0.16	111115
244	"13:51:05"	2124.0	0	4.42	0.0694	275	1.9	2.72	28.84	6	1.42	1	2.84	36.27	28.84	40.14	400.18	393.97	10.366	12.614	17.09	20.80	499.8	1700	2	99.9	0.189	-0.298	0.0646	0.00664	0.0372	0.00647	1.0	-0.22	2.74	1.00	0.00	0.16	111115
245	"13:51:05"	2124.0	0	4.42	0.0694	275	1.9	2.72	28.84	6	1.42	1	2.84	36.27	28.84	40.14	400.18	393.97	10.366	12.614	17.09	20.80	499.8	1700	2	99.9	0.189	-0.298	0.0646	0.00664	0.0372	0.00647	1.0	-0.22	2.74	1.00	0.00	0.16	111115
246	"13:51:06"	2124.5	0	4.42	0.0693	275	1.9	2.73	28.85	6	1.42	1	2.84	36.28	28.85	40.14	400.21	394.01	10.365	12.613	17.08	20.79	499.7	1700	2	99.9	0.189	-0.298	0.0646	0.00664	0.0372	0.00647	1.0	-0.22	2.74	1.00	0.00	0.16	111115
247	"13:51:06"	2125.0	0	4.37	0.0693	276	1.9	2.73	28.87	6	1.42	1	2.84	36.29	28.87	40.14	400.30	394.15	10.366	12.616	17.08	20.79	499.7	1700	2	99.9	0.189	-0.298	0.0646	0.00664	0.0372	0.00647	1.0	-0.22	2.74	1.00	0.00	0.16	111115
248	"13:51:07"	2125.5	0	4.4	0.0694	276	1.9	2.73	28.87	6	1.42	1	2.84	36.29	28.87	40.14	400.37	394.19	10.366	12.620	17.07	20.79	499.8	1700	2	99.9	0.189	-0.298	0.0646	0.00664	0.0372	0.00647	1.0	-0.22	2.74	1.00	0.00	0.16	111115
249	"13:51:07"	2125.5	0	4.4	0.0694	276	1.9	2.73	28.87	6	1.42	1	2.84	36.29	28.87	40.14	400.37	394.19	10.366	12.620	17.07	20.79	499.8	1700	2	99.9	0.189	-0.298	0.0646	0.00664	0.0372	0.00647	1.0	-0.22	2.74	1.00	0.00	0.16	111115
250	"13:51:07"	2126.0	0	4.53	0.0693	272	1.9	2.73	28.87	6	1.42	1	2.84	36.30	28.87	40.14	400.39	394.06	10.367	12.619	17.07	20.78	499.8	1700	2	99.9	0.189	-0.298	0.0646	0.00664	0.0372	0.00647	1.0	-0.22	2.74	1.00	0.00	0.16	111115
251	"13:51:08"	2126.5	0	4.53	0.0693	272	1.9	2.73	28.87	6	1.42	1	2.84	36.30	28.87	40.14	400.40	394.06	10.367	12.618	17.07	20.77	499.8	1700	2	99.9	0.189	-0.298	0.0646	0.00664	0.0372	0.00647	1.0	-0.22	2.74	1.00	0.00	0.16	111115
252	"13:51:08"	2127.0	0	4.47	0.0692	274	1.9	2.73	28.87	6	1.42	1	2.84	36.31	28.87	40.15	400.36	394.09	10.366	12.617	17.06	20.76	499.8	1700	2	99.9	0.189	-0.298	0.0646	0.00664	0.0372	0.00647	1.0	-0.22	2.74	1.00	0.00	0.16	111115
253	"13:51:08"	2127.0	0	4.47	0.0692	274	1.9	2.73	28.87	6	1.42	1	2.84	36.31	28.87	40.15	400.36	394.09	10.366	12.617	17.06	20.76	499.8	1700	2	99.9	0.189	-0.298	0.0646	0.00664	0.0372	0.00647	1.0	-0.22	2.74	1.00	0.00	0.16	111115
254	"13:51:09"	2127.5	0	4.42	0.0691	275	1.9	2.73	28.88	6	1.42	1	2.84	36.31	28.88	40.15	400.32	394.11	10.366	12.613	17.06	20.75	499.8	1700	2	99.9	0.189	-0.298	0.0646	0.00664	0.0372	0.00647	0.7	-0.22	2.74	1.00	0.00	0.16	111115
255	"13:51:09"	2128.0	0	4.39	0.0691	275	1.9	2.73	28.88	6	1.42	1	2.84	36.32	28.88	40.15	400.28	394.11	10.366	12.614	17.05	20.75	499.8	1700	2	99.9	0.189	-0.298	0.0646	0.00664	0.0372	0.00647	0.7	-0.22	2.74	1.00	0.00	0.16	111115
"13:52:14 Coolers: Tblock -> 45.00 C"
"13:53:29 Flow: Fixed -> 500 umol/s"
256	"13:53:32"	2270.5	0	3.37	0.0604	286	1.93	3.17	30.80	6	1.42	1	2.84	40.39	30.80	45.27	399.52	394.56	10.628	12.919	14.02	17.05	499.7	1698	2	99.9	0.189	-0.298	0.0646	0.00664	0.0372	0.00647	0.7	-0.22	2.74	1.00	0.00	0.16	111115
257	"13:53:32"	2270.5	0	3.37	0.0604	286	1.93	3.17	30.80	6	1.42	1	2.84	40.39	30.80	45.27	399.52	394.56	10.628	12.919	14.02	17.05	499.7	1698	2	99.9	0.189	-0.298	0.0646	0.00664	0.0372	0.00647	0.7	-0.22	2.74	1.00	0.00	0.16	111115
258	"13:53:32"	2270.5	0	3.37	0.0604	286	1.93	3.17	30.80	6	1.42	1	2.84	40.39	30.80	45.27	399.52	394.56	10.628	12.919	14.02	17.05	499.7	1698	2	99.9	0.189	-0.298	0.0646	0.00664	0.0372	0.00647	0.7	-0.22	2.74	1.00	0.00	0.16	111115
259	"13:53:33"	2271.0	0	3.47	0.0615	285	1.97	3.17	30.80	6	1.42	1	2.84	40.40	30.80	45.26	399.64	394.54	10.592	12.922	13.97	17.05	499.7	1698	2	99.9	0.189	-0.298	0.0646	0.00664	0.0372	0.00647	0.7	-0.22	2.74	1.00	0.00	0.16	111115
260	"13:53:33"	2271.5	0	3.48	0.0622	286	1.99	3.17	30.80	6	1.42	1	2.84	40.40	30.80	45.25	399.69	394.57	10.567	12.924	13.94	17.05	499.7	1699	2	99.9	0.189	-0.298	0.0646	0.00664	0.0372	0.00647	0.7	-0.22	2.74	1.00	0.00	0.16	111115
261	"13:53:44"	2283.0	0	3.82	0.0651	281	2.11	3.21	30.98	6	1.42	1	2.84	40.54	30.98	45.16	400.11	394.52	10.417	12.919	13.64	16.91	499.7	1700	2	99.9	0.189	-0.298	0.0646	0.00664	0.0372	0.00647	1.0	-0.22	2.74	1.00	0.00	0.16	111115
262	"13:53:45"	2283.5	0	3.8	0.0651	282	2.11	3.22	30.98	6	1.42	1	2.84	40.55	30.98	45.16	400.09	394.53	10.417	12.919	13.63	16.90	499.7	1700	2	99.9	0.189	-0.298	0.0646	0.00664	0.0372	0.00647	1.0	-0.22	2.74	1.00	0.00	0.16	111115
263	"13:53:45"	2283.5	0	3.8	0.0651	282	2.11	3.22	30.98	6	1.42	1	2.84	40.55	30.98	45.16	400.09	394.53	10.417	12.919	13.63	16.90	499.7	1700	2	99.9	0.189	-0.298	0.0646	0.00664	0.0372	0.00647	1.0	-0.22	2.74	1.00	0.00	0.16	111115
264	"13:53:45"	2284.0	0	3.8	0.0651	282	2.11	3.22	30.98	6	1.42	1	2.84	40.56	30.98	45.17	400.11	394.55	10.418	12.920	13.63	16.90	499.7	1700	2	99.9	0.189	-0.298	0.0646	0.00664	0.0372	0.00647	1.0	-0.22	2.74	1.00	0.00	0.16	111115
265	"13:53:46"	2284.0	0	3.8	0.0651	282	2.11	3.22	30.98	6	1.42	1	2.84	40.56	30.98	45.17	400.11	394.55	10.418	12.920	13.63	16.90	499.7	1700	2	99.9	0.189	-0.298	0.0646	0.00664	0.0372	0.00647	1.0	-0.22	2.74	1.00	0.00	0.16	111115
266	"13:53:46"	2284.5	0	3.75	0.0652	283	2.11	3.21	30.98	6	1.42	1	2.84	40.56	30.98	45.18	400.12	394.61	10.417	12.922	13.62	16.90	499.6	1700	2	99.9	0.189	-0.298	0.0646	0.00664	0.0372	0.00647	1.0	-0.22	2.74	1.00	0.00	0.16	111115
267	"13:53:47"	2285.0	0	3.71	0.0652	284	2.11	3.21	30.97	6	1.42	1	2.84	40.57	30.97	45.18	400.13	394.67	10.419	12.921	13.62	16.89	499.7	1700	2	99.9	0.189	-0.298	0.0646	0.00664	0.0372	0.00647	1.0	-0.22	2.74	1.00	0.00	0.16	111115
268	"13:53:47"	2285.0	0	3.71	0.0652	284	2.11	3.21	30.97	6	1.42	1	2.84	40.57	30.97	45.18	400.13	394.67	10.419	12.921	13.62	16.89	499.7	1700	2	99.9	0.189	-0.298	0.0646	0.00664	0.0372	0.00647	1.0	-0.22	2.74	1.00	0.00	0.16	111115
269	"13:53:47"	2285.5	0	3.69	0.0653	284	2.11	3.21	30.97	6	1.42	1	2.84	40.58	30.97	45.18	400.13	394.70	10.419	12.924	13.61	16.89	499.6	1700	2	99.9	0.189	-0.298	0.0646	0.00664	0.0372	0.00647	1.0	-0.22	2.74	1.00	0.00	0.16	111115
270	"13:53:48"	2286.0	0	3.72	0.0652	284	2.11	3.21	30.98	6	1.42	1	2.84	40.59	30.98	45.19	400.12	394.65	10.421	12.923	13.61	16.88	499.7	1700	2	99.9	0.189	-0.298	0.0646	0.00664	0.0372	0.00647	1.0	-0.22	2.74	1.00	0.00	0.16	111115
271	"13:53:48"	2286.5	0	3.72	0.0651	283	2.11	3.22	30.98	6	1.42	1	2.84	40.59	30.98	45.19	400.10	394.63	10.422	12.922	13.61	16.87	499.7	1700	2	99.9	0.189	-0.298	0.0646	0.00664	0.0372	0.00647	1.0	-0.22	2.74	1.00	0.00	0.16	111115
272	"13:53:48"	2286.5	0	3.72	0.0651	283	2.11	3.22	30.98	6	1.42	1	2.84	40.59	30.98	45.19	400.10	394.63	10.422	12.922	13.61	16.87	499.7	1700	2	99.9	0.189	-0.298	0.0646	0.00664	0.0372	0.00647	1.0	-0.22	2.74	1.00	0.00	0.16	111115
273	"13:53:49"	2287.0	0	3.72	0.0652	284	2.11	3.21	30.98	6	1.42	1	2.84	40.60	30.98	45.20	400.08	394.61	10.424	12.929	13.60	16.87	499.7	1700	2	99.9	0.189	-0.298	0.0646	0.00664	0.0372	0.00647	1.0	-0.22	2.74	1.00	0.00	0.16	111115
274	"13:53:49"	2287.5	0	3.68	0.0653	285	2.12	3.22	30.99	6	1.42	1	2.84	40.61	30.99	45.20	400.07	394.65	10.424	12.933	13.60	16.87	499.7	1700	2	99.9	0.189	-0.298	0.0646	0.00664	0.0372	0.00647	1.0	-0.22	2.74	1.00	0.00	0.16	111115
275	"13:53:49"	2288.0	0	3.72	0.0652	284	2.11	3.22	31.00	6	1.42	1	2.84	40.61	31.00	45.20	400.08	394.62	10.424	12.930	13.60	16.86	499.7	1700	2	99.9	0.189	-0.298	0.0646	0.00664	0.0372	0.00647	1.0	-0.22	2.74	1.00	0.00	0.16	111115
276	"13:53:50"	2288.0	0	3.72	0.0652	284	2.11	3.22	31.00	6	1.42	1	2.84	40.61	31.00	45.20	400.08	394.62	10.424	12.930	13.60	16.86	499.7	1700	2	99.9	0.189	-0.298	0.0646	0.00664	0.0372	0.00647	1.0	-0.22	2.74	1.00	0.00	0.16	111115
277	"13:53:50"	2288.5	0	3.79	0.065	281	2.11	3.22	31.02	6	1.42	1	2.84	40.62	31.02	45.21	400.12	394.57	10.426	12.931	13.59	16.86	499.7	1700	2	99.9	0.189	-0.298	0.0646	0.00664	0.0372	0.00647	1.0	-0.22	2.74	1.00	0.00	0.16	111115
278	"13:53:51"	2289.0	0	3.81	0.0649	281	2.11	3.23	31.04	6	1.42	1	2.84	40.63	31.04	45.21	400.13	394.56	10.427	12.931	13.59	16.85	499.7	1700	2	99.9	0.189	-0.298	0.0646	0.00664	0.0372	0.00647	1.0	-0.22	2.74	1.00	0.00	0.16	111115
279	"13:53:51"	2289.0	0	3.81	0.0649	281	2.11	3.23	31.04	6	1.42	1	2.84	40.63	31.04	45.21	400.13	394.56	10.427	12.931	13.59	16.85	499.7	1700	2	99.9	0.189	-0.298	0.0646	0.00664	0.0372	0.00647	1.0	-0.22	2.74	1.00	0.00	0.16	111115
280	"13:53:51"	2289.5	0	3.85	0.0649	280	2.11	3.23	31.04	6	1.42	1	2.84	40.63	31.04	45.21	400.15	394.53	10.426	12.932	13.58	16.85	499.7	1700	2	99.9	0.189	-0.298	0.0646	0.00664	0.0372	0.00647	1.0	-0.22	2.74	1.00	0.00	0.16	111115
281	"13:53:52"	2290.0	0	3.87	0.0651	280	2.12	3.23	31.04	6	1.42	1	2.84	40.64	31.04	45.21	400.20	394.55	10.426	12.937	13.58	16.85	499.7	1700	2	99.9	0.189	-0.298	0.0646	0.00664	0.0372	0.00647	1.0	-0.22	2.74	1.00	0.00	0.16	111115
282	"13:53:52"	2290.5	0	3.89	0.0651	279	2.12	3.23	31.05	6	1.42	1	2.84	40.65	31.05	45.21	400.24	394.56	10.427	12.939	13.57	16.84	499.7	1700	2	99.9	0.189	-0.298	0.0646	0.00664	0.0372	0.00647	1.0	-0.22	2.74	1.00	0.00	0.16	111115
283	"13:53:52"	2291.0	0	3.95	0.0649	277	2.12	3.23	31.05	6	1.42	1	2.84	40.66	31.05	45.21	400.29	394.55	10.427	12.934	13.57	16.83	499.7	1700	2	99.9	0.189	-0.298	0.0646	0.00664	0.0372	0.00647	1.0	-0.22	2.74	1.00	0.00	0.16	111115
284	"13:53:53"	2291.0	0	3.95	0.0649	277	2.12	3.23	31.05	6	1.42	1	2.84	40.66	31.05	45.21	400.29	394.55	10.427	12.934	13.57	16.83	499.7	1700	2	99.9	0.189	-0.298	0.0646	0.00664	0.0372	0.00647	1.0	-0.22	2.74	1.00	0.00	0.16	111115
"13:55:44 Coolers: Tblock -> 50.00 C"
"13:59:03 Coolers: Tblock -> 49.92 C"
"13:59:16 Flow: Fixed -> 500 umol/s"
285	"13:59:32"	2630.5	0	2.8	0.0595	296	2.39	3.96	33.87	6	1.42	1	2.84	45.26	33.87	49.90	399.76	395.27	10.637	13.467	10.88	13.77	499.7	1699	2	99.89	0.189	-0.298	0.0646	0.00664	0.0372	0.00647	1.0	-0.22	2.74	1.00	0.00	0.16	111115
286	"13:59:32"	2630.5	0	2.8	0.0595	296	2.39	3.96	33.87	6	1.42	1	2.84	45.26	33.87	49.90	399.76	395.27	10.637	13.467	10.88	13.77	499.7	1699	2	99.89	0.189	-0.298	0.0646	0.00664	0.0372	0.00647	1.0	-0.22	2.74	1.00	0.00	0.16	111115
287	"13:59:33"	2630.5	0	2.8	0.0595	296	2.39	3.96	33.87	6	1.42	1	2.84	45.26	33.87	49.90	399.76	395.27	10.637	13.467	10.88	13.77	499.7	1699	2	99.89	0.189	-0.298	0.0646	0.00664	0.0372	0.00647	1.0	-0.22	2.74	1.00	0.00	0.16	111115
288	"13:59:33"	2631.0	0	2.78	0.0596	297	2.39	3.95	33.86	6	1.42	1	2.84	45.26	33.86	49.90	399.72	395.24	10.637	13.468	10.88	13.77	499.7	1700	2	99.89	0.189	-0.298	0.0646	0.00664	0.0372	0.00647	1.0	-0.22	2.74	1.00	0.00	0.16	111115
289	"13:59:34"	2631.5	0	2.67	0.0597	300	2.39	3.95	33.85	6	1.42	1	2.84	45.27	33.85	49.90	399.64	395.30	10.637	13.470	10.87	13.77	499.6	1700	2	99.89	0.189	-0.298	0.0646	0.00664	0.0372	0.00647	1.0	-0.22	2.74	1.00	0.00	0.16	111115
290	"13:59:34"	2632.0	0	2.72	0.0597	298	2.39	3.95	33.85	6	1.42	1	2.84	45.27	33.85	49.90	399.61	395.21	10.637	13.470	10.87	13.77	499.6	1700	2	99.89	0.189	-0.298	0.0646	0.00664	0.0372	0.00647	1.0	-0.22	2.74	1.00	0.00	0.16	111115
291	"13:59:34"	2632.0	0	2.72	0.0597	298	2.39	3.95	33.85	6	1.42	1	2.84	45.27	33.85	49.90	399.61	395.21	10.637	13.470	10.87	13.77	499.6	1700	2	99.89	0.189	-0.298	0.0646	0.00664	0.0372	0.00647	1.0	-0.22	2.74	1.00	0.00	0.16	111115
292	"13:59:35"	2632.5	0	2.75	0.0597	298	2.4	3.96	33.86	6	1.42	1	2.84	45.27	33.86	49.90	399.57	395.13	10.636	13.474	10.87	13.77	499.6	1700	2	99.89	0.189	-0.298	0.0646	0.00664	0.0372	0.00647	1.0	-0.22	2.74	1.00	0.00	0.16	111115
293	"13:59:35"	2633.0	0	2.72	0.0597	298	2.4	3.96	33.87	6	1.42	1	2.84	45.28	33.87	49.90	399.55	395.15	10.636	13.477	10.87	13.77	499.6	1700	2	99.89	0.189	-0.298	0.0646	0.00664	0.0372	0.00647	1.0	-0.22	2.74	1.00	0.00	0.16	111115
294	"13:59:35"	2633.5	0	2.74	0.0597	298	2.4	3.96	33.88	6	1.42	1	2.84	45.28	33.88	49.90	399.53	395.10	10.637	13.480	10.87	13.77	499.6	1700	2	99.89	0.189	-0.298	0.0646	0.00664	0.0372	0.00647	1.0	-0.22	2.74	1.00	0.00	0.16	111115
295	"13:59:36"	2634.0	0	2.74	0.0597	298	2.4	3.97	33.90	6	1.42	1	2.84	45.28	33.90	49.90	399.53	395.10	10.638	13.481	10.86	13.77	499.6	1700	2	99.89	0.189	-0.298	0.0646	0.00664	0.0372	0.00647	1.0	-0.22	2.74	1.00	0.00	0.16	111115
296	"13:59:36"	2634.0	0	2.74	0.0597	298	2.4	3.97	33.90	6	1.42	1	2.84	45.28	33.90	49.90	399.53	395.10	10.638	13.481	10.86	13.77	499.6	1700	2	99.89	0.189	-0.298	0.0646	0.00664	0.0372	0.00647	1.0	-0.22	2.74	1.00	0.00	0.16	111115
297	"13:59:37"	2634.5	0	2.73	0.0596	298	2.4	3.97	33.92	6	1.42	1	2.84	45.29	33.92	49.91	399.56	395.15	10.639	13.481	10.86	13.77	499.6	1700	2	99.89	0.189	-0.298	0.0646	0.00664	0.0372	0.00647	1.0	-0.22	2.74	1.00	0.00	0.16	111115
298	"13:59:37"	2635.0	0	2.75	0.0595	297	2.4	3.97	33.93	6	1.42	1	2.84	45.29	33.93	49.91	399.59	395.15	10.639	13.482	10.86	13.76	499.7	1700	2	99.89	0.189	-0.298	0.0646	0.00664	0.0372	0.00647	1.0	-0.22	2.74	1.00	0.00	0.16	111115
299	"13:59:37"	2635.0	0	2.75	0.0595	297	2.4	3.97	33.93	6	1.42	1	2.84	45.29	33.93	49.91	399.59	395.15	10.639	13.482	10.86	13.76	499.7	1700	2	99.89	0.189	-0.298	0.0646	0.00664	0.0372	0.00647	1.0	-0.22	2.74	1.00	0.00	0.16	111115
300	"13:59:38"	2635.5	0	2.78	0.0595	296	2.4	3.98	33.94	6	1.42	1	2.84	45.30	33.94	49.91	399.58	395.11	10.640	13.484	10.86	13.76	499.7	1700	2	99.89	0.189	-0.298	0.0646	0.00664	0.0372	0.00647	1.0	-0.22	2.74	1.00	0.00	0.16	111115
301	"13:59:38"	2636.0	0	2.77	0.0594	296	2.4	3.98	33.96	6	1.42	1	2.84	45.30	33.96	49.91	399.59	395.12	10.641	13.485	10.86	13.76	499.7	1700	2	99.89	0.189	-0.298	0.0646	0.00664	0.0372	0.00647	0.7	-0.22	2.74	1.00	0.00	0.16	111115
302	"13:59:38"	2636.5	0	2.85	0.0594	294	2.4	3.98	33.96	6	1.42	1	2.84	45.30	33.96	49.91	399.62	395.05	10.641	13.484	10.86	13.76	499.6	1700	2	99.89	0.189	-0.298	0.0646	0.00664	0.0372	0.00647	0.7	-0.22	2.74	1.00	0.00	0.16	111115
303	"13:59:39"	2636.5	0	2.85	0.0594	294	2.4	3.98	33.96	6	1.42	1	2.84	45.30	33.96	49.91	399.62	395.05	10.641	13.484	10.86	13.76	499.6	1700	2	99.89	0.189	-0.298	0.0646	0.00664	0.0372	0.00647	0.7	-0.22	2.74	1.00	0.00	0.16	111115
304	"13:59:39"	2637.0	0	2.92	0.0594	292	2.4	3.98	33.96	6	1.42	1	2.84	45.31	33.96	49.91	399.67	395.03	10.642	13.484	10.86	13.76	499.7	1700	2	99.89	0.189	-0.298	0.0646	0.00664	0.0372	0.00647	0.7	-0.22	2.74	1.00	0.00	0.16	111115
305	"13:59:40"	2637.5	0	2.8	0.0594	296	2.4	3.98	33.96	6	1.42	1	2.84	45.31	33.96	49.91	399.62	395.12	10.641	13.488	10.85	13.76	499.7	1700	2	99.89	0.189	-0.298	0.0646	0.00664	0.0372	0.00647	0.7	-0.22	2.74	1.00	0.00	0.16	111115
306	"13:59:40"	2638.0	0	2.86	0.0594	294	2.4	3.98	33.96	6	1.42	1	2.84	45.31	33.96	49.91	399.66	395.09	10.642	13.487	10.85	13.75	499.7	1700	2	99.89	0.189	-0.298	0.0646	0.00664	0.0372	0.00647	0.7	-0.22	2.74	1.00	0.00	0.16	111115
307	"13:59:40"	2638.0	0	2.86	0.0594	294	2.4	3.98	33.96	6	1.42	1	2.84	45.31	33.96	49.91	399.66	395.09	10.642	13.487	10.85	13.75	499.7	1700	2	99.89	0.189	-0.298	0.0646	0.00664	0.0372	0.00647	0.7	-0.22	2.74	1.00	0.00	0.16	111115
308	"14:00:39"	2697.0	0	2.84	0.0574	291	2.43	4.16	34.57	6	1.42	1	2.84	45.61	34.57	49.90	400.03	395.47	10.673	13.551	10.72	13.61	499.6	1699	2	99.89	0.189	-0.298	0.0646	0.00664	0.0372	0.00647	1.0	-0.22	2.74	1.00	0.00	0.16	111115
309	"14:00:39"	2697.0	0	2.84	0.0574	291	2.43	4.16	34.57	6	1.42	1	2.84	45.61	34.57	49.90	400.03	395.47	10.673	13.551	10.72	13.61	499.6	1699	2	99.89	0.189	-0.298	0.0646	0.00664	0.0372	0.00647	1.0	-0.22	2.74	1.00	0.00	0.16	111115
310	"14:00:39"	2697.5	0	2.81	0.0574	292	2.43	4.16	34.58	6	1.42	1	2.84	45.61	34.58	49.90	400.04	395.51	10.674	13.553	10.72	13.61	499.6	1699	2	99.89	0.189	-0.298	0.0646	0.00664	0.0372	0.00647	1.0	-0.22	2.74	1.00	0.00	0.16	111115
311	"14:00:40"	2697.5	0	2.81	0.0574	292	2.43	4.16	34.58	6	1.42	1	2.84	45.61	34.58	49.90	400.04	395.51	10.674	13.553	10.72	13.61	499.6	1699	2	99.89	0.189	-0.298	0.0646	0.00664	0.0372	0.00647	1.0	-0.22	2.74	1.00	0.00	0.16	111115
312	"14:00:40"	2698.0	0	2.74	0.0575	294	2.43	4.16	34.58	6	1.42	1	2.84	45.61	34.58	49.90	400.00	395.56	10.674	13.556	10.72	13.62	499.6	1699	2	99.89	0.189	-0.298	0.0646	0.00664	0.0372	0.00647	1.0	-0.22	2.74	1.00	0.00	0.16	111115
313	"14:00:40"	2698.5	0	2.72	0.0575	295	2.43	4.16	34.58	6	1.42	1	2.84	45.61	34.58	49.90	400.02	395.59	10.675	13.559	10.72	13.62	499.6	1699	2	99.89	0.189	-0.298	0.0646	0.00664	0.0372	0.00647	1.0	-0.22	2.74	1.00	0.00	0.16	111115
314	"14:00:41"	2699.0	0	2.76	0.0574	294	2.43	4.17	34.59	6	1.42	1	2.84	45.61	34.59	49.90	400.01	395.55	10.675	13.556	10.72	13.61	499.6	1699	2	99.89	0.189	-0.298	0.0646	0.00664	0.0372	0.00647	1.0	-0.22	2.74	1.00	0.00	0.16	111115
315	"14:00:41"	2699.5	0	2.75	0.0574	294	2.43	4.17	34.60	6	1.42	1	2.84	45.62	34.60	49.90	400.05	395.59	10.676	13.559	10.72	13.61	499.7	1699	2	99.89	0.189	-0.298	0.0646	0.00664	0.0372	0.00647	1.0	-0.22	2.74	1.00	0.00	0.16	111115
316	"14:00:42"	2699.5	0	2.75	0.0574	294	2.43	4.17	34.60	6	1.42	1	2.84	45.62	34.60	49.90	400.05	395.59	10.676	13.559	10.72	13.61	499.7	1699	2	99.89	0.189	-0.298	0.0646	0.00664	0.0372	0.00647	1.0	-0.22	2.74	1.00	0.00	0.16	111115
317	"14:00:42"	2700.0	0	2.8	0.0574	293	2.43	4.17	34.61	6	1.42	1	2.84	45.62	34.61	49.90	400.06	395.54	10.676	13.560	10.72	13.62	499.6	1699	2	99.89	0.189	-0.298	0.0646	0.00664	0.0372	0.00647	1.0	-0.22	2.74	1.00	0.00	0.16	111115
318	"14:00:42"	2700.5	0	2.86	0.0575	291	2.44	4.17	34.61	6	1.42	1	2.84	45.62	34.61	49.90	400.09	395.50	10.677	13.563	10.72	13.62	499.6	1699	2	99.89	0.189	-0.298	0.0646	0.00664	0.0372	0.00647	1.0	-0.22	2.74	1.00	0.00	0.16	111115
319	"14:00:43"	2700.5	0	2.86	0.0575	291	2.44	4.17	34.61	6	1.42	1	2.84	45.62	34.61	49.90	400.09	395.50	10.677	13.563	10.72	13.62	499.6	1699	2	99.89	0.189	-0.298	0.0646	0.00664	0.0372	0.00647	1.0	-0.22	2.74	1.00	0.00	0.16	111115
320	"14:00:43"	2701.0	0	2.99	0.0575	287	2.44	4.17	34.61	6	1.42	1	2.84	45.62	34.61	49.90	400.15	395.40	10.678	13.564	10.72	13.62	499.7	1699	2	99.89	0.189	-0.298	0.0646	0.00664	0.0372	0.00647	1.0	-0.22	2.74	1.00	0.00	0.16	111115
321	"14:00:43"	2701.5	0	3.06	0.0575	285	2.44	4.17	34.61	6	1.42	1	2.84	45.62	34.61	49.90	400.15	395.33	10.677	13.563	10.72	13.61	499.7	1699	2	99.89	0.189	-0.298	0.0646	0.00664	0.0372	0.00647	1.0	-0.22	2.74	1.00	0.00	0.16	111115
322	"14:00:44"	2702.0	0	3.1	0.0574	284	2.44	4.18	34.62	6	1.42	1	2.84	45.62	34.62	49.90	400.20	395.32	10.677	13.562	10.72	13.61	499.7	1699	2	99.89	0.189	-0.298	0.0646	0.00664	0.0372	0.00647	1.0	-0.22	2.74	1.00	0.00	0.16	111115
"14:01:09 Coolers: Tblock -> 12.00 C"
"14:30:44 Flow: Fixed -> 200 umol/s"
"14:40:46 Flow: Fixed -> 200 umol/s"
"14:40:54 Coolers: Tblock -> 0.00 C"
"14:59:52 Flow: Fixed -> 200 umol/s"
