"OPEN 6.3.4"
"Sat Jul 21 2018 03:50:54"
<open><version>"6.3.4"</version></open>
<open><configfile>"/User/Configs/UserPrefs/LED2x3.xml"</configfile></open>
<open><light><source>"6400-02 or -02B LED Source"</source><par_in>1<sensor>"SI-2503"<cal>-0.86<actinity>1.00</actinity><transm>1.00</transm></cal></sensor><transm>1</transm></par_in><par_out>1<sensor>"Q40491"<cal>6.5</cal></sensor></par_out></light></open>
<open><comps><file>"/User/Configs/Comps/StdComps_6.1"<header>""</header><extras></extras></file><energybal>no<f_parIn>1</f_parIn><f_parOut>0</f_parOut><alphaK>0.16</alphaK></energybal><bc_total>2.840<stomatal_ratio>1</stomatal_ratio><bc_oneside>1.420<type>2</type><table>"/Sys/Lib/StdBLCTable"</table><area>6</area><slope>-0.219565</slope><offset>2.73739</offset><fan>5</fan></bc_oneside></bc_total></comps></open>
<open><prompts><onlog>off</onlog><items>"Default (none)"</items></prompts></open>
<open><constants><oxygen>21 %</oxygen><bb_vapor>1.5</bb_vapor><bb_oxy>0.9</bb_oxy></constants></open>
<open><stability><items>"Std Stability"<items[1]><id>-2</id><size>15</size><pcv><onoff>0</onoff><value>1</value></pcv><std><onoff>0</onoff><value>1</value></std><slp><onoff>1</onoff><value>1</value></slp></items[1]><items[2]><id>-5</id><size>15</size><pcv><onoff>0</onoff><value>1</value></pcv><std><onoff>0</onoff><value>1</value></std><slp><onoff>1</onoff><value>1</value></slp></items[2]><items[3]><id>-7</id><size>15</size><pcv><onoff>0</onoff><value>1</value></pcv><std><onoff>0</onoff><value>1</value></std><slp><onoff>1</onoff><value>1</value></slp></items[3]></items></stability></open>
<open><log><format>"StdLogFmt_6.0"<items>{ -35 -21 -70 -69 -76 30 23 36 21 25 221 -33 111 -34 11 -9 -10 -8 -1 -2 -4 -5 -14 -15 -7 -12 -13 -11 -65 -66 -72 -18 -19 -77 -78 -79 -23  }<hdr>{  }</hdr></items></format><options><beep>on</beep><match>"never"<time>30</time><co2>100</co2><delta>10</delta></match><hdr>normal</hdr><rem>normal</rem><stab>no</stab><stats>no<mean>no</mean><file>no</file><period>15</period></stats><excel>yes</excel><controls>yes</controls><comm>no</comm></options><datafile>"/User/0000-AAC4213-210718"</datafile><button><action>"Normal Log"<code>" LogOneObsManual "</code></action></button><autoprog>"/User/Configs/AutoProgs/AutoLog2"<active>no</active></autoprog></log></open>
<open><a2d><avgtime>4.0 secs</avgtime><userchans><ch20>"Off"</ch20><ch21>"Off"</ch21><ch22>"Off"</ch22><ch23>"Off"</ch23></userchans></a2d></open>
<open><matching><type>0</type><disp>'a'</disp><settings>><CO2Limit>10.0</CO2Limit><H2OLimit>1.0</H2OLimit><MaxAutoTime>60</MaxAutoTime><AverageTime>10</AverageTime></settings></matching></open>
<li6400><factory><unit>"PSC-2470"</unit><serviced>"5 Feb 2018"</serviced><fuseaware>0</fuseaware><co2mixer>yes</co2mixer><co2><coeffs>{ 0 0.214772 2.55802e-05 1.93228e-08 -3.02262e-12 2.75724e-16  }</coeffs><dvdt>-4</dvdt><xs>{ 9.11e-05 0.00178  }</xs></co2><h2o><coeffs>{ 0 0.00581526 2.16703e-06 7.69607e-12  }</coeffs><dvdt>-2.9</dvdt><xs>{ -0.000111 -0.00256  }</xs></h2o><flow>{ 0 0.3696  }</flow><press>{ 86.913 0.00551  }</press></factory></li6400>
<li6400><user><flow_zero>35.5</flow_zero><irga_zero><co2>113.5 152.5<at>27.1329</at></co2><h2o>-3.5 -3.5<at>28.1091</at></h2o></irga_zero><irga_span><co2>{ 0.990134 0.992694  }</co2><h2o>{ 0.996743 0.99801  }</h2o></irga_span><irga_match><co2>{ 0.110267 5.15457  }</co2><h2o>{ -0.0816591 0.0288572  }</h2o></irga_match><co2_mixer><pump_mv>4500</pump_mv><ppm>{ 2352.67 1117.67 439.284 266.3 121.188 70.6751 48.8233 48.8102  }</ppm><mv>{ 5000 3000 1500 1000 500 300 200 100  }</mv></co2_mixer><parin_offset>-0.211894</parin_offset><led_cal><unit>"SI-2503"</unit><mv>{ 10 25 50 100 1000 2000 3000 4000 5000  }</mv><qntm>{ 1.83047 9.20354 23.3042 57.5395 736.221 1467.2 2160.1 2821.48 3447.04  }</qntm></led_cal><lcf_cal><unit>"LCF-0981"</unit><red><mv>{ 50 100 200 400 800 1500  }</mv><qntm>{ 64.6036 145.758 312.409 661.73 1377.94 2641.23  }</qntm></red><blue><mv>{ 100 500 1000 2000 3000 4000 5000  }</mv><qntm>{ 11.107 44.4539 81.9578 145.168 203.372 256.093 300.56  }</qntm></blue></lcf_cal></user></li6400>
"03:50:55 "
$STARTOFDATA$
"Obs"	"HHMMSS"	"YYYYMMDD"	"DOY"	"EBal?"	"Photo"	"Cond"	"Ci"	"Trmmol"	"VpdL"	"CTleaf"	"Area"	"BLC_1"	"StmRat"	"BLCond"	"Tair"	"Tleaf"	"TBlk"	"CO2R"	"CO2S"	"H2OR"	"H2OS"	"RH_R"	"RH_S"	"Flow"	"PARi"	"PARo"	"Press"	"CsMch"	"HsMch"	"StableF"	"BLCslope"	"BLCoffst"	"f_parin"	"f_parout"	"alphaK"	"Status"
"03:51:52 Flow: Fixed -> 500 umol/s"
"03:51:59 CO2 Mixer: CO2R -> 400 uml"
"03:52:05 Lamp: ParIn ->  1700 uml"
"03:52:20 Coolers: Tblock -> 17.25 C"
"04:18:04 Coolers: Tblock -> 0.00 C"
"04:37:31 Coolers: Tblock -> 0.11 C"
1	"04:38:00"	20180721	202	0	9.02	0.191	305	1.34	0.748	7.10	6	1.42	1	2.84	2.33	7.10	0.21	400.21	388.78	1.026	2.629	14.22	36.44	500.6	1700	5	100.6	5.15	0.0289	1.0	-0.22	2.74	1.00	0.00	0.16	111115
2	"04:38:01"	20180721	202	0	9.02	0.191	305	1.34	0.748	7.10	6	1.42	1	2.84	2.33	7.10	0.21	400.21	388.78	1.026	2.629	14.22	36.44	500.6	1700	5	100.6	5.15	0.0289	1.0	-0.22	2.74	1.00	0.00	0.16	111115
3	"04:38:01"	20180721	202	0	9.02	0.191	305	1.34	0.748	7.10	6	1.42	1	2.84	2.33	7.10	0.21	400.20	388.77	1.026	2.629	14.22	36.44	500.6	1700	5	100.6	5.15	0.0289	1.0	-0.22	2.74	1.00	0.00	0.16	111115
4	"04:38:02"	20180721	202	0	9.02	0.191	305	1.34	0.748	7.10	6	1.42	1	2.84	2.33	7.10	0.21	400.20	388.77	1.026	2.629	14.22	36.44	500.6	1700	5	100.6	5.15	0.0289	1.0	-0.22	2.74	1.00	0.00	0.16	111115
5	"04:38:02"	20180721	202	0	8.95	0.192	306	1.34	0.747	7.09	6	1.42	1	2.84	2.33	7.09	0.22	400.15	388.79	1.025	2.629	14.21	36.44	500.6	1700	5	100.6	5.15	0.0289	1.0	-0.22	2.74	1.00	0.00	0.16	111115
6	"04:38:03"	20180721	202	0	8.95	0.192	306	1.34	0.747	7.08	6	1.42	1	2.84	2.33	7.08	0.22	400.14	388.79	1.025	2.630	14.21	36.46	500.6	1700	5	100.6	5.15	0.0289	1.0	-0.22	2.74	1.00	0.00	0.16	111115
7	"04:38:03"	20180721	202	0	8.92	0.192	306	1.34	0.747	7.08	6	1.42	1	2.84	2.33	7.08	0.22	400.10	388.78	1.025	2.630	14.20	36.45	500.6	1700	5	100.6	5.15	0.0289	1.0	-0.22	2.74	1.00	0.00	0.16	111115
8	"04:38:04"	20180721	202	0	8.91	0.192	306	1.34	0.747	7.08	6	1.42	1	2.84	2.33	7.08	0.22	400.06	388.76	1.024	2.630	14.20	36.45	500.6	1700	5	100.6	5.15	0.0289	1.0	-0.22	2.74	1.00	0.00	0.16	111115
9	"04:38:04"	20180721	202	0	8.87	0.192	306	1.34	0.747	7.08	6	1.42	1	2.84	2.33	7.08	0.22	400.01	388.76	1.024	2.629	14.19	36.43	500.6	1700	5	100.6	5.15	0.0289	1.0	-0.22	2.74	1.00	0.00	0.16	111115
10	"04:38:05"	20180721	202	0	8.87	0.192	306	1.34	0.747	7.08	6	1.42	1	2.84	2.33	7.08	0.22	399.97	388.72	1.024	2.628	14.19	36.42	500.6	1700	5	100.6	5.15	0.0289	1.0	-0.22	2.74	1.00	0.00	0.16	111115
11	"04:38:05"	20180721	202	0	8.83	0.192	307	1.34	0.747	7.08	6	1.42	1	2.84	2.33	7.08	0.22	399.91	388.70	1.024	2.628	14.19	36.41	500.6	1700	5	100.6	5.15	0.0289	1.0	-0.22	2.74	1.00	0.00	0.16	111115
12	"04:38:06"	20180721	202	0	8.75	0.192	307	1.34	0.746	7.07	6	1.42	1	2.84	2.34	7.07	0.22	399.83	388.72	1.024	2.628	14.19	36.41	500.6	1700	5	100.6	5.15	0.0289	1.0	-0.22	2.74	1.00	0.00	0.16	111115
13	"04:38:07"	20180721	202	0	8.73	0.191	307	1.34	0.748	7.09	6	1.42	1	2.84	2.34	7.09	0.22	399.73	388.64	1.025	2.628	14.20	36.42	500.6	1700	5	100.6	5.15	0.0289	1.0	-0.22	2.74	1.00	0.00	0.16	111115
14	"04:38:07"	20180721	202	0	8.73	0.191	307	1.34	0.748	7.09	6	1.42	1	2.84	2.34	7.09	0.22	399.73	388.64	1.025	2.628	14.20	36.42	500.6	1700	5	100.6	5.15	0.0289	1.0	-0.22	2.74	1.00	0.00	0.16	111115
15	"04:38:08"	20180721	202	0	8.74	0.191	307	1.34	0.748	7.09	6	1.42	1	2.84	2.34	7.09	0.22	399.71	388.61	1.025	2.629	14.20	36.42	500.6	1700	5	100.6	5.15	0.0289	1.0	-0.22	2.74	1.00	0.00	0.16	111115
"04:38:59 Coolers: Tblock -> 5.00 C"
16	"04:42:17"	20180721	202	0	10.1	0.183	290	1.38	0.802	9.29	6	1.42	1	2.84	6.16	9.29	5.09	400.28	387.53	2.058	3.709	21.80	39.29	500.6	1699	5	100.6	5.15	0.0289	1.0	-0.22	2.74	1.00	0.00	0.16	111115
17	"04:42:17"	20180721	202	0	10.1	0.183	290	1.38	0.801	9.28	6	1.42	1	2.84	6.16	9.28	5.09	400.28	387.51	2.058	3.709	21.80	39.29	500.6	1699	6	100.6	5.15	0.0289	1.0	-0.22	2.74	1.00	0.00	0.16	111115
18	"04:42:18"	20180721	202	0	10.1	0.183	290	1.38	0.801	9.28	6	1.42	1	2.84	6.16	9.28	5.09	400.28	387.51	2.058	3.709	21.80	39.29	500.6	1699	6	100.6	5.15	0.0289	1.0	-0.22	2.74	1.00	0.00	0.16	111115
19	"04:42:18"	20180721	202	0	10.1	0.183	290	1.38	0.801	9.28	6	1.42	1	2.84	6.16	9.28	5.09	400.28	387.51	2.058	3.709	21.80	39.29	500.6	1699	6	100.6	5.15	0.0289	1.0	-0.22	2.74	1.00	0.00	0.16	111115
20	"04:42:18"	20180721	202	0	10.2	0.183	290	1.38	0.801	9.28	6	1.42	1	2.84	6.16	9.28	5.09	400.30	387.47	2.058	3.709	21.80	39.29	500.6	1699	6	100.6	5.15	0.0289	1.0	-0.22	2.74	1.00	0.00	0.16	111115
21	"04:42:19"	20180721	202	0	10.2	0.183	290	1.38	0.801	9.28	6	1.42	1	2.84	6.17	9.28	5.09	400.30	387.49	2.059	3.708	21.81	39.28	500.6	1699	6	100.6	5.15	0.0289	1.0	-0.22	2.74	1.00	0.00	0.16	111115
22	"04:42:19"	20180721	202	0	10.2	0.183	289	1.38	0.801	9.28	6	1.42	1	2.84	6.17	9.28	5.09	400.30	387.48	2.058	3.709	21.80	39.28	500.6	1699	6	100.6	5.15	0.0289	1.0	-0.22	2.74	1.00	0.00	0.16	111115
23	"04:42:20"	20180721	202	0	10.2	0.183	289	1.38	0.801	9.28	6	1.42	1	2.84	6.17	9.28	5.09	400.29	387.47	2.059	3.708	21.80	39.27	500.6	1699	6	100.6	5.15	0.0289	1.0	-0.22	2.74	1.00	0.00	0.16	111115
24	"04:42:21"	20180721	202	0	10.1	0.183	290	1.38	0.801	9.28	6	1.42	1	2.84	6.17	9.28	5.09	400.24	387.46	2.059	3.709	21.80	39.28	500.6	1699	6	100.6	5.15	0.0289	1.0	-0.22	2.74	1.00	0.00	0.16	111115
25	"04:42:21"	20180721	202	0	10.1	0.184	290	1.38	0.801	9.27	6	1.42	1	2.84	6.17	9.27	5.09	400.21	387.45	2.059	3.710	21.80	39.29	500.6	1699	6	100.6	5.15	0.0289	1.0	-0.22	2.74	1.00	0.00	0.16	111115
26	"04:42:22"	20180721	202	0	10.1	0.184	290	1.38	0.8	9.27	6	1.42	1	2.84	6.17	9.27	5.09	400.18	387.44	2.059	3.712	21.80	39.30	500.6	1698	6	100.6	5.15	0.0289	1.0	-0.22	2.74	1.00	0.00	0.16	111115
27	"04:42:22"	20180721	202	0	10.1	0.184	290	1.38	0.8	9.27	6	1.42	1	2.84	6.17	9.27	5.09	400.19	387.44	2.060	3.712	21.81	39.30	500.6	1698	5	100.6	5.15	0.0289	1.0	-0.22	2.74	1.00	0.00	0.16	111115
28	"04:42:23"	20180721	202	0	10.1	0.184	291	1.38	0.8	9.27	6	1.42	1	2.84	6.17	9.27	5.09	400.16	387.45	2.060	3.713	21.81	39.31	500.6	1699	5	100.6	5.15	0.0289	1.0	-0.22	2.74	1.00	0.00	0.16	111115
29	"04:42:23"	20180721	202	0	10.1	0.184	291	1.39	0.8	9.27	6	1.42	1	2.84	6.17	9.27	5.09	400.13	387.42	2.059	3.714	21.80	39.31	500.6	1699	5	100.6	5.15	0.0289	1.0	-0.22	2.74	1.00	0.00	0.16	111115
30	"04:42:24"	20180721	202	0	10	0.184	291	1.39	0.8	9.27	6	1.42	1	2.84	6.18	9.27	5.09	400.13	387.45	2.059	3.715	21.80	39.32	500.6	1699	5	100.6	5.15	0.0289	1.0	-0.22	2.74	1.00	0.00	0.16	111115
31	"04:42:24"	20180721	202	0	10.1	0.184	291	1.39	0.8	9.27	6	1.42	1	2.84	6.18	9.27	5.09	400.16	387.45	2.059	3.715	21.79	39.32	500.6	1699	5	100.6	5.15	0.0289	1.0	-0.22	2.74	1.00	0.00	0.16	111115
32	"04:42:25"	20180721	202	0	10.1	0.184	291	1.39	0.8	9.27	6	1.42	1	2.84	6.18	9.27	5.09	400.18	387.46	2.059	3.715	21.79	39.31	500.6	1699	5	100.6	5.15	0.0289	1.0	-0.22	2.74	1.00	0.00	0.16	111115
33	"04:42:25"	20180721	202	0	10.1	0.184	291	1.39	0.8	9.28	6	1.42	1	2.84	6.18	9.28	5.09	400.18	387.48	2.059	3.715	21.78	39.31	500.6	1700	5	100.6	5.15	0.0289	1.0	-0.22	2.74	1.00	0.00	0.16	111115
"04:42:56 Coolers: Tblock -> 10.00 C"
34	"04:44:02"	20180721	202	0	10.7	0.185	284	1.56	0.895	10.68	6	1.42	1	2.84	9.54	10.68	10.18	400.07	386.53	2.068	3.932	17.40	33.09	500.6	1699	6	100.6	5.15	0.0289	1.0	-0.22	2.74	1.00	0.00	0.16	111115
35	"04:44:02"	20180721	202	0	10.7	0.185	284	1.56	0.895	10.68	6	1.42	1	2.84	9.54	10.68	10.18	400.07	386.53	2.068	3.932	17.40	33.09	500.6	1699	6	100.6	5.15	0.0289	1.0	-0.22	2.74	1.00	0.00	0.16	111115
36	"04:44:03"	20180721	202	0	10.7	0.186	284	1.56	0.894	10.68	6	1.42	1	2.84	9.55	10.68	10.17	400.07	386.52	2.067	3.933	17.39	33.09	500.6	1699	6	100.6	5.15	0.0289	1.0	-0.22	2.74	1.00	0.00	0.16	111115
37	"04:44:03"	20180721	202	0	10.7	0.186	284	1.56	0.895	10.69	6	1.42	1	2.84	9.56	10.69	10.17	400.07	386.50	2.067	3.934	17.38	33.07	500.6	1699	6	100.6	5.15	0.0289	1.0	-0.22	2.74	1.00	0.00	0.16	111115
38	"04:44:04"	20180721	202	0	10.7	0.186	285	1.56	0.895	10.69	6	1.42	1	2.84	9.57	10.69	10.16	400.04	386.53	2.067	3.934	17.37	33.06	500.6	1699	6	100.6	5.15	0.0289	1.0	-0.22	2.74	1.00	0.00	0.16	111115
39	"04:44:04"	20180721	202	0	10.7	0.186	285	1.57	0.895	10.69	6	1.42	1	2.84	9.57	10.69	10.15	400.03	386.53	2.067	3.936	17.36	33.05	500.6	1699	6	100.6	5.15	0.0289	1.0	-0.22	2.74	1.00	0.00	0.16	111115
40	"04:44:05"	20180721	202	0	10.6	0.186	285	1.57	0.895	10.70	6	1.42	1	2.84	9.58	10.70	10.15	400.01	386.57	2.067	3.937	17.35	33.04	500.6	1699	6	100.6	5.15	0.0289	1.0	-0.22	2.74	1.00	0.00	0.16	111115
41	"04:44:06"	20180721	202	0	10.6	0.186	285	1.57	0.895	10.70	6	1.42	1	2.84	9.59	10.70	10.14	400.03	386.57	2.067	3.938	17.34	33.03	500.6	1699	6	100.6	5.15	0.0289	1.0	-0.22	2.74	1.00	0.00	0.16	111115
42	"04:44:06"	20180721	202	0	10.7	0.186	285	1.57	0.895	10.70	6	1.42	1	2.84	9.60	10.70	10.14	400.03	386.52	2.068	3.938	17.33	33.02	500.6	1699	6	100.6	5.15	0.0289	1.0	-0.22	2.74	1.00	0.00	0.16	111115
43	"04:44:07"	20180721	202	0	10.6	0.186	285	1.57	0.895	10.70	6	1.42	1	2.84	9.61	10.70	10.14	400.01	386.53	2.068	3.940	17.33	33.01	500.6	1699	6	100.6	5.15	0.0289	1.0	-0.22	2.74	1.00	0.00	0.16	111115
44	"04:44:07"	20180721	202	0	10.7	0.186	285	1.57	0.896	10.71	6	1.42	1	2.84	9.61	10.71	10.13	400.00	386.50	2.068	3.941	17.32	33.01	500.6	1699	6	100.6	5.15	0.0289	1.0	-0.22	2.74	1.00	0.00	0.16	111115
45	"04:44:08"	20180721	202	0	10.7	0.186	285	1.57	0.897	10.72	6	1.42	1	2.84	9.62	10.72	10.13	400.02	386.49	2.068	3.942	17.31	33.00	500.6	1699	6	100.6	5.15	0.0289	1.0	-0.22	2.74	1.00	0.00	0.16	111115
46	"04:44:08"	20180721	202	0	10.7	0.186	285	1.57	0.897	10.72	6	1.42	1	2.84	9.63	10.72	10.13	400.01	386.47	2.067	3.944	17.30	33.00	500.6	1699	6	100.6	5.15	0.0289	1.0	-0.22	2.74	1.00	0.00	0.16	111115
47	"04:44:09"	20180721	202	0	10.8	0.186	284	1.57	0.898	10.74	6	1.42	1	2.84	9.64	10.74	10.13	400.02	386.40	2.068	3.943	17.29	32.97	500.6	1699	6	100.6	5.15	0.0289	1.0	-0.22	2.74	1.00	0.00	0.16	111115
48	"04:44:09"	20180721	202	0	10.7	0.186	284	1.57	0.899	10.75	6	1.42	1	2.84	9.65	10.75	10.13	400.01	386.41	2.068	3.944	17.28	32.95	500.6	1699	6	100.6	5.15	0.0289	1.0	-0.22	2.74	1.00	0.00	0.16	111115
49	"04:44:10"	20180721	202	0	10.7	0.186	284	1.57	0.9	10.76	6	1.42	1	2.84	9.65	10.76	10.12	400.01	386.41	2.067	3.944	17.27	32.94	500.6	1699	6	100.6	5.15	0.0289	1.0	-0.22	2.74	1.00	0.00	0.16	111115
50	"04:44:10"	20180721	202	0	10.8	0.185	283	1.57	0.901	10.77	6	1.42	1	2.84	9.66	10.77	10.12	400.02	386.39	2.068	3.944	17.26	32.93	500.6	1699	6	100.6	5.15	0.0289	1.0	-0.22	2.74	1.00	0.00	0.16	111115
51	"04:44:11"	20180721	202	0	10.8	0.185	283	1.57	0.901	10.78	6	1.42	1	2.84	9.67	10.78	10.12	400.02	386.37	2.068	3.945	17.25	32.91	500.6	1699	6	100.6	5.15	0.0289	1.0	-0.22	2.74	1.00	0.00	0.16	111115
52	"04:44:11"	20180721	202	0	10.8	0.185	283	1.57	0.902	10.78	6	1.42	1	2.84	9.67	10.78	10.12	400.01	386.38	2.068	3.946	17.25	32.91	500.6	1699	5	100.6	5.15	0.0289	1.0	-0.22	2.74	1.00	0.00	0.16	111115
53	"04:44:12"	20180721	202	0	10.8	0.185	283	1.57	0.902	10.79	6	1.42	1	2.84	9.68	10.79	10.12	400.02	386.39	2.069	3.946	17.25	32.89	500.6	1699	5	100.6	5.15	0.0289	1.0	-0.22	2.74	1.00	0.00	0.16	111115
"04:44:32 Coolers: Tblock -> 15.00 C"
"04:47:10 Flow: Fixed -> 500 umol/s"
"04:49:50 Flow: Fixed -> 500 umol/s"
54	"04:49:57"	20180721	202	0	13	0.179	256	1.9	1.12	15.09	6	1.42	1	2.84	14.83	15.09	15.10	400.03	383.56	3.687	5.957	21.92	35.41	500.6	1700	6	100.6	5.15	0.0289	1.0	-0.22	2.74	1.00	0.00	0.16	111115
55	"04:49:57"	20180721	202	0	13	0.179	256	1.91	1.12	15.10	6	1.42	1	2.84	14.83	15.10	15.10	400.04	383.58	3.687	5.958	21.91	35.41	500.5	1700	6	100.6	5.15	0.0289	1.0	-0.22	2.74	1.00	0.00	0.16	111115
56	"04:49:57"	20180721	202	0	13	0.179	256	1.91	1.12	15.10	6	1.42	1	2.84	14.83	15.10	15.10	400.04	383.58	3.687	5.958	21.91	35.41	500.5	1700	6	100.6	5.15	0.0289	1.0	-0.22	2.74	1.00	0.00	0.16	111115
57	"04:49:58"	20180721	202	0	13.1	0.179	255	1.91	1.12	15.10	6	1.42	1	2.84	14.83	15.10	15.10	400.11	383.55	3.688	5.959	21.91	35.41	500.5	1700	6	100.6	5.15	0.0289	1.0	-0.22	2.74	1.00	0.00	0.16	111115
58	"04:49:58"	20180721	202	0	13.1	0.179	255	1.91	1.12	15.11	6	1.42	1	2.84	14.83	15.11	15.10	400.12	383.56	3.687	5.958	21.91	35.40	500.5	1700	6	100.6	5.15	0.0289	1.0	-0.22	2.74	1.00	0.00	0.16	111115
59	"04:49:59"	20180721	202	0	13.2	0.179	254	1.91	1.12	15.11	6	1.42	1	2.84	14.83	15.11	15.10	400.20	383.55	3.687	5.957	21.91	35.40	500.5	1700	6	100.6	5.15	0.0289	1.0	-0.22	2.74	1.00	0.00	0.16	111115
60	"04:49:59"	20180721	202	0	13.2	0.179	254	1.91	1.12	15.12	6	1.42	1	2.84	14.83	15.12	15.10	400.25	383.57	3.687	5.959	21.91	35.40	500.5	1700	6	100.6	5.15	0.0289	1.0	-0.22	2.74	1.00	0.00	0.16	111115
61	"04:50:00"	20180721	202	0	13.2	0.179	254	1.91	1.12	15.12	6	1.42	1	2.84	14.83	15.12	15.09	400.27	383.56	3.688	5.960	21.91	35.41	500.5	1700	6	100.6	5.15	0.0289	1.0	-0.22	2.74	1.00	0.00	0.16	111115
62	"04:50:00"	20180721	202	0	13.2	0.179	254	1.91	1.12	15.12	6	1.42	1	2.84	14.84	15.12	15.09	400.30	383.58	3.689	5.963	21.91	35.42	500.5	1700	6	100.6	5.15	0.0289	1.0	-0.22	2.74	1.00	0.00	0.16	111115
63	"04:50:01"	20180721	202	0	13.2	0.179	253	1.91	1.12	15.12	6	1.42	1	2.84	14.84	15.12	15.09	400.30	383.56	3.689	5.963	21.91	35.42	500.5	1700	6	100.6	5.15	0.0289	1.0	-0.22	2.74	1.00	0.00	0.16	111115
64	"04:50:01"	20180721	202	0	13.2	0.179	253	1.91	1.12	15.12	6	1.42	1	2.84	14.84	15.12	15.09	400.31	383.57	3.689	5.963	21.91	35.42	500.5	1700	6	100.6	5.15	0.0289	1.0	-0.22	2.74	1.00	0.00	0.16	111115
65	"04:50:02"	20180721	202	0	13.2	0.179	254	1.91	1.12	15.12	6	1.42	1	2.84	14.84	15.12	15.09	400.28	383.58	3.688	5.964	21.90	35.42	500.5	1700	6	100.6	5.15	0.0289	1.0	-0.22	2.74	1.00	0.00	0.16	111115
66	"04:50:02"	20180721	202	0	13.2	0.18	254	1.91	1.12	15.12	6	1.42	1	2.84	14.84	15.12	15.09	400.29	383.57	3.689	5.966	21.91	35.43	500.6	1700	6	100.6	5.15	0.0289	1.0	-0.22	2.74	1.00	0.00	0.16	111115
67	"04:50:03"	20180721	202	0	13.2	0.18	254	1.91	1.12	15.11	6	1.42	1	2.84	14.84	15.11	15.09	400.23	383.59	3.689	5.966	21.91	35.43	500.6	1700	6	100.6	5.15	0.0289	1.0	-0.22	2.74	1.00	0.00	0.16	111115
68	"04:50:03"	20180721	202	0	13.1	0.18	255	1.91	1.12	15.11	6	1.42	1	2.84	14.84	15.11	15.08	400.17	383.55	3.688	5.967	21.90	35.43	500.6	1700	6	100.6	5.15	0.0289	1.0	-0.22	2.74	1.00	0.00	0.16	111115
69	"04:50:04"	20180721	202	0	13.1	0.18	255	1.91	1.12	15.11	6	1.42	1	2.84	14.84	15.11	15.08	400.11	383.54	3.688	5.965	21.90	35.42	500.6	1700	6	100.6	5.15	0.0289	1.0	-0.22	2.74	1.00	0.00	0.16	111115
70	"04:50:04"	20180721	202	0	13.1	0.18	255	1.91	1.12	15.11	6	1.42	1	2.84	14.84	15.11	15.08	400.06	383.53	3.687	5.965	21.90	35.42	500.6	1700	6	100.6	5.15	0.0289	1.0	-0.22	2.74	1.00	0.00	0.16	111115
71	"04:50:05"	20180721	202	0	13	0.18	255	1.91	1.12	15.11	6	1.42	1	2.84	14.84	15.11	15.08	400.06	383.55	3.688	5.965	21.90	35.42	500.6	1700	6	100.6	5.15	0.0289	1.0	-0.22	2.74	1.00	0.00	0.16	111115
72	"04:50:05"	20180721	202	0	13.1	0.18	255	1.91	1.12	15.11	6	1.42	1	2.84	14.84	15.11	15.08	400.06	383.53	3.688	5.965	21.90	35.42	500.6	1700	6	100.6	5.15	0.0289	1.0	-0.22	2.74	1.00	0.00	0.16	111115
73	"04:50:06"	20180721	202	0	13.1	0.18	255	1.91	1.12	15.11	6	1.42	1	2.84	14.84	15.11	15.08	400.07	383.53	3.688	5.967	21.90	35.43	500.6	1700	6	100.6	5.15	0.0289	1.0	-0.22	2.74	1.00	0.00	0.16	111115
"04:50:16 Coolers: Tblock -> 20.00 C"
74	"04:53:10"	20180721	202	0	13.8	0.177	246	2.04	1.21	17.29	6	1.42	1	2.84	18.80	17.29	20.08	399.97	382.54	5.213	7.636	24.07	35.26	500.6	1699	4	100.6	5.15	0.0289	1.0	-0.22	2.74	1.00	0.00	0.16	111115
75	"04:53:11"	20180721	202	0	13.8	0.177	245	2.04	1.21	17.29	6	1.42	1	2.84	18.81	17.29	20.08	400.00	382.54	5.213	7.638	24.07	35.27	500.6	1699	4	100.6	5.15	0.0289	1.0	-0.22	2.74	1.00	0.00	0.16	111115
76	"04:53:11"	20180721	202	0	13.8	0.177	245	2.04	1.21	17.29	6	1.42	1	2.84	18.81	17.29	20.08	400.00	382.54	5.213	7.638	24.07	35.27	500.6	1699	4	100.6	5.15	0.0289	1.0	-0.22	2.74	1.00	0.00	0.16	111115
77	"04:53:11"	20180721	202	0	13.8	0.177	245	2.04	1.21	17.30	6	1.42	1	2.84	18.81	17.30	20.08	400.02	382.56	5.213	7.640	24.07	35.27	500.6	1699	4	100.6	5.15	0.0289	1.0	-0.22	2.74	1.00	0.00	0.16	111115
78	"04:53:12"	20180721	202	0	13.8	0.177	245	2.04	1.21	17.31	6	1.42	1	2.84	18.81	17.31	20.08	400.04	382.55	5.214	7.642	24.07	35.27	500.6	1699	4	100.6	5.15	0.0289	1.0	-0.22	2.74	1.00	0.00	0.16	111115
79	"04:53:12"	20180721	202	0	13.8	0.177	245	2.04	1.22	17.31	6	1.42	1	2.84	18.81	17.31	20.08	400.04	382.54	5.214	7.641	24.06	35.26	500.6	1699	4	100.6	5.15	0.0289	1.0	-0.22	2.74	1.00	0.00	0.16	111115
80	"04:53:13"	20180721	202	0	13.8	0.177	245	2.04	1.22	17.32	6	1.42	1	2.84	18.82	17.32	20.08	400.04	382.55	5.215	7.644	24.06	35.27	500.6	1699	4	100.6	5.15	0.0289	1.0	-0.22	2.74	1.00	0.00	0.16	111115
81	"04:53:13"	20180721	202	0	13.8	0.177	245	2.04	1.22	17.33	6	1.42	1	2.84	18.82	17.33	20.08	400.02	382.54	5.215	7.645	24.06	35.27	500.6	1699	4	100.6	5.15	0.0289	1.0	-0.22	2.74	1.00	0.00	0.16	111115
82	"04:53:14"	20180721	202	0	13.8	0.177	246	2.04	1.22	17.33	6	1.42	1	2.84	18.82	17.33	20.08	400.01	382.59	5.215	7.646	24.05	35.27	500.6	1699	4	100.6	5.15	0.0289	1.0	-0.22	2.74	1.00	0.00	0.16	111115
83	"04:53:14"	20180721	202	0	13.7	0.177	246	2.04	1.22	17.33	6	1.42	1	2.84	18.83	17.33	20.08	399.98	382.59	5.216	7.648	24.05	35.27	500.6	1699	5	100.6	5.15	0.0289	1.0	-0.22	2.74	1.00	0.00	0.16	111115
84	"04:53:15"	20180721	202	0	13.7	0.177	246	2.04	1.22	17.34	6	1.42	1	2.84	18.83	17.34	20.08	399.98	382.58	5.216	7.648	24.05	35.26	500.6	1699	5	100.6	5.15	0.0289	1.0	-0.22	2.74	1.00	0.00	0.16	111115
85	"04:53:15"	20180721	202	0	13.8	0.177	245	2.05	1.22	17.34	6	1.42	1	2.84	18.83	17.34	20.08	400.02	382.57	5.217	7.650	24.05	35.26	500.6	1699	5	100.6	5.15	0.0289	1.0	-0.22	2.74	1.00	0.00	0.16	111115
86	"04:53:16"	20180721	202	0	13.8	0.177	245	2.05	1.22	17.35	6	1.42	1	2.84	18.83	17.35	20.07	400.03	382.56	5.216	7.651	24.04	35.26	500.6	1699	5	100.6	5.15	0.0289	1.0	-0.22	2.74	1.00	0.00	0.16	111115
87	"04:53:16"	20180721	202	0	13.8	0.177	245	2.05	1.22	17.35	6	1.42	1	2.84	18.84	17.35	20.07	400.05	382.58	5.217	7.653	24.04	35.27	500.6	1699	5	100.6	5.15	0.0289	1.0	-0.22	2.74	1.00	0.00	0.16	111115
88	"04:53:17"	20180721	202	0	13.8	0.177	245	2.05	1.22	17.35	6	1.42	1	2.84	18.84	17.35	20.07	400.08	382.57	5.218	7.653	24.04	35.26	500.6	1699	5	100.6	5.15	0.0289	1.0	-0.22	2.74	1.00	0.00	0.16	111115
89	"04:53:18"	20180721	202	0	13.9	0.177	245	2.05	1.22	17.36	6	1.42	1	2.84	18.84	17.36	20.07	400.13	382.57	5.219	7.655	24.04	35.27	500.6	1699	5	100.6	5.15	0.0289	1.0	-0.22	2.74	1.00	0.00	0.16	111115
90	"04:53:19"	20180721	202	0	13.9	0.177	244	2.05	1.22	17.36	6	1.42	1	2.84	18.84	17.36	20.07	400.17	382.55	5.219	7.655	24.04	35.26	500.6	1699	5	100.6	5.15	0.0289	1.0	-0.22	2.74	1.00	0.00	0.16	111115
"04:54:43 Coolers: Tblock -> 25.00 C"
"04:59:43 Flow: Fixed -> 500 umol/s"
91	"04:59:48"	20180721	202	0	14.8	0.17	227	2.69	1.66	21.69	6	1.42	1	2.84	23.90	21.69	25.07	400.14	381.23	6.149	9.347	20.77	31.58	500.6	1700	5	100.6	5.15	0.0289	1.0	-0.22	2.74	1.00	0.00	0.16	111115
92	"04:59:48"	20180721	202	0	14.8	0.17	227	2.69	1.66	21.69	6	1.42	1	2.84	23.90	21.69	25.07	400.14	381.23	6.149	9.347	20.77	31.58	500.6	1700	5	100.6	5.15	0.0289	1.0	-0.22	2.74	1.00	0.00	0.16	111115
93	"04:59:49"	20180721	202	0	14.8	0.17	227	2.69	1.66	21.69	6	1.42	1	2.84	23.90	21.69	25.07	400.14	381.22	6.148	9.347	20.77	31.58	500.6	1700	5	100.6	5.15	0.0289	1.0	-0.22	2.74	1.00	0.00	0.16	111115
94	"04:59:49"	20180721	202	0	14.7	0.17	227	2.69	1.66	21.69	6	1.42	1	2.84	23.91	21.69	25.07	400.13	381.22	6.148	9.347	20.77	31.57	500.6	1700	5	100.6	5.15	0.0289	1.0	-0.22	2.74	1.00	0.00	0.16	111115
95	"04:59:50"	20180721	202	0	14.7	0.17	227	2.7	1.66	21.68	6	1.42	1	2.84	23.91	21.68	25.07	400.10	381.21	6.148	9.348	20.77	31.58	500.6	1700	5	100.6	5.15	0.0289	1.0	-0.22	2.74	1.00	0.00	0.16	111115
96	"04:59:50"	20180721	202	0	14.7	0.17	227	2.7	1.66	21.68	6	1.42	1	2.84	23.91	21.68	25.07	400.09	381.22	6.148	9.349	20.76	31.58	500.5	1700	5	100.6	5.15	0.0289	1.0	-0.22	2.74	1.00	0.00	0.16	111115
97	"04:59:51"	20180721	202	0	14.8	0.17	227	2.7	1.66	21.69	6	1.42	1	2.84	23.91	21.69	25.07	400.11	381.18	6.147	9.349	20.76	31.58	500.5	1700	6	100.6	5.15	0.0289	1.0	-0.22	2.74	1.00	0.00	0.16	111115
98	"04:59:51"	20180721	202	0	14.7	0.17	227	2.7	1.66	21.68	6	1.42	1	2.84	23.91	21.68	25.06	400.13	381.24	6.147	9.352	20.76	31.58	500.5	1700	6	100.6	5.15	0.0289	1.0	-0.22	2.74	1.00	0.00	0.16	111115
99	"04:59:52"	20180721	202	0	14.7	0.17	228	2.7	1.66	21.69	6	1.42	1	2.84	23.91	21.69	25.06	400.17	381.28	6.147	9.353	20.76	31.59	500.6	1700	6	100.6	5.15	0.0289	1.0	-0.22	2.74	1.00	0.00	0.16	111115
100	"04:59:52"	20180721	202	0	14.7	0.17	228	2.7	1.66	21.69	6	1.42	1	2.84	23.91	21.69	25.06	400.17	381.28	6.147	9.353	20.76	31.59	500.6	1700	6	100.6	5.15	0.0289	1.0	-0.22	2.74	1.00	0.00	0.16	111115
101	"04:59:52"	20180721	202	0	14.8	0.17	227	2.7	1.66	21.69	6	1.42	1	2.84	23.91	21.69	25.06	400.22	381.28	6.147	9.355	20.76	31.59	500.6	1700	6	100.6	5.15	0.0289	1.0	-0.22	2.74	1.00	0.00	0.16	111115
102	"04:59:53"	20180721	202	0	14.8	0.17	227	2.7	1.66	21.69	6	1.42	1	2.84	23.91	21.69	25.06	400.24	381.32	6.146	9.356	20.76	31.59	500.6	1700	6	100.6	5.15	0.0289	1.0	-0.22	2.74	1.00	0.00	0.16	111115
103	"04:59:53"	20180721	202	0	14.7	0.17	228	2.7	1.66	21.69	6	1.42	1	2.84	23.91	21.69	25.06	400.25	381.36	6.146	9.358	20.75	31.60	500.6	1700	6	100.6	5.15	0.0289	1.0	-0.22	2.74	1.00	0.00	0.16	111115
104	"04:59:54"	20180721	202	0	14.8	0.17	228	2.7	1.66	21.69	6	1.42	1	2.84	23.91	21.69	25.06	400.29	381.37	6.147	9.358	20.76	31.60	500.6	1700	6	100.6	5.15	0.0289	1.0	-0.22	2.74	1.00	0.00	0.16	111115
105	"04:59:54"	20180721	202	0	14.7	0.17	228	2.7	1.66	21.70	6	1.42	1	2.84	23.91	21.70	25.06	400.29	381.40	6.147	9.358	20.76	31.60	500.6	1700	6	100.6	5.15	0.0289	1.0	-0.22	2.74	1.00	0.00	0.16	111115
106	"04:59:55"	20180721	202	0	14.7	0.17	228	2.7	1.66	21.70	6	1.42	1	2.84	23.91	21.70	25.06	400.30	381.44	6.148	9.358	20.76	31.60	500.6	1700	6	100.6	5.15	0.0289	1.0	-0.22	2.74	1.00	0.00	0.16	111115
107	"04:59:55"	20180721	202	0	14.7	0.17	228	2.7	1.66	21.70	6	1.42	1	2.84	23.91	21.70	25.06	400.31	381.43	6.148	9.357	20.76	31.60	500.6	1700	6	100.6	5.15	0.0289	1.0	-0.22	2.74	1.00	0.00	0.16	111115
108	"04:59:56"	20180721	202	0	14.7	0.17	227	2.7	1.67	21.71	6	1.42	1	2.84	23.91	21.71	25.05	400.30	381.40	6.148	9.357	20.76	31.59	500.5	1700	6	100.6	5.15	0.0289	1.0	-0.22	2.74	1.00	0.00	0.16	111115
109	"04:59:56"	20180721	202	0	14.7	0.17	227	2.7	1.67	21.71	6	1.42	1	2.84	23.91	21.71	25.05	400.29	381.38	6.148	9.357	20.76	31.60	500.5	1700	6	100.6	5.15	0.0289	1.0	-0.22	2.74	1.00	0.00	0.16	111115
"05:00:31 Coolers: Tblock -> 30.00 C"
"05:03:58 Flow: Fixed -> 500 umol/s"
110	"05:04:05"	20180721	202	0	14.9	0.157	213	2.7	1.79	24.30	6	1.42	1	2.84	28.05	24.30	30.02	399.97	380.91	9.343	12.538	24.70	33.14	500.6	1699	6	100.6	5.15	0.0289	1.0	-0.22	2.74	1.00	0.00	0.16	111115
111	"05:04:05"	20180721	202	0	14.9	0.157	213	2.7	1.79	24.30	6	1.42	1	2.84	28.05	24.30	30.02	399.97	380.91	9.343	12.538	24.70	33.14	500.6	1699	6	100.6	5.15	0.0289	1.0	-0.22	2.74	1.00	0.00	0.16	111115
112	"05:04:05"	20180721	202	0	14.9	0.157	213	2.7	1.79	24.30	6	1.42	1	2.84	28.05	24.30	30.02	399.97	380.91	9.343	12.538	24.70	33.14	500.6	1699	6	100.6	5.15	0.0289	1.0	-0.22	2.74	1.00	0.00	0.16	111115
113	"05:04:06"	20180721	202	0	14.8	0.157	214	2.7	1.79	24.30	6	1.42	1	2.84	28.05	24.30	30.02	399.94	380.91	9.343	12.538	24.70	33.14	500.6	1699	6	100.6	5.15	0.0289	1.0	-0.22	2.74	1.00	0.00	0.16	111115
114	"05:04:06"	20180721	202	0	14.8	0.157	214	2.7	1.79	24.31	6	1.42	1	2.84	28.05	24.31	30.02	399.89	380.92	9.343	12.535	24.70	33.13	500.5	1699	6	100.6	5.15	0.0289	1.0	-0.22	2.74	1.00	0.00	0.16	111115
115	"05:04:07"	20180721	202	0	14.8	0.156	214	2.7	1.79	24.31	6	1.42	1	2.84	28.05	24.31	30.02	399.91	380.94	9.342	12.534	24.69	33.13	500.5	1699	6	100.6	5.15	0.0289	1.0	-0.22	2.74	1.00	0.00	0.16	111115
116	"05:04:07"	20180721	202	0	14.8	0.157	214	2.7	1.79	24.31	6	1.42	1	2.84	28.05	24.31	30.02	399.92	380.93	9.341	12.535	24.69	33.13	500.5	1699	6	100.6	5.15	0.0289	1.0	-0.22	2.74	1.00	0.00	0.16	111115
117	"05:04:08"	20180721	202	0	14.8	0.157	214	2.7	1.79	24.31	6	1.42	1	2.84	28.05	24.31	30.02	399.95	380.92	9.341	12.536	24.69	33.13	500.5	1699	6	100.6	5.15	0.0289	1.0	-0.22	2.74	1.00	0.00	0.16	111115
118	"05:04:08"	20180721	202	0	14.9	0.157	213	2.7	1.79	24.31	6	1.42	1	2.84	28.05	24.31	30.02	399.99	380.91	9.341	12.538	24.69	33.14	500.5	1699	6	100.6	5.15	0.0289	1.0	-0.22	2.74	1.00	0.00	0.16	111115
119	"05:04:09"	20180721	202	0	14.9	0.157	213	2.7	1.79	24.31	6	1.42	1	2.84	28.05	24.31	30.02	400.01	380.91	9.340	12.539	24.68	33.14	500.5	1699	6	100.6	5.15	0.0289	1.0	-0.22	2.74	1.00	0.00	0.16	111115
120	"05:04:09"	20180721	202	0	14.9	0.157	213	2.7	1.79	24.31	6	1.42	1	2.84	28.05	24.31	30.02	400.02	380.93	9.341	12.538	24.68	33.13	500.5	1699	6	100.6	5.15	0.0289	1.0	-0.22	2.74	1.00	0.00	0.16	111115
121	"05:04:10"	20180721	202	0	14.9	0.157	213	2.7	1.79	24.31	6	1.42	1	2.84	28.06	24.31	30.02	400.04	380.94	9.341	12.538	24.68	33.13	500.5	1699	6	100.6	5.15	0.0289	1.0	-0.22	2.74	1.00	0.00	0.16	111115
122	"05:04:10"	20180721	202	0	14.9	0.157	213	2.71	1.79	24.32	6	1.42	1	2.84	28.06	24.32	30.02	400.07	380.96	9.341	12.543	24.68	33.14	500.5	1699	6	100.6	5.15	0.0289	1.0	-0.22	2.74	1.00	0.00	0.16	111115
123	"05:04:11"	20180721	202	0	14.9	0.157	213	2.71	1.79	24.33	6	1.42	1	2.84	28.06	24.33	30.02	400.06	380.96	9.341	12.545	24.68	33.15	500.5	1699	6	100.6	5.15	0.0289	1.0	-0.22	2.74	1.00	0.00	0.16	111115
124	"05:04:11"	20180721	202	0	14.9	0.157	213	2.71	1.79	24.33	6	1.42	1	2.84	28.06	24.33	30.02	400.07	380.94	9.342	12.547	24.68	33.15	500.5	1699	6	100.6	5.15	0.0289	1.0	-0.22	2.74	1.00	0.00	0.16	111115
125	"05:04:12"	20180721	202	0	14.9	0.157	213	2.71	1.79	24.33	6	1.42	1	2.84	28.06	24.33	30.02	400.04	380.94	9.342	12.547	24.68	33.15	500.5	1699	6	100.6	5.15	0.0289	1.0	-0.22	2.74	1.00	0.00	0.16	111115
126	"05:04:12"	20180721	202	0	14.9	0.157	213	2.71	1.79	24.33	6	1.42	1	2.84	28.06	24.33	30.02	400.01	380.91	9.342	12.546	24.68	33.14	500.5	1699	6	100.6	5.15	0.0289	1.0	-0.22	2.74	1.00	0.00	0.16	111115
127	"05:04:13"	20180721	202	0	14.9	0.157	213	2.71	1.79	24.33	6	1.42	1	2.84	28.06	24.33	30.02	400.01	380.88	9.342	12.546	24.68	33.14	500.5	1699	6	100.6	5.15	0.0289	1.0	-0.22	2.74	1.00	0.00	0.16	111115
128	"05:04:13"	20180721	202	0	14.9	0.157	213	2.71	1.79	24.33	6	1.42	1	2.84	28.06	24.33	30.03	400.04	380.89	9.342	12.546	24.68	33.14	500.5	1699	6	100.6	5.15	0.0289	1.0	-0.22	2.74	1.00	0.00	0.16	111115
129	"05:04:14"	20180721	202	0	15	0.157	212	2.71	1.79	24.33	6	1.42	1	2.84	28.06	24.33	30.03	400.06	380.89	9.342	12.546	24.67	33.14	500.6	1699	6	100.6	5.15	0.0289	1.0	-0.22	2.74	1.00	0.00	0.16	111115
130	"05:04:14"	20180721	202	0	15	0.157	212	2.71	1.79	24.33	6	1.42	1	2.84	28.06	24.33	30.03	400.10	380.89	9.341	12.543	24.67	33.13	500.6	1699	6	100.6	5.15	0.0289	1.0	-0.22	2.74	1.00	0.00	0.16	111115
131	"05:04:15"	20180721	202	0	15	0.157	212	2.7	1.79	24.32	6	1.42	1	2.84	28.07	24.32	30.03	400.14	380.89	9.341	12.541	24.67	33.12	500.6	1699	6	100.6	5.15	0.0289	1.0	-0.22	2.74	1.00	0.00	0.16	111115
"05:04:58 Coolers: Tblock -> 35.00 C"
"05:06:30 Flow: Fixed -> 500 umol/s"
132	"05:06:38"	20180721	202	0	14.6	0.15	208	2.96	2.05	25.80	6	1.42	1	2.84	31.80	25.80	35.10	399.86	381.03	9.309	12.808	19.84	27.29	500.6	1699	5	100.6	5.15	0.0289	1.0	-0.22	2.74	1.00	0.00	0.16	111115
133	"05:06:38"	20180721	202	0	14.6	0.15	208	2.96	2.05	25.80	6	1.42	1	2.84	31.80	25.80	35.10	399.90	381.01	9.309	12.810	19.83	27.29	500.6	1699	5	100.6	5.15	0.0289	1.0	-0.22	2.74	1.00	0.00	0.16	111115
134	"05:06:39"	20180721	202	0	14.6	0.15	208	2.96	2.05	25.80	6	1.42	1	2.84	31.80	25.80	35.10	399.90	381.01	9.309	12.810	19.83	27.29	500.6	1699	5	100.6	5.15	0.0289	1.0	-0.22	2.74	1.00	0.00	0.16	111115
135	"05:06:39"	20180721	202	0	14.7	0.15	207	2.96	2.05	25.81	6	1.42	1	2.84	31.81	25.81	35.11	399.96	381.00	9.309	12.813	19.83	27.29	500.6	1699	5	100.6	5.15	0.0289	1.0	-0.22	2.74	1.00	0.00	0.16	111115
136	"05:06:40"	20180721	202	0	14.7	0.15	207	2.96	2.05	25.81	6	1.42	1	2.84	31.82	25.81	35.11	399.98	381.04	9.309	12.814	19.82	27.28	500.6	1699	5	100.6	5.15	0.0289	1.0	-0.22	2.74	1.00	0.00	0.16	111115
137	"05:06:40"	20180721	202	0	14.7	0.15	207	2.96	2.05	25.82	6	1.42	1	2.84	31.82	25.82	35.11	399.98	381.05	9.308	12.815	19.81	27.27	500.6	1699	5	100.6	5.15	0.0289	1.0	-0.22	2.74	1.00	0.00	0.16	111115
138	"05:06:41"	20180721	202	0	14.6	0.15	208	2.97	2.05	25.83	6	1.42	1	2.84	31.83	25.83	35.11	399.98	381.08	9.307	12.816	19.80	27.27	500.6	1699	5	100.6	5.15	0.0289	1.0	-0.22	2.74	1.00	0.00	0.16	111115
139	"05:06:41"	20180721	202	0	14.6	0.15	208	2.97	2.05	25.83	6	1.42	1	2.84	31.83	25.83	35.11	399.97	381.08	9.308	12.817	19.80	27.26	500.6	1699	5	100.6	5.15	0.0289	1.0	-0.22	2.74	1.00	0.00	0.16	111115
140	"05:06:42"	20180721	202	0	14.6	0.149	208	2.97	2.05	25.84	6	1.42	1	2.84	31.84	25.84	35.11	399.93	381.08	9.308	12.817	19.79	27.25	500.6	1699	5	100.6	5.15	0.0289	1.0	-0.22	2.74	1.00	0.00	0.16	111115
141	"05:06:42"	20180721	202	0	14.6	0.149	209	2.97	2.05	25.85	6	1.42	1	2.84	31.84	25.85	35.11	399.90	381.10	9.309	12.820	19.79	27.25	500.5	1699	5	100.6	5.15	0.0289	1.0	-0.22	2.74	1.00	0.00	0.16	111115
142	"05:06:43"	20180721	202	0	14.6	0.149	209	2.97	2.05	25.85	6	1.42	1	2.84	31.84	25.85	35.11	399.90	381.10	9.309	12.820	19.79	27.25	500.5	1699	5	100.6	5.15	0.0289	1.0	-0.22	2.74	1.00	0.00	0.16	111115
143	"05:06:43"	20180721	202	0	14.5	0.149	209	2.97	2.06	25.85	6	1.42	1	2.84	31.85	25.85	35.11	399.88	381.11	9.310	12.819	19.78	27.24	500.6	1699	5	100.6	5.15	0.0289	1.0	-0.22	2.74	1.00	0.00	0.16	111115
144	"05:06:44"	20180721	202	0	14.5	0.149	209	2.97	2.06	25.86	6	1.42	1	2.84	31.85	25.86	35.11	399.86	381.10	9.309	12.819	19.78	27.23	500.5	1699	5	100.6	5.15	0.0289	1.0	-0.22	2.74	1.00	0.00	0.16	111115
145	"05:06:44"	20180721	202	0	14.5	0.149	208	2.97	2.06	25.86	6	1.42	1	2.84	31.86	25.86	35.11	399.86	381.08	9.310	12.819	19.77	27.22	500.5	1699	5	100.6	5.15	0.0289	1.0	-0.22	2.74	1.00	0.00	0.16	111115
146	"05:06:45"	20180721	202	0	14.5	0.149	208	2.97	2.06	25.87	6	1.42	1	2.84	31.86	25.87	35.11	399.87	381.09	9.310	12.821	19.77	27.22	500.5	1699	5	100.6	5.15	0.0289	1.0	-0.22	2.74	1.00	0.00	0.16	111115
147	"05:06:45"	20180721	202	0	14.5	0.149	208	2.97	2.06	25.88	6	1.42	1	2.84	31.87	25.88	35.11	399.87	381.08	9.311	12.823	19.76	27.21	500.5	1699	5	100.6	5.15	0.0289	1.0	-0.22	2.74	1.00	0.00	0.16	111115
148	"05:06:46"	20180721	202	0	14.6	0.149	208	2.97	2.06	25.90	6	1.42	1	2.84	31.88	25.90	35.12	399.88	381.07	9.311	12.826	19.75	27.21	500.5	1699	5	100.6	5.15	0.0289	1.0	-0.22	2.74	1.00	0.00	0.16	111115
149	"05:06:46"	20180721	202	0	14.6	0.149	207	2.97	2.07	25.91	6	1.42	1	2.84	31.88	25.91	35.12	399.93	381.05	9.312	12.828	19.75	27.21	500.5	1699	5	100.6	5.15	0.0289	1.0	-0.22	2.74	1.00	0.00	0.16	111115
150	"05:06:47"	20180721	202	0	14.6	0.148	206	2.97	2.07	25.93	6	1.42	1	2.84	31.89	25.93	35.12	399.95	381.04	9.311	12.825	19.74	27.19	500.5	1699	5	100.6	5.15	0.0289	1.0	-0.22	2.74	1.00	0.00	0.16	111115
151	"05:06:47"	20180721	202	0	14.6	0.148	206	2.97	2.07	25.95	6	1.42	1	2.84	31.90	25.95	35.12	399.96	381.05	9.311	12.827	19.73	27.18	500.5	1699	4	100.6	5.15	0.0289	1.0	-0.22	2.74	1.00	0.00	0.16	111115
152	"05:06:48"	20180721	202	0	14.6	0.148	206	2.97	2.08	25.96	6	1.42	1	2.84	31.91	25.96	35.12	399.96	381.06	9.311	12.829	19.72	27.17	500.6	1699	4	100.6	5.15	0.0289	1.0	-0.22	2.74	1.00	0.00	0.16	111115
153	"05:06:48"	20180721	202	0	14.6	0.148	206	2.97	2.08	25.96	6	1.42	1	2.84	31.91	25.96	35.12	399.96	381.06	9.311	12.830	19.71	27.16	500.6	1699	5	100.6	5.15	0.0289	1.0	-0.22	2.74	1.00	0.00	0.16	111115
154	"05:06:49"	20180721	202	0	14.6	0.148	206	2.97	2.08	25.97	6	1.42	1	2.84	31.92	25.97	35.12	399.96	381.06	9.311	12.830	19.71	27.16	500.6	1699	5	100.6	5.15	0.0289	1.0	-0.22	2.74	1.00	0.00	0.16	111115
"05:07:20 Coolers: Tblock -> 40.00 C"
"05:11:13 Flow: Fixed -> 500 umol/s"
155	"05:11:24"	20180721	202	0	13.9	0.111	161	3.44	3.14	30.91	6	1.42	1	2.84	36.72	30.91	40.06	399.86	381.68	9.318	13.383	15.10	21.69	500.5	1700	5	100.6	5.15	0.0289	1.0	-0.22	2.74	1.00	0.00	0.16	111115
156	"05:11:25"	20180721	202	0	13.9	0.111	161	3.44	3.14	30.91	6	1.42	1	2.84	36.72	30.91	40.06	399.86	381.68	9.318	13.383	15.10	21.69	500.5	1700	5	100.6	5.15	0.0289	1.0	-0.22	2.74	1.00	0.00	0.16	111115
157	"05:11:25"	20180721	202	0	13.8	0.111	162	3.44	3.14	30.91	6	1.42	1	2.84	36.72	30.91	40.06	399.85	381.68	9.317	13.383	15.10	21.68	500.5	1700	5	100.6	5.15	0.0289	1.0	-0.22	2.74	1.00	0.00	0.16	111115
158	"05:11:26"	20180721	202	0	13.9	0.111	161	3.44	3.14	30.92	6	1.42	1	2.84	36.72	30.92	40.06	399.89	381.69	9.317	13.384	15.09	21.68	500.5	1700	5	100.6	5.15	0.0289	1.0	-0.22	2.74	1.00	0.00	0.16	111115
159	"05:11:26"	20180721	202	0	13.9	0.111	160	3.44	3.14	30.92	6	1.42	1	2.84	36.73	30.92	40.06	399.92	381.65	9.316	13.382	15.09	21.68	500.5	1700	5	100.6	5.15	0.0289	1.0	-0.22	2.74	1.00	0.00	0.16	111115
160	"05:11:27"	20180721	202	0	14	0.111	160	3.44	3.15	30.93	6	1.42	1	2.84	36.73	30.93	40.06	399.95	381.65	9.317	13.380	15.09	21.67	500.5	1700	5	100.6	5.15	0.0289	1.0	-0.22	2.74	1.00	0.00	0.16	111115
161	"05:11:27"	20180721	202	0	13.9	0.111	160	3.44	3.15	30.93	6	1.42	1	2.84	36.73	30.93	40.06	399.92	381.67	9.317	13.380	15.09	21.67	500.6	1700	5	100.6	5.15	0.0289	1.0	-0.22	2.74	1.00	0.00	0.16	111115
162	"05:11:28"	20180721	202	0	13.9	0.111	161	3.43	3.15	30.94	6	1.42	1	2.84	36.73	30.94	40.06	399.92	381.73	9.317	13.378	15.09	21.66	500.5	1700	5	100.6	5.15	0.0289	1.0	-0.22	2.74	1.00	0.00	0.16	111115
163	"05:11:28"	20180721	202	0	13.8	0.111	161	3.43	3.15	30.94	6	1.42	1	2.84	36.74	30.94	40.06	399.90	381.75	9.317	13.379	15.08	21.66	500.5	1700	6	100.6	5.15	0.0289	1.0	-0.22	2.74	1.00	0.00	0.16	111115
164	"05:11:29"	20180721	202	0	13.8	0.111	162	3.43	3.15	30.95	6	1.42	1	2.84	36.74	30.95	40.06	399.89	381.78	9.317	13.379	15.08	21.66	500.6	1700	6	100.6	5.15	0.0289	1.0	-0.22	2.74	1.00	0.00	0.16	111115
165	"05:11:29"	20180721	202	0	13.8	0.11	162	3.43	3.15	30.96	6	1.42	1	2.84	36.74	30.96	40.06	399.87	381.80	9.317	13.375	15.08	21.65	500.6	1700	6	100.6	5.15	0.0289	1.0	-0.22	2.74	1.00	0.00	0.16	111115
166	"05:11:30"	20180721	202	0	13.7	0.11	162	3.43	3.16	30.96	6	1.42	1	2.84	36.74	30.96	40.06	399.84	381.80	9.316	13.372	15.08	21.64	500.6	1700	6	100.6	5.15	0.0289	1.0	-0.22	2.74	1.00	0.00	0.16	111115
167	"05:11:30"	20180721	202	0	13.7	0.11	162	3.43	3.16	30.97	6	1.42	1	2.84	36.74	30.97	40.06	399.77	381.80	9.317	13.369	15.08	21.64	500.6	1700	6	100.6	5.15	0.0289	1.0	-0.22	2.74	1.00	0.00	0.16	111115
168	"05:11:31"	20180721	202	0	13.6	0.11	163	3.43	3.16	30.97	6	1.42	1	2.84	36.74	30.97	40.06	399.68	381.80	9.316	13.371	15.08	21.64	500.6	1700	6	100.6	5.15	0.0289	1.0	-0.22	2.74	1.00	0.00	0.16	111115
169	"05:11:31"	20180721	202	0	13.6	0.11	164	3.43	3.16	30.97	6	1.42	1	2.84	36.75	30.97	40.06	399.65	381.78	9.317	13.372	15.07	21.64	500.6	1700	6	100.6	5.15	0.0289	1.0	-0.22	2.74	1.00	0.00	0.16	111115
170	"05:11:32"	20180721	202	0	13.6	0.11	164	3.43	3.16	30.98	6	1.42	1	2.84	36.75	30.98	40.06	399.59	381.74	9.316	13.371	15.07	21.63	500.6	1700	6	100.6	5.15	0.0289	1.0	-0.22	2.74	1.00	0.00	0.16	111115
171	"05:11:32"	20180721	202	0	13.5	0.11	164	3.42	3.16	30.99	6	1.42	1	2.84	36.75	30.99	40.06	399.54	381.75	9.316	13.366	15.07	21.62	500.6	1700	6	100.6	5.15	0.0289	1.0	-0.22	2.74	1.00	0.00	0.16	111115
172	"05:11:33"	20180721	202	0	13.5	0.11	164	3.42	3.16	30.99	6	1.42	1	2.84	36.75	30.99	40.06	399.50	381.72	9.316	13.363	15.07	21.62	500.6	1700	6	100.6	5.15	0.0289	1.0	-0.22	2.74	1.00	0.00	0.16	111115
173	"05:11:33"	20180721	202	0	13.5	0.11	165	3.42	3.16	30.99	6	1.42	1	2.84	36.75	30.99	40.06	399.44	381.72	9.316	13.363	15.07	21.62	500.6	1700	6	100.6	5.15	0.0289	1.0	-0.22	2.74	1.00	0.00	0.16	111115
174	"05:11:34"	20180721	202	0	13.5	0.11	165	3.42	3.16	30.98	6	1.42	1	2.84	36.75	30.98	40.06	399.38	381.68	9.317	13.363	15.07	21.62	500.6	1700	5	100.6	5.15	0.0289	1.0	-0.22	2.74	1.00	0.00	0.16	111115
175	"05:11:34"	20180721	202	0	13.5	0.11	165	3.42	3.16	30.99	6	1.42	1	2.84	36.75	30.99	40.06	399.36	381.65	9.317	13.366	15.07	21.62	500.6	1700	5	100.6	5.15	0.0289	1.0	-0.22	2.74	1.00	0.00	0.16	111115
176	"05:11:35"	20180721	202	0	13.5	0.11	164	3.42	3.16	30.99	6	1.42	1	2.84	36.76	30.99	40.06	399.37	381.60	9.316	13.363	15.07	21.61	500.6	1700	5	100.6	5.15	0.0289	1.0	-0.22	2.74	1.00	0.00	0.16	111115
177	"05:11:36"	20180721	202	0	13.5	0.11	164	3.42	3.17	30.99	6	1.42	1	2.84	36.76	30.99	40.06	399.36	381.58	9.316	13.361	15.07	21.61	500.6	1700	5	100.6	5.15	0.0289	1.0	-0.22	2.74	1.00	0.00	0.16	111115
178	"05:11:58"	20180721	202	0	14.1	0.106	147	3.37	3.22	31.19	6	1.42	1	2.84	36.84	31.19	40.08	400.00	381.50	9.311	13.299	14.99	21.41	500.5	1700	5	100.6	5.15	0.0289	1.0	-0.22	2.74	1.00	0.00	0.16	111115
179	"05:11:59"	20180721	202	0	14.1	0.106	147	3.37	3.22	31.19	6	1.42	1	2.84	36.84	31.19	40.08	400.00	381.50	9.311	13.299	14.99	21.41	500.5	1700	5	100.6	5.15	0.0289	1.0	-0.22	2.74	1.00	0.00	0.16	111115
180	"05:11:59"	20180721	202	0	14.2	0.106	147	3.37	3.22	31.19	6	1.42	1	2.84	36.84	31.19	40.08	400.06	381.53	9.311	13.298	14.99	21.41	500.6	1700	5	100.6	5.15	0.0289	1.0	-0.22	2.74	1.00	0.00	0.16	111115
181	"05:12:00"	20180721	202	0	14.2	0.106	147	3.37	3.22	31.19	6	1.42	1	2.84	36.84	31.19	40.08	400.10	381.57	9.311	13.298	14.99	21.40	500.5	1700	5	100.6	5.15	0.0289	1.0	-0.22	2.74	1.00	0.00	0.16	111115
182	"05:12:00"	20180721	202	0	14.1	0.106	147	3.37	3.22	31.19	6	1.42	1	2.84	36.84	31.19	40.08	400.12	381.63	9.311	13.297	14.99	21.40	500.6	1700	5	100.6	5.15	0.0289	1.0	-0.22	2.74	1.00	0.00	0.16	111115
183	"05:12:01"	20180721	202	0	14.1	0.106	148	3.37	3.22	31.19	6	1.42	1	2.84	36.84	31.19	40.08	400.15	381.68	9.312	13.296	14.99	21.40	500.5	1700	5	100.6	5.15	0.0289	0.7	-0.22	2.74	1.00	0.00	0.16	111115
184	"05:12:01"	20180721	202	0	14.1	0.106	148	3.37	3.22	31.19	6	1.42	1	2.84	36.84	31.19	40.08	400.16	381.74	9.311	13.298	14.98	21.40	500.5	1700	5	100.6	5.15	0.0289	0.7	-0.22	2.74	1.00	0.00	0.16	111115
185	"05:12:02"	20180721	202	0	14.1	0.106	148	3.37	3.22	31.20	6	1.42	1	2.84	36.85	31.20	40.08	400.21	381.74	9.312	13.297	14.98	21.40	500.6	1700	5	100.6	5.15	0.0289	0.7	-0.22	2.74	1.00	0.00	0.16	111115
186	"05:12:02"	20180721	202	0	14.1	0.106	148	3.37	3.22	31.20	6	1.42	1	2.84	36.85	31.20	40.08	400.20	381.77	9.312	13.296	14.98	21.39	500.6	1700	5	100.6	5.15	0.0289	0.7	-0.22	2.74	1.00	0.00	0.16	111115
187	"05:12:03"	20180721	202	0	14	0.106	149	3.37	3.23	31.20	6	1.42	1	2.84	36.85	31.20	40.08	400.21	381.85	9.313	13.295	14.98	21.39	500.5	1700	5	100.6	5.15	0.0289	0.7	-0.22	2.74	1.00	0.00	0.16	111115
188	"05:12:03"	20180721	202	0	14	0.106	149	3.36	3.23	31.21	6	1.42	1	2.84	36.85	31.21	40.08	400.23	381.89	9.314	13.294	14.98	21.39	500.5	1700	5	100.6	5.15	0.0289	0.7	-0.22	2.74	1.00	0.00	0.16	111115
189	"05:12:04"	20180721	202	0	14	0.105	149	3.36	3.23	31.21	6	1.42	1	2.84	36.85	31.21	40.08	400.26	381.93	9.314	13.293	14.98	21.38	500.5	1700	5	100.6	5.15	0.0289	0.7	-0.22	2.74	1.00	0.00	0.16	111115
190	"05:12:04"	20180721	202	0	14	0.105	149	3.36	3.23	31.22	6	1.42	1	2.84	36.86	31.22	40.08	400.26	381.95	9.314	13.291	14.98	21.38	500.5	1700	5	100.6	5.15	0.0289	0.7	-0.22	2.74	1.00	0.00	0.16	111115
191	"05:12:05"	20180721	202	0	14	0.105	149	3.36	3.23	31.22	6	1.42	1	2.84	36.86	31.22	40.08	400.27	381.99	9.314	13.290	14.98	21.37	500.5	1700	5	100.6	5.15	0.0289	0.7	-0.22	2.74	1.00	0.00	0.16	111115
192	"05:12:06"	20180721	202	0	14	0.105	149	3.36	3.23	31.22	6	1.42	1	2.84	36.86	31.22	40.08	400.29	381.98	9.315	13.287	14.98	21.36	500.5	1700	5	100.6	5.15	0.0289	0.7	-0.22	2.74	1.00	0.00	0.16	111115
193	"05:12:06"	20180721	202	0	13.9	0.105	150	3.35	3.23	31.23	6	1.42	1	2.84	36.86	31.23	40.09	400.27	382.08	9.315	13.283	14.98	21.36	500.5	1700	5	100.6	5.15	0.0289	0.7	-0.22	2.74	1.00	0.00	0.16	111115
194	"05:12:07"	20180721	202	0	13.9	0.105	150	3.35	3.23	31.23	6	1.42	1	2.84	36.86	31.23	40.08	400.26	382.08	9.315	13.283	14.98	21.35	500.5	1700	5	100.6	5.15	0.0289	0.7	-0.22	2.74	1.00	0.00	0.16	111115
195	"05:12:07"	20180721	202	0	13.9	0.105	150	3.35	3.24	31.23	6	1.42	1	2.84	36.86	31.23	40.08	400.26	382.11	9.315	13.282	14.97	21.35	500.5	1700	5	100.6	5.15	0.0289	0.7	-0.22	2.74	1.00	0.00	0.16	111115
196	"05:12:08"	20180721	202	0	13.8	0.105	150	3.35	3.24	31.24	6	1.42	1	2.84	36.87	31.24	40.08	400.25	382.15	9.316	13.279	14.97	21.35	500.5	1700	5	100.6	5.15	0.0289	0.7	-0.22	2.74	1.00	0.00	0.16	111115
197	"05:12:08"	20180721	202	0	13.9	0.105	150	3.35	3.24	31.24	6	1.42	1	2.84	36.87	31.24	40.08	400.27	382.13	9.315	13.276	14.97	21.34	500.5	1700	5	100.6	5.15	0.0289	0.7	-0.22	2.74	1.00	0.00	0.16	111115
198	"05:12:09"	20180721	202	0	13.8	0.105	150	3.35	3.24	31.25	6	1.42	1	2.84	36.87	31.25	40.08	400.27	382.15	9.314	13.275	14.97	21.34	500.5	1700	5	100.6	5.15	0.0289	0.7	-0.22	2.74	1.00	0.00	0.16	111115
199	"05:12:09"	20180721	202	0	13.7	0.105	151	3.35	3.24	31.26	6	1.42	1	2.84	36.87	31.26	40.08	400.22	382.23	9.314	13.275	14.97	21.34	500.5	1700	5	100.6	5.15	0.0289	0.7	-0.22	2.74	1.00	0.00	0.16	111115
200	"05:12:10"	20180721	202	0	13.7	0.104	152	3.35	3.24	31.26	6	1.42	1	2.84	36.87	31.26	40.08	400.16	382.22	9.313	13.271	14.97	21.33	500.5	1700	5	100.6	5.15	0.0289	0.7	-0.22	2.74	1.00	0.00	0.16	111115
201	"05:12:58"	20180721	202	0	13.6	0.0975	139	3.22	3.34	31.56	6	1.42	1	2.84	36.97	31.56	40.09	400.07	382.31	9.315	13.128	14.89	20.98	500.5	1699	6	100.6	5.15	0.0289	1.0	-0.22	2.74	1.00	0.00	0.16	111115
202	"05:12:58"	20180721	202	0	13.6	0.0975	139	3.22	3.34	31.56	6	1.42	1	2.84	36.97	31.56	40.09	400.07	382.31	9.315	13.128	14.89	20.98	500.5	1699	6	100.6	5.15	0.0289	1.0	-0.22	2.74	1.00	0.00	0.16	111115
203	"05:12:59"	20180721	202	0	13.6	0.0975	139	3.22	3.34	31.56	6	1.42	1	2.84	36.97	31.56	40.09	400.06	382.31	9.315	13.126	14.89	20.98	500.5	1699	6	100.6	5.15	0.0289	1.0	-0.22	2.74	1.00	0.00	0.16	111115
204	"05:12:59"	20180721	202	0	13.6	0.0974	139	3.22	3.34	31.56	6	1.42	1	2.84	36.97	31.56	40.09	400.03	382.28	9.314	13.123	14.88	20.97	500.6	1699	5	100.6	5.15	0.0289	0.7	-0.22	2.74	1.00	0.00	0.16	111115
205	"05:13:00"	20180721	202	0	13.6	0.0974	138	3.22	3.34	31.56	6	1.42	1	2.84	36.98	31.56	40.09	400.02	382.26	9.314	13.123	14.88	20.97	500.5	1699	5	100.6	5.15	0.0289	0.7	-0.22	2.74	1.00	0.00	0.16	111115
206	"05:13:01"	20180721	202	0	13.6	0.0974	138	3.22	3.34	31.56	6	1.42	1	2.84	36.98	31.56	40.09	400.05	382.24	9.314	13.121	14.88	20.96	500.5	1699	5	100.6	5.15	0.0289	0.7	-0.22	2.74	1.00	0.00	0.16	111115
207	"05:13:01"	20180721	202	0	13.6	0.0972	137	3.21	3.34	31.56	6	1.42	1	2.84	36.98	31.56	40.09	400.06	382.23	9.315	13.118	14.88	20.96	500.5	1699	5	100.6	5.15	0.0289	0.7	-0.22	2.74	1.00	0.00	0.16	111115
208	"05:13:02"	20180721	202	0	13.7	0.0971	136	3.21	3.34	31.57	6	1.42	1	2.84	36.98	31.57	40.09	400.09	382.22	9.315	13.113	14.88	20.95	500.5	1699	5	100.6	5.15	0.0289	0.7	-0.22	2.74	1.00	0.00	0.16	111115
209	"05:13:02"	20180721	202	0	13.7	0.0969	135	3.21	3.34	31.57	6	1.42	1	2.84	36.98	31.57	40.09	400.13	382.22	9.315	13.111	14.88	20.94	500.5	1699	5	100.6	5.15	0.0289	0.7	-0.22	2.74	1.00	0.00	0.16	111115
210	"05:13:03"	20180721	202	0	13.7	0.0969	135	3.21	3.34	31.58	6	1.42	1	2.84	36.98	31.58	40.08	400.15	382.26	9.315	13.111	14.88	20.94	500.5	1699	5	100.6	5.15	0.0289	0.7	-0.22	2.74	1.00	0.00	0.16	111115
211	"05:13:03"	20180721	202	0	13.7	0.0968	135	3.21	3.34	31.58	6	1.42	1	2.84	36.98	31.58	40.08	400.16	382.29	9.315	13.109	14.88	20.94	500.5	1699	5	100.6	5.15	0.0289	0.7	-0.22	2.74	1.00	0.00	0.16	111115
212	"05:13:04"	20180721	202	0	13.7	0.0966	135	3.2	3.35	31.59	6	1.42	1	2.84	36.98	31.59	40.08	400.18	382.31	9.315	13.105	14.88	20.93	500.5	1699	5	100.6	5.15	0.0289	1.0	-0.22	2.74	1.00	0.00	0.16	111115
213	"05:13:05"	20180721	202	0	13.7	0.0966	135	3.2	3.35	31.59	6	1.42	1	2.84	36.99	31.59	40.08	400.17	382.34	9.315	13.103	14.88	20.93	500.5	1699	5	100.6	5.15	0.0289	1.0	-0.22	2.74	1.00	0.00	0.16	111115
214	"05:13:05"	20180721	202	0	13.7	0.0964	135	3.2	3.35	31.60	6	1.42	1	2.84	36.99	31.60	40.08	400.15	382.32	9.314	13.100	14.87	20.92	500.5	1699	5	100.6	5.15	0.0289	1.0	-0.22	2.74	1.00	0.00	0.16	111115
215	"05:13:06"	20180721	202	0	13.6	0.0964	136	3.2	3.35	31.60	6	1.42	1	2.84	36.99	31.60	40.08	400.13	382.37	9.314	13.099	14.87	20.92	500.5	1699	5	100.6	5.15	0.0289	1.0	-0.22	2.74	1.00	0.00	0.16	111115
216	"05:13:06"	20180721	202	0	13.6	0.0964	136	3.2	3.35	31.60	6	1.42	1	2.84	36.99	31.60	40.07	400.12	382.37	9.313	13.098	14.87	20.91	500.5	1699	5	100.6	5.15	0.0289	1.0	-0.22	2.74	1.00	0.00	0.16	111115
217	"05:13:07"	20180721	202	0	13.6	0.0962	135	3.2	3.35	31.60	6	1.42	1	2.84	36.99	31.60	40.08	400.11	382.34	9.314	13.094	14.87	20.90	500.5	1699	6	100.6	5.15	0.0289	1.0	-0.22	2.74	1.00	0.00	0.16	111115
218	"05:13:07"	20180721	202	0	13.6	0.0962	135	3.2	3.35	31.61	6	1.42	1	2.84	36.99	31.61	40.08	400.11	382.35	9.314	13.094	14.87	20.90	500.5	1699	6	100.6	5.15	0.0289	1.0	-0.22	2.74	1.00	0.00	0.16	111115
219	"05:13:08"	20180721	202	0	13.6	0.0962	136	3.19	3.35	31.61	6	1.42	1	2.84	36.99	31.61	40.08	400.09	382.36	9.314	13.093	14.87	20.90	500.5	1699	6	100.6	5.15	0.0289	1.0	-0.22	2.74	1.00	0.00	0.16	111115
220	"05:13:09"	20180721	202	0	13.6	0.0961	136	3.19	3.35	31.61	6	1.42	1	2.84	36.99	31.61	40.08	400.08	382.36	9.314	13.092	14.87	20.90	500.5	1699	6	100.6	5.15	0.0289	1.0	-0.22	2.74	1.00	0.00	0.16	111115
221	"05:13:09"	20180721	202	0	13.6	0.096	135	3.19	3.35	31.61	6	1.42	1	2.84	37.00	31.61	40.08	400.11	382.33	9.314	13.089	14.87	20.89	500.5	1699	6	100.6	5.15	0.0289	1.0	-0.22	2.74	1.00	0.00	0.16	111115
"05:13:36 Coolers: Tblock -> 45.00 C"
"05:23:52 Flow: Fixed -> 500 umol/s"
222	"05:24:03"	20180721	202	0	10.6	0.0463	0.0777	2.2	4.68	35.68	6	1.42	1	2.84	41.73	35.68	45.07	400.09	386.35	9.193	11.796	11.38	14.60	500.5	1699	3	100.6	5.15	0.0289	1.0	-0.22	2.74	1.00	0.00	0.16	111115
223	"05:24:03"	20180721	202	0	10.6	0.0463	0.0777	2.2	4.68	35.68	6	1.42	1	2.84	41.73	35.68	45.07	400.09	386.35	9.193	11.796	11.38	14.60	500.5	1699	3	100.6	5.15	0.0289	1.0	-0.22	2.74	1.00	0.00	0.16	111115
224	"05:24:04"	20180721	202	0	10.6	0.0463	-0.179	2.2	4.68	35.68	6	1.42	1	2.84	41.73	35.68	45.07	400.11	386.36	9.192	11.795	11.38	14.60	500.5	1699	3	100.6	5.15	0.0289	1.0	-0.22	2.74	1.00	0.00	0.16	111115
225	"05:24:04"	20180721	202	0	10.6	0.0463	0.179	2.2	4.68	35.68	6	1.42	1	2.84	41.73	35.68	45.07	400.11	386.38	9.191	11.794	11.38	14.60	500.5	1699	3	100.6	5.15	0.0289	1.0	-0.22	2.74	1.00	0.00	0.16	111115
226	"05:24:05"	20180721	202	0	10.6	0.0464	-0.129	2.2	4.68	35.68	6	1.42	1	2.84	41.73	35.68	45.07	400.12	386.37	9.191	11.795	11.38	14.60	500.5	1699	3	100.6	5.15	0.0289	1.0	-0.22	2.74	1.00	0.00	0.16	111115
227	"05:24:05"	20180721	202	0	10.6	0.0464	1.16	2.2	4.68	35.67	6	1.42	1	2.84	41.73	35.67	45.07	400.08	386.38	9.191	11.794	11.38	14.60	500.5	1699	3	100.6	5.15	0.0289	1.0	-0.22	2.74	1.00	0.00	0.16	111115
228	"05:24:06"	20180721	202	0	10.5	0.0464	2.41	2.2	4.68	35.67	6	1.42	1	2.84	41.74	35.67	45.07	400.07	386.40	9.190	11.793	11.37	14.60	500.4	1699	3	100.6	5.15	0.0289	1.0	-0.22	2.74	1.00	0.00	0.16	111115
229	"05:24:06"	20180721	202	0	10.5	0.0463	3.01	2.2	4.68	35.68	6	1.42	1	2.84	41.74	35.68	45.07	400.04	386.40	9.190	11.793	11.37	14.60	500.5	1699	3	100.6	5.15	0.0289	1.0	-0.22	2.74	1.00	0.00	0.16	111115
230	"05:24:07"	20180721	202	0	10.5	0.0463	3.64	2.2	4.68	35.69	6	1.42	1	2.84	41.74	35.69	45.07	400.00	386.39	9.191	11.795	11.37	14.60	500.5	1699	3	100.6	5.15	0.0289	1.0	-0.22	2.74	1.00	0.00	0.16	111115
231	"05:24:07"	20180721	202	0	10.4	0.0463	5.54	2.2	4.68	35.69	6	1.42	1	2.84	41.74	35.69	45.07	399.91	386.37	9.190	11.794	11.37	14.59	500.5	1699	3	100.6	5.15	0.0289	1.0	-0.22	2.74	1.00	0.00	0.16	111115
232	"05:24:08"	20180721	202	0	10.4	0.0463	7.08	2.2	4.68	35.69	6	1.42	1	2.84	41.74	35.69	45.07	399.82	386.35	9.191	11.793	11.37	14.59	500.5	1699	3	100.6	5.15	0.0289	1.0	-0.22	2.74	1.00	0.00	0.16	111115
233	"05:24:09"	20180721	202	0	10.4	0.0463	8	2.2	4.68	35.69	6	1.42	1	2.84	41.74	35.69	45.07	399.76	386.33	9.192	11.792	11.37	14.59	500.5	1699	3	100.6	5.15	0.0289	1.0	-0.22	2.74	1.00	0.00	0.16	111115
234	"05:24:09"	20180721	202	0	10.3	0.0462	8.64	2.19	4.68	35.70	6	1.42	1	2.84	41.74	35.70	45.07	399.69	386.30	9.193	11.790	11.37	14.59	500.5	1699	3	100.6	5.15	0.0289	1.0	-0.22	2.74	1.00	0.00	0.16	111115
235	"05:24:10"	20180721	202	0	10.3	0.0462	9.07	2.19	4.69	35.70	6	1.42	1	2.84	41.74	35.70	45.07	399.63	386.27	9.192	11.789	11.37	14.59	500.5	1699	3	100.6	5.15	0.0289	1.0	-0.22	2.74	1.00	0.00	0.16	111115
236	"05:24:11"	20180721	202	0	10.2	0.0461	11	2.19	4.69	35.71	6	1.42	1	2.84	41.74	35.71	45.07	399.47	386.20	9.192	11.788	11.37	14.58	500.5	1699	3	100.6	5.15	0.0289	1.0	-0.22	2.74	1.00	0.00	0.16	111115
237	"05:24:11"	20180721	202	0	10.2	0.0461	10.8	2.19	4.69	35.71	6	1.42	1	2.84	41.74	35.71	45.07	399.41	386.15	9.192	11.785	11.37	14.58	500.5	1699	3	100.6	5.15	0.0289	1.0	-0.22	2.74	1.00	0.00	0.16	111115
238	"05:24:11"	20180721	202	0	10.2	0.046	10.8	2.19	4.69	35.71	6	1.42	1	2.84	41.74	35.71	45.07	399.39	386.13	9.193	11.785	11.37	14.58	500.5	1699	3	100.6	5.15	0.0289	1.0	-0.22	2.74	1.00	0.00	0.16	111115
239	"05:24:12"	20180721	202	0	10.2	0.046	10	2.19	4.69	35.72	6	1.42	1	2.84	41.74	35.72	45.06	399.36	386.08	9.192	11.784	11.37	14.58	500.5	1699	3	100.6	5.15	0.0289	1.0	-0.22	2.74	1.00	0.00	0.16	111115
240	"05:24:13"	20180721	202	0	10.2	0.046	9.94	2.19	4.69	35.73	6	1.42	1	2.84	41.74	35.73	45.06	399.32	386.04	9.191	11.785	11.37	14.58	500.5	1699	3	100.6	5.15	0.0289	1.0	-0.22	2.74	1.00	0.00	0.16	111115
241	"05:24:13"	20180721	202	0	10.2	0.046	9.19	2.19	4.7	35.73	6	1.42	1	2.84	41.74	35.73	45.06	399.31	386.01	9.190	11.783	11.37	14.58	500.5	1699	3	100.6	5.15	0.0289	1.0	-0.22	2.74	1.00	0.00	0.16	111115
242	"05:24:14"	20180721	202	0	10.3	0.046	8.38	2.19	4.7	35.74	6	1.42	1	2.84	41.74	35.74	45.06	399.32	385.99	9.190	11.783	11.37	14.58	500.5	1699	3	100.6	5.15	0.0289	1.0	-0.22	2.74	1.00	0.00	0.16	111115
243	"05:24:14"	20180721	202	0	10.3	0.0459	6.71	2.19	4.7	35.74	6	1.42	1	2.84	41.74	35.74	45.06	399.32	385.95	9.191	11.782	11.37	14.58	500.5	1699	4	100.6	5.15	0.0289	0.7	-0.22	2.74	1.00	0.00	0.16	111115
244	"05:24:15"	20180721	202	0	10.3	0.0459	5.54	2.19	4.7	35.73	6	1.42	1	2.84	41.74	35.73	45.06	399.33	385.92	9.191	11.781	11.37	14.58	500.5	1699	4	100.6	5.15	0.0289	0.7	-0.22	2.74	1.00	0.00	0.16	111115
"05:24:30 Lamp: ParIn ->  1700 uml"
"05:24:30 CO2 Mixer: CO2R -> 400 uml"
"05:24:30 Coolers: Tblock -> 45.00 C"
"05:24:30 Flow: Fixed -> 500 umol/s"
"05:24:42 Coolers: Tblock -> 50.00 C"
"05:27:31 Coolers: Tblock -> 49.75 C"
"05:28:07 Flow: Fixed -> 500 umol/s"
245	"05:28:15"	20180721	202	0	10.8	0.0476	4.65	2.23	4.63	35.51	6	1.42	1	2.84	45.60	35.51	49.65	400.21	386.29	9.139	11.781	9.25	11.93	500.4	1700	3	100.6	5.15	0.0289	1.0	-0.22	2.74	1.00	0.00	0.16	111115
246	"05:28:15"	20180721	202	0	10.8	0.0476	4.65	2.23	4.63	35.51	6	1.42	1	2.84	45.60	35.51	49.65	400.21	386.29	9.139	11.781	9.25	11.93	500.4	1700	3	100.6	5.15	0.0289	1.0	-0.22	2.74	1.00	0.00	0.16	111115
247	"05:28:15"	20180721	202	0	10.7	0.0476	6.24	2.23	4.63	35.52	6	1.42	1	2.84	45.60	35.52	49.64	400.18	386.30	9.138	11.782	9.25	11.93	500.4	1700	3	100.6	5.15	0.0289	1.0	-0.22	2.74	1.00	0.00	0.16	111115
248	"05:28:16"	20180721	202	0	10.7	0.0476	5.26	2.23	4.63	35.52	6	1.42	1	2.84	45.59	35.52	49.64	400.17	386.27	9.138	11.781	9.25	11.93	500.4	1700	2	100.6	5.15	0.0289	1.0	-0.22	2.74	1.00	0.00	0.16	111115
249	"05:28:16"	20180721	202	0	10.7	0.0476	5.26	2.23	4.63	35.52	6	1.42	1	2.84	45.59	35.52	49.64	400.17	386.27	9.138	11.781	9.25	11.93	500.4	1700	2	100.6	5.15	0.0289	1.0	-0.22	2.74	1.00	0.00	0.16	111115
250	"05:28:16"	20180721	202	0	10.8	0.0476	3.52	2.23	4.63	35.53	6	1.42	1	2.84	45.59	35.53	49.63	400.19	386.23	9.138	11.780	9.25	11.93	500.4	1700	2	100.6	5.15	0.0289	1.0	-0.22	2.74	1.00	0.00	0.16	111115
251	"05:28:17"	20180721	202	0	10.8	0.0475	3.59	2.23	4.63	35.54	6	1.42	1	2.84	45.59	35.54	49.63	400.19	386.24	9.136	11.780	9.25	11.93	500.4	1700	2	100.6	5.15	0.0289	1.0	-0.22	2.74	1.00	0.00	0.16	111115
252	"05:28:17"	20180721	202	0	10.8	0.0475	2.01	2.23	4.63	35.54	6	1.42	1	2.84	45.59	35.54	49.63	400.23	386.22	9.136	11.780	9.25	11.93	500.4	1700	2	100.6	5.15	0.0289	1.0	-0.22	2.74	1.00	0.00	0.16	111115
253	"05:28:18"	20180721	202	0	10.8	0.0475	0.617	2.23	4.64	35.55	6	1.42	1	2.84	45.59	35.55	49.62	400.26	386.22	9.135	11.778	9.25	11.93	500.4	1700	2	100.6	5.15	0.0289	1.0	-0.22	2.74	1.00	0.00	0.16	111115
254	"05:28:18"	20180721	202	0	10.8	0.0475	0.617	2.23	4.64	35.55	6	1.42	1	2.84	45.59	35.55	49.62	400.26	386.22	9.135	11.778	9.25	11.93	500.4	1700	2	100.6	5.15	0.0289	1.0	-0.22	2.74	1.00	0.00	0.16	111115
255	"05:28:18"	20180721	202	0	10.9	0.0474	-0.307	2.23	4.64	35.55	6	1.42	1	2.84	45.59	35.55	49.62	400.28	386.22	9.136	11.776	9.25	11.93	500.4	1700	3	100.6	5.15	0.0289	1.0	-0.22	2.74	1.00	0.00	0.16	111115
256	"05:28:19"	20180721	202	0	10.9	0.0475	0.0639	2.23	4.64	35.55	6	1.42	1	2.84	45.59	35.55	49.61	400.29	386.21	9.134	11.779	9.25	11.93	500.4	1700	3	100.6	5.15	0.0289	1.0	-0.22	2.74	1.00	0.00	0.16	111115
257	"05:28:19"	20180721	202	0	11	0.0475	-2.78	2.23	4.64	35.55	6	1.42	1	2.84	45.59	35.55	49.61	400.34	386.17	9.134	11.778	9.25	11.93	500.5	1700	3	100.6	5.15	0.0289	1.0	-0.22	2.74	1.00	0.00	0.16	111115
258	"05:28:20"	20180721	202	0	10.9	0.0474	-0.652	2.23	4.65	35.58	6	1.42	1	2.84	45.59	35.58	49.60	400.32	386.24	9.135	11.780	9.25	11.93	500.4	1700	3	100.6	5.15	0.0289	1.0	-0.22	2.74	1.00	0.00	0.16	111115
259	"05:28:20"	20180721	202	0	10.9	0.0474	-0.652	2.23	4.65	35.58	6	1.42	1	2.84	45.59	35.58	49.60	400.32	386.24	9.135	11.780	9.25	11.93	500.4	1700	3	100.6	5.15	0.0289	1.0	-0.22	2.74	1.00	0.00	0.16	111115
260	"05:28:20"	20180721	202	0	10.9	0.0475	-0.192	2.24	4.65	35.59	6	1.42	1	2.84	45.59	35.59	49.60	400.31	386.24	9.134	11.784	9.25	11.94	500.5	1700	3	100.6	5.15	0.0289	1.0	-0.22	2.74	1.00	0.00	0.16	111115
261	"05:28:21"	20180721	202	0	10.9	0.0474	-1.3	2.23	4.65	35.61	6	1.42	1	2.84	45.59	35.61	49.59	400.31	386.23	9.135	11.782	9.25	11.93	500.5	1700	3	100.6	5.15	0.0289	1.0	-0.22	2.74	1.00	0.00	0.16	111115
262	"05:28:21"	20180721	202	0	10.8	0.0473	0.845	2.23	4.66	35.62	6	1.42	1	2.84	45.58	35.62	49.59	400.26	386.27	9.135	11.781	9.25	11.93	500.5	1700	3	100.6	5.15	0.0289	1.0	-0.22	2.74	1.00	0.00	0.16	111115
263	"05:28:21"	20180721	202	0	10.8	0.0473	0.845	2.23	4.66	35.62	6	1.42	1	2.84	45.58	35.62	49.59	400.26	386.27	9.135	11.781	9.25	11.93	500.5	1700	3	100.6	5.15	0.0289	1.0	-0.22	2.74	1.00	0.00	0.16	111115
264	"05:28:22"	20180721	202	0	10.8	0.0474	2.63	2.24	4.66	35.62	6	1.42	1	2.84	45.58	35.62	49.58	400.23	386.29	9.134	11.785	9.25	11.94	500.5	1700	3	100.6	5.15	0.0289	1.0	-0.22	2.74	1.00	0.00	0.16	111115
265	"05:28:22"	20180721	202	0	10.7	0.0474	4.34	2.24	4.66	35.63	6	1.42	1	2.84	45.58	35.63	49.58	400.19	386.30	9.134	11.785	9.25	11.94	500.5	1700	3	100.6	5.15	0.0289	1.0	-0.22	2.74	1.00	0.00	0.16	111115
266	"05:28:23"	20180721	202	0	10.7	0.0473	4.15	2.24	4.66	35.63	6	1.42	1	2.84	45.58	35.63	49.57	400.18	386.31	9.134	11.783	9.25	11.94	500.5	1700	3	100.6	5.15	0.0289	1.0	-0.22	2.74	1.00	0.00	0.16	111115
267	"05:28:23"	20180721	202	0	10.7	0.0473	4.57	2.24	4.66	35.63	6	1.42	1	2.84	45.58	35.63	49.57	400.18	386.32	9.134	11.783	9.25	11.94	500.5	1700	3	100.6	5.15	0.0289	1.0	-0.22	2.74	1.00	0.00	0.16	111115
268	"05:28:24"	20180721	202	0	10.7	0.0474	4.2	2.24	4.66	35.61	6	1.42	1	2.84	45.58	35.61	49.56	400.21	386.33	9.134	11.782	9.25	11.94	500.5	1700	3	100.6	5.15	0.0289	1.0	-0.22	2.74	1.00	0.00	0.16	111115
269	"05:28:24"	20180721	202	0	10.7	0.0474	4.2	2.24	4.66	35.61	6	1.42	1	2.84	45.58	35.61	49.56	400.21	386.33	9.134	11.782	9.25	11.94	500.5	1700	3	100.6	5.15	0.0289	1.0	-0.22	2.74	1.00	0.00	0.16	111115
270	"05:28:24"	20180721	202	0	10.8	0.0474	3.36	2.23	4.65	35.59	6	1.42	1	2.84	45.58	35.59	49.56	400.24	386.32	9.133	11.779	9.25	11.94	500.5	1700	3	100.6	5.15	0.0289	1.0	-0.22	2.74	1.00	0.00	0.16	111115
271	"05:28:25"	20180721	202	0	10.7	0.0474	3.31	2.23	4.66	35.61	6	1.42	1	2.84	45.58	35.61	49.55	400.24	386.32	9.133	11.780	9.26	11.94	500.5	1700	3	100.6	5.15	0.0289	1.0	-0.22	2.74	1.00	0.00	0.16	111115
272	"05:28:25"	20180721	202	0	10.7	0.0474	3.25	2.23	4.66	35.61	6	1.42	1	2.84	45.57	35.61	49.55	400.25	386.33	9.132	11.779	9.25	11.94	500.5	1700	3	100.6	5.15	0.0289	1.0	-0.22	2.74	1.00	0.00	0.16	111115
273	"05:28:26"	20180721	202	0	10.8	0.0473	2.8	2.23	4.66	35.61	6	1.42	1	2.84	45.57	35.61	49.54	400.26	386.33	9.133	11.778	9.26	11.94	500.5	1700	3	100.6	5.15	0.0289	1.0	-0.22	2.74	1.00	0.00	0.16	111115
