"OPEN 6.3.3"
"Tue Jul 24 2018 08:54:35"
<open><version>"6.3.3"</version></open>
<open><configfile>"/User/Configs/UserPrefs/2x3 LED.xml"</configfile></open>
<open><light><source>"6400-02 or -02B LED Source"</source><par_in>1<sensor>"SI-4027"<cal>-1.00<actinity>1.00</actinity><transm>1.00</transm></cal></sensor><transm>1</transm></par_in><par_out>1<sensor>"Q51318"<cal>6.49</cal></sensor></par_out></light></open>
<open><comps><file>"/User/Configs/Comps/StdComps_6.3"<header>""</header><extras></extras></file><energybal>no<f_parIn>1</f_parIn><f_parOut>0</f_parOut><alphaK>0.16</alphaK></energybal><bc_total>2.840<stomatal_ratio>1</stomatal_ratio><bc_oneside>1.420<type>2</type><table>"/Sys/Lib/StdBLCTable"</table><area>6</area><slope>-0.219565</slope><offset>2.73739</offset><fan>5</fan></bc_oneside></bc_total></comps></open>
<open><prompts><onlog>off</onlog><items>"Default (none)"</items></prompts></open>
<open><constants><oxygen>21 %</oxygen><bb_vapor>1.5</bb_vapor><bb_oxy>0.9</bb_oxy></constants></open>
<open><stability><items>"Std Stability"<items[1]><id>-2</id><size>15</size><pcv><onoff>0</onoff><value>1</value></pcv><std><onoff>0</onoff><value>1</value></std><slp><onoff>1</onoff><value>1</value></slp></items[1]><items[2]><id>-5</id><size>15</size><pcv><onoff>0</onoff><value>1</value></pcv><std><onoff>0</onoff><value>1</value></std><slp><onoff>1</onoff><value>1</value></slp></items[2]><items[3]><id>-7</id><size>15</size><pcv><onoff>0</onoff><value>1</value></pcv><std><onoff>0</onoff><value>1</value></std><slp><onoff>1</onoff><value>1</value></slp></items[3]></items></stability></open>
<open><log><format>"StdLogFmt_6.3"<items>{ -35 -21 -36 -76 30 23 36 21 25 221 -33 111 -34 11 -9 -10 -8 -1 -2 -4 -5 -14 -15 -7 -12 -13 -11 -65 -66 -117 -119 -116 -118 -72 -18 -19 -77 -78 -79 -23  }<hdr>{  }</hdr></items></format><options><beep>on</beep><match>"never"<time>30</time><co2>100</co2><delta>10</delta></match><hdr>normal</hdr><rem>normal</rem><stab>no</stab><stats>no<mean>no</mean><file>no</file><period>15</period></stats><excel>yes</excel><controls>yes</controls><comm>no</comm></options><datafile>"/User/0000-AAM0751-240718"</datafile><button><action>"Normal Log"<code>" LogOneObsManual "</code></action></button><autoprog>"/User/Configs/AutoProgs/AutoLog2"<active>no</active></autoprog></log></open>
<open><a2d><avgtime>4.0 secs</avgtime><userchans><ch20>"Off"</ch20><ch21>"Off"</ch21><ch22>"Off"</ch22><ch23>"Off"</ch23></userchans></a2d></open>
<open><matching><type>0</type><disp>'a'</disp><settings>><CO2Limit>10.0</CO2Limit><H2OLimit>1.0</H2OLimit><MaxAutoTime>60</MaxAutoTime><AverageTime>10</AverageTime></settings></matching></open>
<li6400><factory><unit>"PSC-4123"</unit><serviced>"19.01.2017"</serviced><fuseaware>0</fuseaware><co2mixer>yes</co2mixer><co2><coeffs>{ 0 0.219912 1.60869e-05 2.42627e-08 -3.602e-12 2.3711e-16  }</coeffs><dvdt>-4.1</dvdt><xs>{ -0.00117 -1.14e-05  }</xs></co2><h2o><coeffs>{ 0 0.00612804 1.69186e-06 1.49192e-10  }</coeffs><dvdt>-2.5</dvdt><xs>{ -0.000351 -0.00239  }</xs></h2o><flow>{ 0 0.3738  }</flow><press>{ 87.734 0.00547  }</press></factory></li6400>
<li6400><user><flow_zero>-976.9</flow_zero><irga_zero><co2>-79.5 -79.5<at>32.3675</at></co2><h2o>37.6 -1.4<at>33.9874</at></h2o></irga_zero><irga_span><co2>{ 0.985904 0.986618  }</co2><h2o>{ 1.00683 0.993449  }</h2o></irga_span><irga_match><co2>{ -1.70314 -0.0433487  }</co2><h2o>{ -0.0708174 -0.137185  }</h2o></irga_match><co2_mixer><pump_mv>4500</pump_mv><ppm>{ 2330.31 1136.88 449.46 273.386 125.406 73.118 48.0557 40.3927  }</ppm><mv>{ 5000 3000 1500 1000 500 300 200 100  }</mv></co2_mixer><parin_offset>0</parin_offset><led_cal><unit>"SI-4027"</unit><mv>{ 10 25 50 100 1000 2000 3000 4000 5000  }</mv><qntm>{ 3.39689 11.1502 23.8626 52.4799 561.717 1093.55 1598.71 2081.76 2538.89  }</qntm></led_cal><lcf_cal><unit>"unknown"</unit><red><mv>{ 50 100 500 1000 1500 5000  }</mv><qntm>{ 50 100 500 1000 2000 5000  }</qntm></red><blue><mv>{ 100 200 500 1000 2000 5000  }</mv><qntm>{ 10 20 50 100 200 500  }</qntm></blue></lcf_cal></user></li6400>
"08:54:40 "
$STARTOFDATA$
"Obs"	"HHMMSS"	"FTime"	"EBal?"	"Photo"	"Cond"	"Ci"	"Trmmol"	"VpdL"	"CTleaf"	"Area"	"BLC_1"	"StmRat"	"BLCond"	"Tair"	"Tleaf"	"TBlk"	"CO2R"	"CO2S"	"H2OR"	"H2OS"	"RH_R"	"RH_S"	"Flow"	"PARi"	"PARo"	"Press"	"CsMch"	"HsMch"	"CsMchSD"	"HsMchSD"	"CrMchSD"	"HrMchSD"	"StableF"	"BLCslope"	"BLCoffst"	"f_parin"	"f_parout"	"alphaK"	"Status"
"08:54:53 CO2 Mixer: CO2R -> 400 uml"
"08:55:33 Coolers: Tblock -> 14.00 C"
"08:59:59 Flow: Fixed -> 200 umol/s"
"09:18:53 Flow: Fixed -> 200 umol/s"
"09:20:01 Coolers: Tblock -> 0.00 C"
"09:32:18 Flow: Fixed -> 200 umol/s"
1	"09:32:55"	2334.0	0	3.53	0.0663	299	0.495	0.757	7.25	6	1.42	1	2.84	2.41	7.25	0.06	400.61	389.44	1.188	2.669	16.24	36.50	199.8	1700	1	99.77	1.68	-0.161	0.0829	0.00302	0.0843	0.00299	1.0	-0.22	2.74	1.00	0.00	0.16	111115
2	"09:32:56"	2334.0	0	3.53	0.0663	299	0.495	0.757	7.25	6	1.42	1	2.84	2.41	7.25	0.06	400.61	389.44	1.188	2.669	16.24	36.50	199.8	1700	1	99.77	1.68	-0.161	0.0829	0.00302	0.0843	0.00299	1.0	-0.22	2.74	1.00	0.00	0.16	111115
3	"09:32:56"	2334.5	0	3.58	0.0661	297	0.493	0.757	7.24	6	1.42	1	2.84	2.41	7.24	0.06	400.70	389.37	1.187	2.663	16.24	36.42	199.8	1700	1	99.77	1.68	-0.161	0.0829	0.00302	0.0843	0.00299	0.7	-0.22	2.74	1.00	0.00	0.16	111115
4	"09:32:57"	2335.0	0	3.63	0.0659	295	0.492	0.757	7.23	6	1.42	1	2.84	2.41	7.23	0.06	400.79	389.30	1.186	2.659	16.22	36.36	199.8	1700	0	99.77	1.68	-0.161	0.0829	0.00302	0.0843	0.00299	0.7	-0.22	2.74	1.00	0.00	0.16	111115
5	"09:32:57"	2335.5	0	3.66	0.0659	295	0.491	0.755	7.21	6	1.42	1	2.84	2.41	7.21	0.06	400.83	389.27	1.186	2.655	16.22	36.31	199.9	1700	0	99.77	1.68	-0.161	0.0829	0.00302	0.0843	0.00299	0.7	-0.22	2.74	1.00	0.00	0.16	111115
6	"09:32:58"	2336.0	0	3.68	0.0659	294	0.49	0.755	7.19	6	1.42	1	2.84	2.40	7.19	0.06	400.84	389.21	1.185	2.652	16.21	36.28	199.9	1700	0	99.77	1.68	-0.161	0.0829	0.00302	0.0843	0.00299	0.7	-0.22	2.74	1.00	0.00	0.16	111115
7	"09:32:58"	2336.5	0	3.72	0.0659	293	0.49	0.754	7.19	6	1.42	1	2.84	2.40	7.19	0.06	400.90	389.18	1.185	2.652	16.21	36.27	199.9	1700	0	99.77	1.68	-0.161	0.0829	0.00302	0.0843	0.00299	0.7	-0.22	2.74	1.00	0.00	0.16	111115
8	"09:32:59"	2337.0	0	3.76	0.0657	292	0.488	0.755	7.19	6	1.42	1	2.84	2.40	7.19	0.06	400.97	389.11	1.184	2.647	16.20	36.21	199.9	1700	0	99.77	1.68	-0.161	0.0829	0.00302	0.0843	0.00299	0.7	-0.22	2.74	1.00	0.00	0.16	111115
9	"09:32:59"	2337.5	0	3.81	0.0656	290	0.488	0.755	7.18	6	1.42	1	2.84	2.40	7.18	0.06	401.02	389.00	1.183	2.644	16.19	36.17	199.9	1700	0	99.77	1.68	-0.161	0.0829	0.00302	0.0843	0.00299	0.7	-0.22	2.74	1.00	0.00	0.16	111115
10	"09:33:00"	2338.0	0	3.85	0.0656	289	0.488	0.754	7.17	6	1.42	1	2.84	2.40	7.17	0.06	401.09	388.95	1.183	2.643	16.18	36.16	199.9	1701	0	99.77	1.68	-0.161	0.0829	0.00302	0.0843	0.00299	0.7	-0.22	2.74	1.00	0.00	0.16	111115
11	"09:33:00"	2338.5	0	3.86	0.0654	289	0.486	0.754	7.17	6	1.42	1	2.84	2.40	7.17	0.06	401.09	388.94	1.182	2.639	16.18	36.11	199.9	1701	0	99.77	1.68	-0.161	0.0829	0.00302	0.0843	0.00299	0.7	-0.22	2.74	1.00	0.00	0.16	111115
12	"09:33:01"	2339.0	0	3.85	0.0652	289	0.485	0.755	7.17	6	1.42	1	2.84	2.40	7.17	0.06	401.08	388.97	1.182	2.636	16.18	36.07	199.8	1701	0	99.77	1.68	-0.161	0.0829	0.00302	0.0843	0.00299	0.7	-0.22	2.74	1.00	0.00	0.16	111115
13	"09:33:01"	2339.5	0	3.85	0.0649	288	0.484	0.756	7.18	6	1.42	1	2.84	2.40	7.18	0.06	401.10	388.97	1.183	2.631	16.18	36.01	199.8	1701	0	99.77	1.68	-0.161	0.0829	0.00302	0.0843	0.00299	0.7	-0.22	2.74	1.00	0.00	0.16	111115
14	"09:33:02"	2340.0	0	3.87	0.0647	287	0.483	0.756	7.19	6	1.42	1	2.84	2.40	7.19	0.06	401.13	388.93	1.182	2.628	16.18	35.97	199.8	1701	0	99.77	1.68	-0.161	0.0829	0.00302	0.0843	0.00299	0.7	-0.22	2.74	1.00	0.00	0.16	111115
15	"09:33:03"	2341.5	0	3.79	0.0646	289	0.481	0.756	7.17	6	1.42	1	2.84	2.39	7.17	0.06	400.99	389.04	1.180	2.622	16.15	35.90	199.7	1700	0	99.77	1.68	-0.161	0.0829	0.00302	0.0843	0.00299	0.7	-0.22	2.74	1.00	0.00	0.16	111115
"09:33:33 Coolers: Tblock -> 5.00 C"
"09:35:11 Flow: Fixed -> 200 umol/s"
16	"09:35:28"	2486.5	0	2.13	0.0494	312	0.41	0.836	8.78	6	1.42	1	2.84	5.81	8.78	5.09	394.26	387.37	1.773	3.000	19.10	32.31	199.7	1701	1	99.77	0.767	-0.18	0.103	0.00671	0.0625	0.00792	1.0	-0.22	2.74	1.00	0.00	0.16	111115
17	"09:35:28"	2486.5	0	2.13	0.0494	312	0.41	0.836	8.78	6	1.42	1	2.84	5.81	8.78	5.09	394.26	387.37	1.773	3.000	19.10	32.31	199.7	1701	1	99.77	0.767	-0.18	0.103	0.00671	0.0625	0.00792	1.0	-0.22	2.74	1.00	0.00	0.16	111115
18	"09:35:29"	2487.0	0	2.18	0.0479	309	0.398	0.836	8.79	6	1.42	1	2.84	5.81	8.79	5.09	394.38	387.35	1.810	3.001	19.49	32.31	199.7	1701	1	99.77	0.767	-0.18	0.103	0.00671	0.0625	0.00792	1.0	-0.22	2.74	1.00	0.00	0.16	111115
19	"09:35:29"	2487.5	0	2.34	0.0463	301	0.385	0.836	8.79	6	1.42	1	2.84	5.81	8.79	5.09	394.77	387.28	1.849	3.001	19.90	32.31	199.7	1701	1	99.77	0.767	-0.18	0.103	0.00671	0.0625	0.00792	1.0	-0.22	2.74	1.00	0.00	0.16	111115
20	"09:35:30"	2488.0	0	2.52	0.0448	291	0.373	0.836	8.79	6	1.42	1	2.84	5.82	8.79	5.09	395.19	387.18	1.888	3.004	20.32	32.33	199.7	1701	1	99.77	0.767	-0.18	0.103	0.00671	0.0625	0.00792	1.0	-0.22	2.74	1.00	0.00	0.16	111115
21	"09:35:30"	2488.5	0	2.69	0.0434	282	0.361	0.836	8.79	6	1.42	1	2.84	5.82	8.79	5.09	395.60	387.10	1.926	3.007	20.73	32.36	199.8	1701	1	99.77	0.767	-0.18	0.103	0.00671	0.0625	0.00792	1.0	-0.22	2.74	1.00	0.00	0.16	111115
22	"09:35:31"	2489.0	0	2.87	0.042	272	0.349	0.836	8.79	6	1.42	1	2.84	5.82	8.79	5.09	396.04	387.02	1.963	3.008	21.12	32.37	199.8	1701	0	99.77	0.767	-0.18	0.103	0.00671	0.0625	0.00792	1.0	-0.22	2.74	1.00	0.00	0.16	111115
23	"09:35:31"	2489.5	0	3.12	0.0406	258	0.337	0.836	8.79	6	1.42	1	2.84	5.82	8.79	5.09	396.59	386.84	1.997	3.007	21.48	32.35	199.8	1701	1	99.77	0.767	-0.18	0.103	0.00671	0.0625	0.00792	1.0	-0.22	2.74	1.00	0.00	0.16	111115
24	"09:35:32"	2490.0	0	3.39	0.0393	243	0.327	0.836	8.79	6	1.42	1	2.84	5.82	8.79	5.09	397.18	386.64	2.029	3.007	21.82	32.35	199.8	1701	1	99.77	0.767	-0.18	0.103	0.00671	0.0625	0.00792	0.7	-0.22	2.74	1.00	0.00	0.16	111115
25	"09:35:32"	2490.5	0	3.61	0.0382	230	0.318	0.836	8.79	6	1.42	1	2.84	5.83	8.79	5.09	397.73	386.53	2.057	3.009	22.12	32.36	199.8	1701	0	99.77	0.767	-0.18	0.103	0.00671	0.0625	0.00792	0.7	-0.22	2.74	1.00	0.00	0.16	111115
26	"09:35:33"	2491.0	0	3.81	0.0374	217	0.311	0.835	8.78	6	1.42	1	2.84	5.83	8.78	5.09	398.19	386.38	2.082	3.013	22.39	32.40	199.8	1701	0	99.77	0.767	-0.18	0.103	0.00671	0.0625	0.00792	0.7	-0.22	2.74	1.00	0.00	0.16	111115
27	"09:35:33"	2492.0	0	4.13	0.0361	197	0.3	0.835	8.78	6	1.42	1	2.84	5.83	8.78	5.09	398.84	386.10	2.119	3.018	22.78	32.45	199.9	1701	1	99.77	0.767	-0.18	0.103	0.00671	0.0625	0.00792	0.7	-0.22	2.74	1.00	0.00	0.16	111115
28	"09:35:34"	2492.5	0	4.24	0.0355	189	0.296	0.835	8.79	6	1.42	1	2.84	5.83	8.79	5.09	399.03	385.96	2.133	3.018	22.93	32.45	199.8	1701	1	99.77	0.767	-0.18	0.103	0.00671	0.0625	0.00792	0.7	-0.22	2.74	1.00	0.00	0.16	111115
29	"09:35:35"	2493.5	0	4.35	0.0351	181	0.292	0.835	8.80	6	1.42	1	2.84	5.84	8.80	5.09	399.21	385.80	2.153	3.027	23.14	32.54	199.8	1701	1	99.77	0.767	-0.18	0.103	0.00671	0.0625	0.00792	0.7	-0.22	2.74	1.00	0.00	0.16	111115
30	"09:35:35"	2493.5	0	4.35	0.0351	181	0.292	0.835	8.80	6	1.42	1	2.84	5.84	8.80	5.09	399.21	385.80	2.153	3.027	23.14	32.54	199.8	1701	1	99.77	0.767	-0.18	0.103	0.00671	0.0625	0.00792	0.7	-0.22	2.74	1.00	0.00	0.16	111115
31	"09:35:56"	2515.5	0	4.52	0.0444	217	0.361	0.817	8.93	6	1.42	1	2.84	5.92	8.93	5.08	400.02	386.02	2.221	3.301	23.73	35.27	199.8	1700	1	99.77	0.767	-0.18	0.103	0.00671	0.0625	0.00792	1.0	-0.22	2.74	1.00	0.00	0.16	111115
32	"09:35:57"	2515.5	0	4.52	0.0444	217	0.361	0.817	8.93	6	1.42	1	2.84	5.92	8.93	5.08	400.02	386.02	2.221	3.301	23.73	35.27	199.8	1700	1	99.77	0.767	-0.18	0.103	0.00671	0.0625	0.00792	1.0	-0.22	2.74	1.00	0.00	0.16	111115
33	"09:35:57"	2516.0	0	4.52	0.0445	217	0.362	0.817	8.92	6	1.42	1	2.84	5.92	8.92	5.08	400.05	386.05	2.222	3.305	23.74	35.31	199.7	1700	1	99.77	0.767	-0.18	0.103	0.00671	0.0625	0.00792	1.0	-0.22	2.74	1.00	0.00	0.16	111115
34	"09:35:58"	2516.5	0	4.54	0.0446	217	0.362	0.816	8.92	6	1.42	1	2.84	5.92	8.92	5.08	400.11	386.05	2.222	3.306	23.74	35.33	199.7	1700	1	99.77	0.767	-0.18	0.103	0.00671	0.0625	0.00792	1.0	-0.22	2.74	1.00	0.00	0.16	111115
35	"09:35:58"	2517.0	0	4.51	0.045	220	0.364	0.815	8.91	6	1.42	1	2.84	5.92	8.91	5.08	400.12	386.16	2.223	3.313	23.74	35.39	199.7	1701	1	99.77	0.767	-0.18	0.103	0.00671	0.0625	0.00792	1.0	-0.22	2.74	1.00	0.00	0.16	111115
36	"09:35:59"	2517.5	0	4.5	0.045	220	0.364	0.814	8.90	6	1.42	1	2.84	5.93	8.90	5.08	400.10	386.15	2.223	3.314	23.74	35.40	199.8	1701	1	99.77	0.767	-0.18	0.103	0.00671	0.0625	0.00792	1.0	-0.22	2.74	1.00	0.00	0.16	111115
37	"09:35:59"	2518.0	0	4.45	0.0452	222	0.365	0.814	8.90	6	1.42	1	2.84	5.93	8.90	5.08	400.08	386.28	2.222	3.316	23.74	35.42	199.7	1701	1	99.77	0.767	-0.18	0.103	0.00671	0.0625	0.00792	1.0	-0.22	2.74	1.00	0.00	0.16	111115
38	"09:36:00"	2518.5	0	4.48	0.0453	222	0.366	0.813	8.90	6	1.42	1	2.84	5.93	8.90	5.08	400.13	386.26	2.223	3.319	23.74	35.45	199.8	1701	1	99.77	0.767	-0.18	0.103	0.00671	0.0625	0.00792	1.0	-0.22	2.74	1.00	0.00	0.16	111115
39	"09:36:01"	2519.0	0	4.46	0.0455	223	0.367	0.813	8.90	6	1.42	1	2.84	5.93	8.90	5.08	400.10	386.29	2.223	3.323	23.74	35.49	199.7	1701	1	99.77	0.767	-0.18	0.103	0.00671	0.0625	0.00792	1.0	-0.22	2.74	1.00	0.00	0.16	111115
40	"09:36:01"	2519.5	0	4.42	0.0456	225	0.368	0.813	8.91	6	1.42	1	2.84	5.93	8.91	5.08	400.08	386.38	2.223	3.326	23.74	35.52	199.8	1701	1	99.77	0.767	-0.18	0.103	0.00671	0.0625	0.00792	1.0	-0.22	2.74	1.00	0.00	0.16	111115
41	"09:36:02"	2520.0	0	4.38	0.0457	227	0.37	0.814	8.92	6	1.42	1	2.84	5.93	8.92	5.08	400.05	386.46	2.223	3.330	23.74	35.56	199.7	1701	1	99.77	0.767	-0.18	0.103	0.00671	0.0625	0.00792	1.0	-0.22	2.74	1.00	0.00	0.16	111115
42	"09:36:02"	2520.5	0	4.37	0.046	228	0.372	0.813	8.92	6	1.42	1	2.84	5.93	8.92	5.08	400.03	386.47	2.223	3.336	23.74	35.62	199.8	1700	1	99.77	0.767	-0.18	0.103	0.00671	0.0625	0.00792	0.7	-0.22	2.74	1.00	0.00	0.16	111115
43	"09:36:03"	2521.0	0	4.37	0.046	228	0.372	0.814	8.93	6	1.42	1	2.84	5.93	8.93	5.08	400.00	386.45	2.223	3.337	23.73	35.63	199.8	1700	1	99.77	0.767	-0.18	0.103	0.00671	0.0625	0.00792	0.7	-0.22	2.74	1.00	0.00	0.16	111115
44	"09:36:03"	2521.5	0	4.36	0.0462	229	0.374	0.814	8.94	6	1.42	1	2.84	5.93	8.94	5.09	400.04	386.50	2.223	3.342	23.73	35.68	199.8	1700	1	99.77	0.767	-0.18	0.103	0.00671	0.0625	0.00792	0.7	-0.22	2.74	1.00	0.00	0.16	111115
45	"09:36:04"	2522.0	0	4.38	0.0463	229	0.375	0.815	8.95	6	1.42	1	2.84	5.94	8.95	5.09	400.06	386.49	2.223	3.345	23.73	35.71	199.8	1700	1	99.77	0.767	-0.18	0.103	0.00671	0.0625	0.00792	0.7	-0.22	2.74	1.00	0.00	0.16	111115
"09:36:17 Coolers: Tblock -> 10.00 C"
"09:37:28 Flow: Fixed -> 200 umol/s"
46	"09:38:24"	2662.5	0	4.63	0.0504	232	0.442	0.883	11.07	6	1.42	1	2.84	9.82	11.07	10.13	400.20	385.80	3.091	4.414	25.33	36.17	199.7	1699	1	99.77	0.541	-0.218	0.155	0.0565	0.183	0.05	1.0	-0.22	2.74	1.00	0.00	0.16	111115
47	"09:38:24"	2662.5	0	4.63	0.0504	232	0.442	0.883	11.07	6	1.42	1	2.84	9.82	11.07	10.13	400.20	385.80	3.091	4.414	25.33	36.17	199.7	1699	1	99.77	0.541	-0.218	0.155	0.0565	0.183	0.05	1.0	-0.22	2.74	1.00	0.00	0.16	111115
48	"09:38:24"	2663.0	0	4.62	0.0507	233	0.445	0.883	11.07	6	1.42	1	2.84	9.82	11.07	10.13	400.19	385.80	3.091	4.420	25.32	36.22	199.7	1699	1	99.77	0.541	-0.218	0.155	0.0565	0.183	0.05	1.0	-0.22	2.74	1.00	0.00	0.16	111115
49	"09:38:25"	2663.5	0	4.6	0.0509	235	0.446	0.883	11.08	6	1.42	1	2.84	9.82	11.08	10.13	400.22	385.89	3.091	4.424	25.32	36.24	199.7	1699	1	99.77	0.541	-0.218	0.155	0.0565	0.183	0.05	1.0	-0.22	2.74	1.00	0.00	0.16	111115
50	"09:38:25"	2664.0	0	4.57	0.0509	236	0.447	0.883	11.08	6	1.42	1	2.84	9.83	11.08	10.13	400.23	385.99	3.090	4.426	25.31	36.25	199.7	1699	1	99.78	0.541	-0.218	0.155	0.0565	0.183	0.05	1.0	-0.22	2.74	1.00	0.00	0.16	111115
51	"09:38:26"	2664.5	0	4.57	0.0509	236	0.447	0.883	11.08	6	1.42	1	2.84	9.83	11.08	10.13	400.24	386.00	3.090	4.426	25.30	36.24	199.7	1699	1	99.77	0.541	-0.218	0.155	0.0565	0.183	0.05	1.0	-0.22	2.74	1.00	0.00	0.16	111115
52	"09:38:26"	2665.0	0	4.57	0.0509	236	0.446	0.883	11.08	6	1.42	1	2.84	9.83	11.08	10.14	400.31	386.06	3.091	4.426	25.30	36.23	199.7	1699	1	99.77	0.541	-0.218	0.155	0.0565	0.183	0.05	1.0	-0.22	2.74	1.00	0.00	0.16	111115
53	"09:38:27"	2665.5	0	4.58	0.051	236	0.447	0.883	11.09	6	1.42	1	2.84	9.84	11.09	10.14	400.32	386.04	3.091	4.429	25.30	36.25	199.7	1698	1	99.78	0.541	-0.218	0.155	0.0565	0.183	0.05	1.0	-0.22	2.74	1.00	0.00	0.16	111115
54	"09:38:27"	2666.0	0	4.57	0.0509	236	0.447	0.884	11.09	6	1.42	1	2.84	9.84	11.09	10.14	400.34	386.08	3.091	4.428	25.29	36.23	199.7	1698	1	99.78	0.541	-0.218	0.155	0.0565	0.183	0.05	1.0	-0.22	2.74	1.00	0.00	0.16	111115
55	"09:38:28"	2666.5	0	4.59	0.051	235	0.448	0.884	11.10	6	1.42	1	2.84	9.84	11.10	10.14	400.37	386.07	3.090	4.429	25.28	36.23	199.8	1698	1	99.78	0.541	-0.218	0.155	0.0565	0.183	0.05	1.0	-0.22	2.74	1.00	0.00	0.16	111115
56	"09:38:29"	2667.0	0	4.62	0.0508	234	0.447	0.885	11.11	6	1.42	1	2.84	9.85	11.11	10.14	400.38	386.00	3.090	4.426	25.27	36.20	199.8	1699	1	99.78	0.541	-0.218	0.155	0.0565	0.183	0.05	1.0	-0.22	2.74	1.00	0.00	0.16	111115
57	"09:38:29"	2667.5	0	4.62	0.0508	234	0.447	0.886	11.11	6	1.42	1	2.84	9.85	11.11	10.15	400.38	385.98	3.091	4.427	25.27	36.20	199.8	1699	1	99.78	0.541	-0.218	0.155	0.0565	0.183	0.05	1.0	-0.22	2.74	1.00	0.00	0.16	111115
58	"09:38:30"	2668.0	0	4.65	0.051	233	0.449	0.885	11.12	6	1.42	1	2.84	9.85	11.12	10.15	400.36	385.88	3.091	4.433	25.27	36.24	199.8	1699	1	99.78	0.541	-0.218	0.155	0.0565	0.183	0.05	1.0	-0.22	2.74	1.00	0.00	0.16	111115
59	"09:38:30"	2668.5	0	4.64	0.0511	234	0.449	0.886	11.12	6	1.42	1	2.84	9.86	11.12	10.15	400.38	385.92	3.091	4.434	25.26	36.24	199.8	1699	1	99.78	0.541	-0.218	0.155	0.0565	0.183	0.05	1.0	-0.22	2.74	1.00	0.00	0.16	111115
60	"09:38:31"	2669.0	0	4.67	0.0511	233	0.45	0.886	11.12	6	1.42	1	2.84	9.86	11.12	10.15	400.36	385.82	3.091	4.435	25.26	36.24	199.8	1699	1	99.78	0.541	-0.218	0.155	0.0565	0.183	0.05	1.0	-0.22	2.74	1.00	0.00	0.16	111115
61	"09:38:31"	2669.5	0	4.66	0.0511	233	0.45	0.886	11.13	6	1.42	1	2.84	9.86	11.13	10.15	400.36	385.83	3.091	4.436	25.25	36.24	199.8	1699	1	99.77	0.541	-0.218	0.155	0.0565	0.183	0.05	1.0	-0.22	2.74	1.00	0.00	0.16	111115
62	"09:38:32"	2670.0	0	4.69	0.0513	233	0.451	0.886	11.13	6	1.42	1	2.84	9.87	11.13	10.15	400.35	385.74	3.091	4.439	25.25	36.26	199.8	1699	1	99.78	0.541	-0.218	0.155	0.0565	0.183	0.05	1.0	-0.22	2.74	1.00	0.00	0.16	111115
"09:38:47 Coolers: Tblock -> 15.00 C"
"09:40:46 Flow: Fixed -> 200 umol/s"
63	"09:40:48"	2807.5	0	4.79	0.0542	236	0.526	0.978	13.35	6	1.42	1	2.84	13.83	13.35	15.15	399.57	384.57	4.043	5.615	25.43	35.32	199.8	1698	1	99.78	0.333	-0.23	0.137	0.013	0.0409	0.013	1.0	-0.22	2.74	1.00	0.00	0.16	111115
64	"09:40:49"	2807.5	0	4.79	0.0542	236	0.526	0.978	13.35	6	1.42	1	2.84	13.83	13.35	15.15	399.57	384.57	4.043	5.615	25.43	35.32	199.8	1698	1	99.78	0.333	-0.23	0.137	0.013	0.0409	0.013	1.0	-0.22	2.74	1.00	0.00	0.16	111115
65	"09:40:49"	2808.0	0	4.85	0.0549	236	0.533	0.978	13.35	6	1.42	1	2.84	13.83	13.35	15.14	399.69	384.51	4.029	5.620	25.34	35.34	199.8	1698	1	99.78	0.333	-0.23	0.137	0.013	0.0409	0.013	0.7	-0.22	2.74	1.00	0.00	0.16	111115
66	"09:40:50"	2808.5	0	4.88	0.0552	236	0.536	0.977	13.35	6	1.42	1	2.84	13.83	13.35	15.14	399.76	384.48	4.018	5.620	25.27	35.34	199.8	1698	1	99.78	0.333	-0.23	0.137	0.013	0.0409	0.013	0.7	-0.22	2.74	1.00	0.00	0.16	111115
67	"09:40:50"	2809.0	0	4.92	0.0555	235	0.539	0.978	13.35	6	1.42	1	2.84	13.83	13.35	15.14	399.83	384.42	4.011	5.620	25.22	35.34	199.8	1698	1	99.78	0.333	-0.23	0.137	0.013	0.0409	0.013	0.7	-0.22	2.74	1.00	0.00	0.16	111115
68	"09:40:51"	2809.5	0	4.94	0.0557	235	0.541	0.978	13.36	6	1.42	1	2.84	13.84	13.36	15.14	399.82	384.35	4.005	5.619	25.18	35.33	199.7	1698	1	99.78	0.333	-0.23	0.137	0.013	0.0409	0.013	0.7	-0.22	2.74	1.00	0.00	0.16	111115
69	"09:40:51"	2810.0	0	5.05	0.0569	235	0.553	0.978	13.36	6	1.42	1	2.84	13.84	13.36	15.14	400.10	384.29	3.971	5.622	24.95	35.33	199.7	1699	1	99.78	0.333	-0.23	0.137	0.013	0.0409	0.013	0.7	-0.22	2.74	1.00	0.00	0.16	111115
70	"09:40:52"	2810.5	0	5.04	0.0572	236	0.555	0.978	13.36	6	1.42	1	2.84	13.84	13.36	15.14	400.12	384.33	3.967	5.625	24.93	35.34	199.7	1699	1	99.78	0.333	-0.23	0.137	0.013	0.0409	0.013	0.7	-0.22	2.74	1.00	0.00	0.16	111115
71	"09:40:53"	2811.0	0	5.05	0.0572	236	0.556	0.978	13.37	6	1.42	1	2.84	13.85	13.37	15.14	400.10	384.30	3.967	5.627	24.91	35.34	199.7	1699	1	99.78	0.333	-0.23	0.137	0.013	0.0409	0.013	0.7	-0.22	2.74	1.00	0.00	0.16	111115
72	"09:40:53"	2811.5	0	5.06	0.0572	236	0.556	0.979	13.37	6	1.42	1	2.84	13.85	13.37	15.14	400.11	384.27	3.966	5.628	24.91	35.34	199.7	1700	1	99.78	0.333	-0.23	0.137	0.013	0.0409	0.013	0.7	-0.22	2.74	1.00	0.00	0.16	111115
73	"09:40:54"	2812.0	0	5.06	0.0571	235	0.555	0.979	13.38	6	1.42	1	2.84	13.86	13.38	15.14	400.10	384.25	3.965	5.623	24.90	35.30	199.7	1700	1	99.78	0.333	-0.23	0.137	0.013	0.0409	0.013	0.7	-0.22	2.74	1.00	0.00	0.16	111115
74	"09:40:54"	2812.5	0	5.06	0.0571	235	0.555	0.98	13.38	6	1.42	1	2.84	13.86	13.38	15.14	400.12	384.29	3.965	5.624	24.89	35.30	199.7	1700	1	99.78	0.333	-0.23	0.137	0.013	0.0409	0.013	0.7	-0.22	2.74	1.00	0.00	0.16	111115
75	"09:40:55"	2813.0	0	5.07	0.057	235	0.555	0.981	13.39	6	1.42	1	2.84	13.86	13.39	15.14	400.13	384.27	3.965	5.623	24.88	35.28	199.7	1701	1	99.78	0.333	-0.23	0.137	0.013	0.0409	0.013	0.7	-0.22	2.74	1.00	0.00	0.16	111115
76	"09:40:55"	2813.5	0	5.08	0.057	234	0.555	0.981	13.40	6	1.42	1	2.84	13.87	13.40	15.14	400.19	384.28	3.965	5.624	24.88	35.29	199.8	1701	1	99.78	0.333	-0.23	0.137	0.013	0.0409	0.013	0.7	-0.22	2.74	1.00	0.00	0.16	111115
77	"09:40:56"	2814.5	0	5.08	0.0568	234	0.554	0.983	13.41	6	1.42	1	2.84	13.87	13.41	15.14	400.24	384.35	3.964	5.620	24.86	35.24	199.8	1701	1	99.78	0.333	-0.23	0.137	0.013	0.0409	0.013	0.7	-0.22	2.74	1.00	0.00	0.16	111115
78	"09:40:56"	2815.0	0	5.07	0.0567	234	0.554	0.984	13.41	6	1.42	1	2.84	13.88	13.41	15.14	400.24	384.36	3.964	5.619	24.86	35.23	199.8	1700	1	99.78	0.333	-0.23	0.137	0.013	0.0409	0.013	0.7	-0.22	2.74	1.00	0.00	0.16	111115
79	"09:40:57"	2816.5	0	5.04	0.057	235	0.557	0.984	13.43	6	1.42	1	2.84	13.89	13.43	15.14	400.25	384.46	3.965	5.629	24.85	35.26	199.7	1700	1	99.78	0.333	-0.23	0.137	0.013	0.0409	0.013	0.7	-0.22	2.74	1.00	0.00	0.16	111115
80	"09:40:58"	2816.5	0	5.04	0.057	235	0.557	0.984	13.43	6	1.42	1	2.84	13.89	13.43	15.14	400.25	384.46	3.965	5.629	24.85	35.26	199.7	1700	1	99.78	0.333	-0.23	0.137	0.013	0.0409	0.013	0.7	-0.22	2.74	1.00	0.00	0.16	111115
"09:41:09 Coolers: Tblock -> 20.00 C"
"09:44:20 Flow: Fixed -> 200 umol/s"
81	"09:44:25"	3024.5	0	5.41	0.0648	241	0.782	1.22	16.48	6	1.42	1	2.84	18.36	16.48	20.12	400.03	382.89	4.346	6.680	20.47	31.46	199.7	1699	1	99.78	0.186	-0.248	0.163	0.0132	0.0527	0.0104	1.0	-0.22	2.74	1.00	0.00	0.16	111115
82	"09:44:25"	3024.5	0	5.41	0.0648	241	0.782	1.22	16.48	6	1.42	1	2.84	18.36	16.48	20.12	400.03	382.89	4.346	6.680	20.47	31.46	199.7	1699	1	99.78	0.186	-0.248	0.163	0.0132	0.0527	0.0104	1.0	-0.22	2.74	1.00	0.00	0.16	111115
83	"09:44:26"	3024.5	0	5.41	0.0648	241	0.782	1.22	16.48	6	1.42	1	2.84	18.36	16.48	20.12	400.03	382.89	4.346	6.680	20.47	31.46	199.7	1699	1	99.78	0.186	-0.248	0.163	0.0132	0.0527	0.0104	1.0	-0.22	2.74	1.00	0.00	0.16	111115
84	"09:44:26"	3025.0	0	5.42	0.0649	240	0.783	1.22	16.48	6	1.42	1	2.84	18.36	16.48	20.12	400.03	382.84	4.345	6.681	20.46	31.46	199.7	1699	1	99.78	0.186	-0.248	0.163	0.0132	0.0527	0.0104	1.0	-0.22	2.74	1.00	0.00	0.16	111115
85	"09:44:27"	3025.5	0	5.41	0.0648	241	0.783	1.22	16.49	6	1.42	1	2.84	18.37	16.49	20.12	399.99	382.83	4.344	6.680	20.45	31.45	199.7	1699	1	99.78	0.186	-0.248	0.163	0.0132	0.0527	0.0104	1.0	-0.22	2.74	1.00	0.00	0.16	111115
86	"09:44:27"	3026.0	0	5.44	0.065	240	0.785	1.22	16.50	6	1.42	1	2.84	18.37	16.50	20.12	399.99	382.73	4.343	6.686	20.44	31.47	199.7	1700	1	99.78	0.186	-0.248	0.163	0.0132	0.0527	0.0104	1.0	-0.22	2.74	1.00	0.00	0.16	111115
87	"09:44:28"	3026.5	0	5.49	0.0651	239	0.786	1.22	16.50	6	1.42	1	2.84	18.37	16.50	20.12	399.99	382.61	4.342	6.687	20.43	31.47	199.7	1700	1	99.78	0.186	-0.248	0.163	0.0132	0.0527	0.0104	1.0	-0.22	2.74	1.00	0.00	0.16	111115
88	"09:44:28"	3027.0	0	5.53	0.0651	238	0.787	1.22	16.51	6	1.42	1	2.84	18.38	16.51	20.12	400.04	382.52	4.342	6.689	20.43	31.47	199.7	1700	1	99.78	0.186	-0.248	0.163	0.0132	0.0527	0.0104	1.0	-0.22	2.74	1.00	0.00	0.16	111115
89	"09:44:29"	3027.5	0	5.55	0.0654	238	0.789	1.22	16.50	6	1.42	1	2.84	18.38	16.50	20.11	400.08	382.51	4.342	6.696	20.43	31.50	199.7	1700	1	99.78	0.186	-0.248	0.163	0.0132	0.0527	0.0104	1.0	-0.22	2.74	1.00	0.00	0.16	111115
90	"09:44:29"	3028.0	0	5.57	0.0654	237	0.789	1.22	16.51	6	1.42	1	2.84	18.38	16.51	20.11	400.08	382.44	4.342	6.697	20.42	31.50	199.7	1700	1	99.78	0.186	-0.248	0.163	0.0132	0.0527	0.0104	1.0	-0.22	2.74	1.00	0.00	0.16	111115
91	"09:44:30"	3028.5	0	5.63	0.0654	236	0.79	1.22	16.52	6	1.42	1	2.84	18.38	16.52	20.11	400.14	382.32	4.342	6.698	20.42	31.50	199.8	1700	1	99.78	0.186	-0.248	0.163	0.0132	0.0527	0.0104	1.0	-0.22	2.74	1.00	0.00	0.16	111115
92	"09:44:30"	3029.0	0	5.62	0.0654	236	0.79	1.22	16.52	6	1.42	1	2.84	18.39	16.52	20.11	400.16	382.36	4.342	6.699	20.42	31.50	199.8	1700	1	99.78	0.186	-0.248	0.163	0.0132	0.0527	0.0104	1.0	-0.22	2.74	1.00	0.00	0.16	111115
93	"09:44:31"	3029.5	0	5.62	0.0654	236	0.79	1.22	16.52	6	1.42	1	2.84	18.39	16.52	20.11	400.18	382.40	4.342	6.700	20.41	31.49	199.7	1700	1	99.78	0.186	-0.248	0.163	0.0132	0.0527	0.0104	1.0	-0.22	2.74	1.00	0.00	0.16	111115
94	"09:44:31"	3030.0	0	5.61	0.0653	236	0.789	1.22	16.52	6	1.42	1	2.84	18.39	16.52	20.11	400.19	382.44	4.343	6.698	20.41	31.48	199.7	1700	1	99.78	0.186	-0.248	0.163	0.0132	0.0527	0.0104	1.0	-0.22	2.74	1.00	0.00	0.16	111115
95	"09:44:32"	3030.5	0	5.61	0.0654	237	0.79	1.22	16.52	6	1.42	1	2.84	18.39	16.52	20.11	400.25	382.50	4.343	6.701	20.41	31.49	199.7	1700	1	99.78	0.186	-0.248	0.163	0.0132	0.0527	0.0104	1.0	-0.22	2.74	1.00	0.00	0.16	111115
"09:44:44 Coolers: Tblock -> 25.00 C"
"09:46:10 Flow: Fixed -> 200 umol/s"
96	"09:46:58"	3177.0	0	5.57	0.0606	225	0.969	1.6	20.33	6	1.42	1	2.84	22.93	20.33	25.14	400.10	382.25	5.046	7.935	17.93	28.20	199.7	1698	1	99.79	-0.303	-0.265	0.0981	0.0215	0.0248	0.0206	1.0	-0.22	2.74	1.00	0.00	0.16	111115
97	"09:46:58"	3177.0	0	5.57	0.0606	225	0.969	1.6	20.33	6	1.42	1	2.84	22.93	20.33	25.14	400.10	382.25	5.046	7.935	17.93	28.20	199.7	1698	1	99.79	-0.303	-0.265	0.0981	0.0215	0.0248	0.0206	1.0	-0.22	2.74	1.00	0.00	0.16	111115
98	"09:46:58"	3177.5	0	5.58	0.0607	225	0.972	1.6	20.35	6	1.42	1	2.84	22.94	20.35	25.14	400.07	382.20	5.046	7.942	17.92	28.21	199.8	1698	1	99.79	-0.303	-0.265	0.0981	0.0215	0.0248	0.0206	1.0	-0.22	2.74	1.00	0.00	0.16	111115
99	"09:46:59"	3178.0	0	5.61	0.0608	224	0.973	1.61	20.36	6	1.42	1	2.84	22.94	20.36	25.14	400.08	382.11	5.047	7.947	17.92	28.22	199.8	1698	1	99.79	-0.303	-0.265	0.0981	0.0215	0.0248	0.0206	0.7	-0.22	2.74	1.00	0.00	0.16	111115
100	"09:47:00"	3178.5	0	5.58	0.0609	225	0.975	1.61	20.36	6	1.42	1	2.84	22.95	20.36	25.14	400.07	382.19	5.047	7.952	17.92	28.23	199.8	1698	1	99.79	-0.303	-0.265	0.0981	0.0215	0.0248	0.0206	0.7	-0.22	2.74	1.00	0.00	0.16	111115
101	"09:47:00"	3179.0	0	5.57	0.0611	226	0.978	1.61	20.37	6	1.42	1	2.84	22.95	20.37	25.14	400.03	382.17	5.047	7.961	17.91	28.25	199.8	1698	1	99.79	-0.303	-0.265	0.0981	0.0215	0.0248	0.0206	0.7	-0.22	2.74	1.00	0.00	0.16	111115
102	"09:47:01"	3179.5	0	5.56	0.061	226	0.979	1.61	20.38	6	1.42	1	2.84	22.96	20.38	25.14	400.00	382.17	5.048	7.964	17.91	28.25	199.8	1698	1	99.79	-0.303	-0.265	0.0981	0.0215	0.0248	0.0206	0.7	-0.22	2.74	1.00	0.00	0.16	111115
103	"09:47:01"	3180.0	0	5.59	0.0611	225	0.98	1.61	20.39	6	1.42	1	2.84	22.96	20.39	25.14	400.01	382.11	5.048	7.969	17.90	28.26	199.8	1698	1	99.79	-0.303	-0.265	0.0981	0.0215	0.0248	0.0206	0.7	-0.22	2.74	1.00	0.00	0.16	111115
104	"09:47:02"	3180.5	0	5.65	0.0612	224	0.982	1.61	20.40	6	1.42	1	2.84	22.97	20.40	25.14	400.08	382.00	5.048	7.975	17.90	28.28	199.8	1698	1	99.79	-0.303	-0.265	0.0981	0.0215	0.0248	0.0206	0.7	-0.22	2.74	1.00	0.00	0.16	111115
105	"09:47:02"	3181.0	0	5.64	0.0613	224	0.984	1.61	20.41	6	1.42	1	2.84	22.97	20.41	25.14	400.05	381.97	5.048	7.980	17.89	28.28	199.8	1698	1	99.79	-0.303	-0.265	0.0981	0.0215	0.0248	0.0206	0.7	-0.22	2.74	1.00	0.00	0.16	111115
106	"09:47:03"	3181.5	0	5.67	0.0614	223	0.986	1.61	20.42	6	1.42	1	2.84	22.98	20.42	25.14	400.14	381.97	5.048	7.985	17.89	28.29	199.8	1699	1	99.79	-0.303	-0.265	0.0981	0.0215	0.0248	0.0206	0.7	-0.22	2.74	1.00	0.00	0.16	111115
107	"09:47:03"	3182.0	0	5.69	0.0614	223	0.987	1.61	20.43	6	1.42	1	2.84	22.98	20.43	25.14	400.19	381.95	5.049	7.991	17.88	28.30	199.8	1699	1	99.79	-0.303	-0.265	0.0981	0.0215	0.0248	0.0206	0.7	-0.22	2.74	1.00	0.00	0.16	111115
108	"09:47:04"	3182.5	0	5.73	0.0614	222	0.989	1.61	20.44	6	1.42	1	2.84	22.99	20.44	25.14	400.18	381.85	5.048	7.994	17.88	28.31	199.8	1699	1	99.79	-0.303	-0.265	0.0981	0.0215	0.0248	0.0206	0.7	-0.22	2.74	1.00	0.00	0.16	111115
109	"09:47:04"	3183.0	0	5.76	0.0614	221	0.989	1.62	20.46	6	1.42	1	2.84	22.99	20.46	25.14	400.22	381.78	5.049	7.996	17.87	28.31	199.8	1699	1	99.79	-0.303	-0.265	0.0981	0.0215	0.0248	0.0206	0.7	-0.22	2.74	1.00	0.00	0.16	111115
110	"09:47:05"	3183.5	0	5.77	0.0615	221	0.992	1.62	20.47	6	1.42	1	2.84	23.00	20.47	25.14	400.24	381.79	5.049	8.003	17.87	28.33	199.8	1699	1	99.79	-0.303	-0.265	0.0981	0.0215	0.0248	0.0206	0.7	-0.22	2.74	1.00	0.00	0.16	111115
111	"09:47:05"	3184.0	0	5.75	0.0616	222	0.993	1.62	20.47	6	1.42	1	2.84	23.00	20.47	25.14	400.23	381.84	5.050	8.008	17.87	28.33	199.8	1699	1	99.79	-0.303	-0.265	0.0981	0.0215	0.0248	0.0206	0.7	-0.22	2.74	1.00	0.00	0.16	111115
112	"09:47:06"	3185.0	0	5.83	0.0616	220	0.994	1.62	20.49	6	1.42	1	2.84	23.01	20.49	25.14	400.33	381.69	5.051	8.013	17.86	28.34	199.8	1699	1	99.79	-0.303	-0.265	0.0981	0.0215	0.0248	0.0206	0.7	-0.22	2.74	1.00	0.00	0.16	111115
113	"09:47:06"	3185.5	0	5.84	0.0615	219	0.994	1.62	20.50	6	1.42	1	2.84	23.02	20.50	25.14	400.35	381.67	5.052	8.014	17.86	28.33	199.7	1699	1	99.79	-0.303	-0.265	0.0981	0.0215	0.0248	0.0206	0.7	-0.22	2.74	1.00	0.00	0.16	111115
114	"09:47:07"	3186.0	0	5.84	0.0615	219	0.995	1.62	20.51	6	1.42	1	2.84	23.02	20.51	25.14	400.32	381.62	5.052	8.017	17.86	28.33	199.8	1699	1	99.79	-0.303	-0.265	0.0981	0.0215	0.0248	0.0206	0.7	-0.22	2.74	1.00	0.00	0.16	111115
"09:47:19 Coolers: Tblock -> 30.00 C"
"09:49:01 Flow: Fixed -> 200 umol/s"
115	"09:49:03"	3303.0	0	5.69	0.0604	218	1.17	1.94	23.09	6	1.42	1	2.84	27.18	23.09	30.11	399.90	381.45	5.482	8.971	15.12	24.74	199.7	1699	1	99.79	-0.148	-0.302	0.168	0.0134	0.108	0.0196	1.0	-0.22	2.74	1.00	0.00	0.16	111115
116	"09:49:04"	3303.0	0	5.69	0.0604	218	1.17	1.94	23.09	6	1.42	1	2.84	27.18	23.09	30.11	399.90	381.45	5.482	8.971	15.12	24.74	199.7	1699	1	99.79	-0.148	-0.302	0.168	0.0134	0.108	0.0196	1.0	-0.22	2.74	1.00	0.00	0.16	111115
117	"09:49:04"	3303.5	0	5.75	0.0607	218	1.18	1.94	23.09	6	1.42	1	2.84	27.19	23.09	30.11	400.04	381.42	5.465	8.972	15.07	24.74	199.7	1699	1	99.79	-0.148	-0.302	0.168	0.0134	0.108	0.0196	1.0	-0.22	2.74	1.00	0.00	0.16	111115
118	"09:49:05"	3304.0	0	5.78	0.061	217	1.18	1.94	23.09	6	1.42	1	2.84	27.19	23.09	30.11	400.11	381.39	5.452	8.972	15.03	24.74	199.7	1699	1	99.79	-0.148	-0.302	0.168	0.0134	0.108	0.0196	1.0	-0.22	2.74	1.00	0.00	0.16	111115
119	"09:49:05"	3304.5	0	5.8	0.0611	217	1.19	1.94	23.09	6	1.42	1	2.84	27.19	23.09	30.11	400.18	381.39	5.442	8.972	15.00	24.74	199.7	1699	1	99.79	-0.148	-0.302	0.168	0.0134	0.108	0.0196	1.0	-0.22	2.74	1.00	0.00	0.16	111115
120	"09:49:06"	3305.0	0	5.86	0.0623	219	1.21	1.94	23.10	6	1.42	1	2.84	27.19	23.10	30.11	400.50	381.50	5.380	8.978	14.83	24.75	199.7	1699	1	99.79	-0.148	-0.302	0.168	0.0134	0.108	0.0196	1.0	-0.22	2.74	1.00	0.00	0.16	111115
121	"09:49:06"	3305.5	0	5.85	0.0624	219	1.21	1.94	23.11	6	1.42	1	2.84	27.20	23.11	30.11	400.49	381.53	5.376	8.980	14.81	24.75	199.7	1699	1	99.79	-0.148	-0.302	0.168	0.0134	0.108	0.0196	1.0	-0.22	2.74	1.00	0.00	0.16	111115
122	"09:49:07"	3306.0	0	5.84	0.0625	220	1.21	1.94	23.10	6	1.42	1	2.84	27.20	23.10	30.11	400.50	381.56	5.373	8.985	14.81	24.76	199.7	1700	1	99.79	-0.148	-0.302	0.168	0.0134	0.108	0.0196	1.0	-0.22	2.74	1.00	0.00	0.16	111115
123	"09:49:08"	3306.5	0	5.85	0.0625	219	1.21	1.94	23.11	6	1.42	1	2.84	27.21	23.11	30.11	400.52	381.55	5.374	8.986	14.80	24.75	199.7	1700	1	99.79	-0.148	-0.302	0.168	0.0134	0.108	0.0196	1.0	-0.22	2.74	1.00	0.00	0.16	111115
124	"09:49:08"	3307.0	0	5.86	0.0626	219	1.21	1.94	23.11	6	1.42	1	2.84	27.21	23.11	30.11	400.49	381.50	5.373	8.988	14.80	24.75	199.7	1700	1	99.79	-0.148	-0.302	0.168	0.0134	0.108	0.0196	1.0	-0.22	2.74	1.00	0.00	0.16	111115
125	"09:49:09"	3308.0	0	5.81	0.0625	220	1.21	1.95	23.13	6	1.42	1	2.84	27.22	23.13	30.11	400.42	381.58	5.374	8.988	14.79	24.74	199.8	1700	1	99.79	-0.148	-0.302	0.168	0.0134	0.108	0.0196	1.0	-0.22	2.74	1.00	0.00	0.16	111115
126	"09:49:09"	3308.5	0	5.79	0.0624	221	1.21	1.95	23.14	6	1.42	1	2.84	27.22	23.14	30.11	400.40	381.60	5.374	8.989	14.79	24.74	199.8	1700	1	99.79	-0.148	-0.302	0.168	0.0134	0.108	0.0196	1.0	-0.22	2.74	1.00	0.00	0.16	111115
127	"09:49:10"	3309.0	0	5.81	0.0624	220	1.21	1.95	23.14	6	1.42	1	2.84	27.23	23.14	30.11	400.38	381.55	5.375	8.986	14.79	24.72	199.8	1700	1	99.79	-0.148	-0.302	0.168	0.0134	0.108	0.0196	1.0	-0.22	2.74	1.00	0.00	0.16	111115
128	"09:49:10"	3309.5	0	5.76	0.0624	222	1.21	1.95	23.14	6	1.42	1	2.84	27.23	23.14	30.11	400.34	381.64	5.375	8.990	14.79	24.73	199.8	1700	1	99.79	-0.148	-0.302	0.168	0.0134	0.108	0.0196	1.0	-0.22	2.74	1.00	0.00	0.16	111115
129	"09:49:11"	3310.0	0	5.77	0.0624	221	1.22	1.95	23.15	6	1.42	1	2.84	27.23	23.15	30.11	400.34	381.62	5.376	8.992	14.79	24.73	199.8	1700	1	99.79	-0.148	-0.302	0.168	0.0134	0.108	0.0196	1.0	-0.22	2.74	1.00	0.00	0.16	111115
130	"09:49:11"	3310.5	0	5.74	0.0625	222	1.22	1.95	23.15	6	1.42	1	2.84	27.24	23.15	30.11	400.33	381.69	5.377	8.995	14.78	24.73	199.8	1700	1	99.79	-0.148	-0.302	0.168	0.0134	0.108	0.0196	1.0	-0.22	2.74	1.00	0.00	0.16	111115
131	"09:49:12"	3311.0	0	5.77	0.0624	221	1.22	1.95	23.16	6	1.42	1	2.84	27.24	23.16	30.11	400.35	381.63	5.377	8.995	14.78	24.73	199.8	1700	1	99.79	-0.148	-0.302	0.168	0.0134	0.108	0.0196	1.0	-0.22	2.74	1.00	0.00	0.16	111115
132	"09:49:13"	3311.5	0	5.79	0.0625	221	1.22	1.95	23.16	6	1.42	1	2.84	27.25	23.16	30.11	400.36	381.57	5.376	9.003	14.78	24.74	199.8	1700	1	99.79	-0.148	-0.302	0.168	0.0134	0.108	0.0196	1.0	-0.22	2.74	1.00	0.00	0.16	111115
133	"09:49:13"	3312.0	0	5.8	0.0625	221	1.22	1.95	23.16	6	1.42	1	2.84	27.25	23.16	30.11	400.36	381.54	5.378	9.001	14.78	24.73	199.8	1700	1	99.79	-0.148	-0.302	0.168	0.0134	0.108	0.0196	1.0	-0.22	2.74	1.00	0.00	0.16	111115
"09:49:28 Coolers: Tblock -> 35.00 C"
"09:51:49 Flow: Fixed -> 200 umol/s"
134	"09:52:13"	3492.0	0	5.47	0.0502	195	1.12	2.2	26.23	6	1.42	1	2.84	31.78	26.23	35.15	399.57	381.86	8.880	12.190	18.79	25.80	199.7	1699	1	99.79	-0.443	-0.401	0.168	0.0853	0.127	0.0894	1.0	-0.22	2.74	1.00	0.00	0.16	111115
135	"09:52:13"	3492.0	0	5.47	0.0502	195	1.12	2.2	26.23	6	1.42	1	2.84	31.78	26.23	35.15	399.57	381.86	8.880	12.190	18.79	25.80	199.7	1699	1	99.79	-0.443	-0.401	0.168	0.0853	0.127	0.0894	1.0	-0.22	2.74	1.00	0.00	0.16	111115
136	"09:52:14"	3492.5	0	5.44	0.0503	196	1.12	2.2	26.24	6	1.42	1	2.84	31.78	26.24	35.15	399.52	381.89	8.880	12.198	18.79	25.81	199.7	1699	1	99.79	-0.443	-0.401	0.168	0.0853	0.127	0.0894	1.0	-0.22	2.74	1.00	0.00	0.16	111115
137	"09:52:14"	3493.0	0	5.46	0.0503	195	1.12	2.21	26.25	6	1.42	1	2.84	31.78	26.25	35.15	399.58	381.89	8.882	12.202	18.79	25.81	199.7	1699	1	99.79	-0.443	-0.401	0.168	0.0853	0.127	0.0894	1.0	-0.22	2.74	1.00	0.00	0.16	111115
138	"09:52:15"	3493.5	0	5.46	0.0503	195	1.12	2.21	26.26	6	1.42	1	2.84	31.79	26.26	35.15	399.61	381.94	8.882	12.207	18.79	25.82	199.7	1699	1	99.79	-0.443	-0.401	0.168	0.0853	0.127	0.0894	1.0	-0.22	2.74	1.00	0.00	0.16	111115
139	"09:52:15"	3494.0	0	5.5	0.0503	194	1.12	2.21	26.27	6	1.42	1	2.84	31.79	26.27	35.15	399.62	381.82	8.884	12.208	18.79	25.81	199.7	1699	1	99.79	-0.443	-0.401	0.168	0.0853	0.127	0.0894	1.0	-0.22	2.74	1.00	0.00	0.16	111115
140	"09:52:16"	3494.5	0	5.51	0.0503	193	1.12	2.21	26.29	6	1.42	1	2.84	31.80	26.29	35.15	399.67	381.84	8.884	12.214	18.78	25.82	199.7	1699	1	99.79	-0.443	-0.401	0.168	0.0853	0.127	0.0894	1.0	-0.22	2.74	1.00	0.00	0.16	111115
141	"09:52:16"	3495.0	0	5.52	0.0503	193	1.12	2.21	26.29	6	1.42	1	2.84	31.80	26.29	35.14	399.67	381.80	8.885	12.216	18.78	25.82	199.7	1699	1	99.79	-0.443	-0.401	0.168	0.0853	0.127	0.0894	1.0	-0.22	2.74	1.00	0.00	0.16	111115
142	"09:52:17"	3495.5	0	5.49	0.0504	195	1.12	2.21	26.30	6	1.42	1	2.84	31.80	26.30	35.14	399.71	381.95	8.886	12.223	18.78	25.83	199.8	1699	1	99.79	-0.443	-0.401	0.168	0.0853	0.127	0.0894	1.0	-0.22	2.74	1.00	0.00	0.16	111115
143	"09:52:17"	3496.0	0	5.5	0.0505	194	1.13	2.22	26.31	6	1.42	1	2.84	31.81	26.31	35.14	399.74	381.92	8.887	12.233	18.78	25.85	199.7	1699	1	99.79	-0.443	-0.401	0.168	0.0853	0.127	0.0894	1.0	-0.22	2.74	1.00	0.00	0.16	111115
144	"09:52:18"	3496.5	0	5.52	0.0506	194	1.13	2.21	26.31	6	1.42	1	2.84	31.81	26.31	35.14	399.79	381.92	8.888	12.238	18.78	25.85	199.7	1699	1	99.79	-0.443	-0.401	0.168	0.0853	0.127	0.0894	1.0	-0.22	2.74	1.00	0.00	0.16	111115
145	"09:52:18"	3497.0	0	5.5	0.0506	195	1.13	2.22	26.32	6	1.42	1	2.84	31.81	26.32	35.14	399.75	381.94	8.887	12.241	18.77	25.86	199.7	1699	1	99.79	-0.443	-0.401	0.168	0.0853	0.127	0.0894	1.0	-0.22	2.74	1.00	0.00	0.16	111115
146	"09:52:19"	3497.5	0	5.5	0.0506	195	1.13	2.22	26.32	6	1.42	1	2.84	31.81	26.32	35.13	399.73	381.90	8.888	12.244	18.77	25.86	199.7	1699	1	99.79	-0.443	-0.401	0.168	0.0853	0.127	0.0894	1.0	-0.22	2.74	1.00	0.00	0.16	111115
147	"09:52:19"	3498.0	0	5.52	0.0507	194	1.13	2.22	26.32	6	1.42	1	2.84	31.81	26.32	35.13	399.77	381.88	8.889	12.250	18.77	25.87	199.7	1699	1	99.79	-0.443	-0.401	0.168	0.0853	0.127	0.0894	1.0	-0.22	2.74	1.00	0.00	0.16	111115
148	"09:52:20"	3498.5	0	5.58	0.0507	193	1.13	2.22	26.32	6	1.42	1	2.84	31.82	26.32	35.13	399.79	381.73	8.890	12.254	18.77	25.88	199.7	1699	1	99.79	-0.443	-0.401	0.168	0.0853	0.127	0.0894	1.0	-0.22	2.74	1.00	0.00	0.16	111115
149	"09:52:20"	3499.0	0	5.53	0.0508	194	1.14	2.22	26.33	6	1.42	1	2.84	31.82	26.33	35.13	399.77	381.84	8.890	12.258	18.77	25.88	199.7	1699	1	99.79	-0.443	-0.401	0.168	0.0853	0.127	0.0894	1.0	-0.22	2.74	1.00	0.00	0.16	111115
150	"09:52:21"	3499.5	0	5.53	0.0507	194	1.14	2.22	26.35	6	1.42	1	2.84	31.82	26.35	35.13	399.75	381.85	8.890	12.258	18.77	25.87	199.8	1699	1	99.79	-0.443	-0.401	0.168	0.0853	0.127	0.0894	1.0	-0.22	2.74	1.00	0.00	0.16	111115
"09:52:33 Coolers: Tblock -> 40.00 C"
"09:55:26 Flow: Fixed -> 200 umol/s"
151	"09:55:28"	3687.0	0	4.87	0.0517	216	1.42	2.71	29.09	6	1.42	1	2.84	36.16	29.09	40.14	399.14	382.88	9.174	13.370	15.20	22.16	199.7	1698	1	99.8	-0.337	-0.393	0.153	0.0155	0.0441	0.0152	1.0	-0.22	2.74	1.00	0.00	0.16	111115
152	"09:55:28"	3687.0	0	4.87	0.0517	216	1.42	2.71	29.09	6	1.42	1	2.84	36.16	29.09	40.14	399.14	382.88	9.174	13.370	15.20	22.16	199.7	1698	1	99.8	-0.337	-0.393	0.153	0.0155	0.0441	0.0152	1.0	-0.22	2.74	1.00	0.00	0.16	111115
153	"09:55:28"	3687.0	0	4.87	0.0517	216	1.42	2.71	29.09	6	1.42	1	2.84	36.16	29.09	40.14	399.14	382.88	9.174	13.370	15.20	22.16	199.7	1698	1	99.8	-0.337	-0.393	0.153	0.0155	0.0441	0.0152	1.0	-0.22	2.74	1.00	0.00	0.16	111115
154	"09:55:29"	3687.5	0	4.95	0.0523	216	1.43	2.71	29.08	6	1.42	1	2.84	36.17	29.08	40.14	399.43	382.90	9.125	13.368	15.12	22.15	199.6	1698	1	99.8	-0.337	-0.393	0.153	0.0155	0.0441	0.0152	1.0	-0.22	2.74	1.00	0.00	0.16	111115
155	"09:55:29"	3688.0	0	5.01	0.0528	215	1.44	2.71	29.08	6	1.42	1	2.84	36.17	29.08	40.14	399.59	382.87	9.095	13.374	15.07	22.16	199.7	1698	1	99.8	-0.337	-0.393	0.153	0.0155	0.0441	0.0152	1.0	-0.22	2.74	1.00	0.00	0.16	111115
156	"09:55:30"	3688.5	0	5.08	0.053	214	1.45	2.7	29.08	6	1.42	1	2.84	36.17	29.08	40.14	399.67	382.72	9.074	13.372	15.03	22.15	199.7	1698	1	99.8	-0.337	-0.393	0.153	0.0155	0.0441	0.0152	1.0	-0.22	2.74	1.00	0.00	0.16	111115
157	"09:55:30"	3689.0	0	5.08	0.0533	215	1.46	2.7	29.06	6	1.42	1	2.84	36.17	29.06	40.14	399.73	382.78	9.060	13.375	15.01	22.16	199.7	1698	1	99.8	-0.337	-0.393	0.153	0.0155	0.0441	0.0152	1.0	-0.22	2.74	1.00	0.00	0.16	111115
158	"09:55:31"	3689.5	0	5.11	0.0535	214	1.46	2.7	29.06	6	1.42	1	2.84	36.17	29.06	40.14	399.79	382.75	9.049	13.376	14.99	22.15	199.7	1699	1	99.8	-0.337	-0.393	0.153	0.0155	0.0441	0.0152	1.0	-0.22	2.74	1.00	0.00	0.16	111115
159	"09:55:31"	3690.0	0	5.23	0.0544	213	1.48	2.7	29.05	6	1.42	1	2.84	36.18	29.05	40.14	400.10	382.69	8.978	13.378	14.87	22.15	199.7	1699	1	99.8	-0.337	-0.393	0.153	0.0155	0.0441	0.0152	1.0	-0.22	2.74	1.00	0.00	0.16	111115
160	"09:55:32"	3690.5	0	5.27	0.0546	212	1.49	2.7	29.05	6	1.42	1	2.84	36.18	29.05	40.14	400.14	382.59	8.973	13.380	14.86	22.16	199.8	1699	1	99.8	-0.337	-0.393	0.153	0.0155	0.0441	0.0152	1.0	-0.22	2.74	1.00	0.00	0.16	111115
161	"09:55:32"	3691.0	0	5.29	0.0545	212	1.49	2.7	29.06	6	1.42	1	2.84	36.18	29.06	40.14	400.21	382.61	8.973	13.380	14.85	22.15	199.8	1699	1	99.8	-0.337	-0.393	0.153	0.0155	0.0441	0.0152	1.0	-0.22	2.74	1.00	0.00	0.16	111115
162	"09:55:33"	3691.5	0	5.32	0.0544	210	1.49	2.7	29.06	6	1.42	1	2.84	36.18	29.06	40.14	400.22	382.54	8.972	13.376	14.85	22.14	199.8	1699	1	99.8	-0.337	-0.393	0.153	0.0155	0.0441	0.0152	1.0	-0.22	2.74	1.00	0.00	0.16	111115
163	"09:55:33"	3692.0	0	5.34	0.0544	210	1.49	2.7	29.07	6	1.42	1	2.84	36.19	29.07	40.13	400.24	382.50	8.972	13.374	14.85	22.13	199.8	1699	1	99.8	-0.337	-0.393	0.153	0.0155	0.0441	0.0152	1.0	-0.22	2.74	1.00	0.00	0.16	111115
164	"09:55:34"	3692.5	0	5.33	0.0544	210	1.49	2.7	29.08	6	1.42	1	2.84	36.19	29.08	40.13	400.27	382.55	8.972	13.380	14.85	22.14	199.8	1699	1	99.8	-0.337	-0.393	0.153	0.0155	0.0441	0.0152	1.0	-0.22	2.74	1.00	0.00	0.16	111115
165	"09:55:34"	3693.0	0	5.32	0.0543	210	1.49	2.71	29.10	6	1.42	1	2.84	36.19	29.10	40.13	400.29	382.60	8.972	13.373	14.84	22.13	199.8	1699	1	99.8	-0.337	-0.393	0.153	0.0155	0.0441	0.0152	1.0	-0.22	2.74	1.00	0.00	0.16	111115
166	"09:55:35"	3694.0	0	5.29	0.0541	210	1.49	2.72	29.14	6	1.42	1	2.84	36.20	29.14	40.13	400.28	382.70	8.971	13.373	14.84	22.12	199.8	1699	1	99.8	-0.337	-0.393	0.153	0.0155	0.0441	0.0152	1.0	-0.22	2.74	1.00	0.00	0.16	111115
167	"09:55:36"	3694.5	0	5.29	0.054	210	1.49	2.72	29.15	6	1.42	1	2.84	36.20	29.15	40.13	400.29	382.69	8.972	13.378	14.83	22.12	199.7	1699	1	99.8	-0.337	-0.393	0.153	0.0155	0.0441	0.0152	1.0	-0.22	2.74	1.00	0.00	0.16	111115
"09:55:45 Coolers: Tblock -> 45.00 C"
"09:59:45 Flow: Fixed -> 200 umol/s"
168	"09:59:47"	3946.5	0	4.83	0.0511	213	1.74	3.35	32.02	6	1.42	1	2.84	40.60	32.02	45.23	399.41	382.89	9.163	14.318	11.95	18.67	199.7	1698	1	99.8	-0.419	-0.424	0.0614	0.0238	0.178	0.0254	1.0	-0.22	2.74	1.00	0.00	0.16	111115
169	"09:59:48"	3946.5	0	4.83	0.0511	213	1.74	3.35	32.02	6	1.42	1	2.84	40.60	32.02	45.23	399.41	382.89	9.163	14.318	11.95	18.67	199.7	1698	1	99.8	-0.419	-0.424	0.0614	0.0238	0.178	0.0254	1.0	-0.22	2.74	1.00	0.00	0.16	111115
170	"09:59:48"	3947.0	0	4.89	0.0516	213	1.75	3.35	32.00	6	1.42	1	2.84	40.60	32.00	45.23	399.55	382.85	9.128	14.322	11.90	18.67	199.7	1698	1	99.8	-0.419	-0.424	0.0614	0.0238	0.178	0.0254	1.0	-0.22	2.74	1.00	0.00	0.16	111115
171	"09:59:49"	3947.5	0	4.88	0.0519	214	1.76	3.34	32.00	6	1.42	1	2.84	40.60	32.00	45.23	399.63	382.93	9.104	14.327	11.87	18.68	199.7	1698	1	99.8	-0.419	-0.424	0.0614	0.0238	0.178	0.0254	1.0	-0.22	2.74	1.00	0.00	0.16	111115
172	"09:59:49"	3948.0	0	4.87	0.0521	214	1.77	3.35	32.00	6	1.42	1	2.84	40.61	32.00	45.23	399.66	382.98	9.087	14.327	11.84	18.67	199.7	1698	1	99.8	-0.419	-0.424	0.0614	0.0238	0.178	0.0254	1.0	-0.22	2.74	1.00	0.00	0.16	111115
173	"09:59:50"	3948.5	0	4.89	0.0522	214	1.77	3.34	32.00	6	1.42	1	2.84	40.61	32.00	45.23	399.71	382.96	9.075	14.329	11.83	18.67	199.7	1698	1	99.8	-0.419	-0.424	0.0614	0.0238	0.178	0.0254	1.0	-0.22	2.74	1.00	0.00	0.16	111115
174	"09:59:50"	3949.0	0	4.97	0.0531	214	1.8	3.34	32.00	6	1.42	1	2.84	40.62	32.00	45.23	399.95	382.96	8.993	14.331	11.71	18.67	199.7	1698	1	99.8	-0.419	-0.424	0.0614	0.0238	0.178	0.0254	1.0	-0.22	2.74	1.00	0.00	0.16	111115
175	"09:59:51"	3949.5	0	4.93	0.053	215	1.8	3.35	32.02	6	1.42	1	2.84	40.62	32.02	45.23	399.94	383.05	8.989	14.329	11.71	18.66	199.7	1698	1	99.8	-0.419	-0.424	0.0614	0.0238	0.178	0.0254	1.0	-0.22	2.74	1.00	0.00	0.16	111115
176	"09:59:51"	3950.0	0	4.95	0.0531	215	1.81	3.35	32.02	6	1.42	1	2.84	40.63	32.02	45.23	400.01	383.07	8.986	14.334	11.70	18.66	199.7	1699	1	99.8	-0.419	-0.424	0.0614	0.0238	0.178	0.0254	1.0	-0.22	2.74	1.00	0.00	0.16	111115
177	"09:59:52"	3950.5	0	4.91	0.0531	216	1.81	3.35	32.03	6	1.42	1	2.84	40.64	32.03	45.22	400.00	383.15	8.985	14.337	11.69	18.66	199.7	1699	1	99.8	-0.419	-0.424	0.0614	0.0238	0.178	0.0254	1.0	-0.22	2.74	1.00	0.00	0.16	111115
178	"09:59:52"	3951.0	0	4.92	0.053	216	1.81	3.36	32.05	6	1.42	1	2.84	40.64	32.05	45.22	400.03	383.17	8.985	14.339	11.69	18.65	199.7	1699	1	99.8	-0.419	-0.424	0.0614	0.0238	0.178	0.0254	1.0	-0.22	2.74	1.00	0.00	0.16	111115
179	"09:59:53"	3951.5	0	4.96	0.053	214	1.81	3.36	32.06	6	1.42	1	2.84	40.65	32.06	45.22	400.02	383.03	8.985	14.339	11.68	18.64	199.7	1699	1	99.8	-0.419	-0.424	0.0614	0.0238	0.178	0.0254	1.0	-0.22	2.74	1.00	0.00	0.16	111115
180	"09:59:53"	3952.0	0	5	0.053	213	1.81	3.36	32.07	6	1.42	1	2.84	40.66	32.07	45.22	400.06	382.96	8.985	14.341	11.68	18.64	199.7	1699	1	99.8	-0.419	-0.424	0.0614	0.0238	0.178	0.0254	1.0	-0.22	2.74	1.00	0.00	0.16	111115
181	"09:59:54"	3952.5	0	4.98	0.0529	213	1.81	3.37	32.09	6	1.42	1	2.84	40.67	32.09	45.21	400.08	383.04	8.984	14.342	11.67	18.63	199.7	1699	1	99.8	-0.419	-0.424	0.0614	0.0238	0.178	0.0254	1.0	-0.22	2.74	1.00	0.00	0.16	111115
182	"09:59:54"	3953.0	0	4.95	0.0529	214	1.81	3.37	32.10	6	1.42	1	2.84	40.67	32.10	45.21	400.03	383.08	8.984	14.341	11.67	18.63	199.7	1699	1	99.8	-0.419	-0.424	0.0614	0.0238	0.178	0.0254	1.0	-0.22	2.74	1.00	0.00	0.16	111115
183	"09:59:55"	3953.5	0	4.99	0.0528	213	1.81	3.37	32.10	6	1.42	1	2.84	40.68	32.10	45.21	400.07	383.00	8.984	14.341	11.66	18.62	199.7	1699	1	99.8	-0.419	-0.424	0.0614	0.0238	0.178	0.0254	1.0	-0.22	2.74	1.00	0.00	0.16	111115
184	"09:59:55"	3954.0	0	5.04	0.0528	211	1.81	3.38	32.12	6	1.42	1	2.84	40.68	32.12	45.20	400.03	382.82	8.984	14.341	11.66	18.62	199.7	1699	1	99.8	-0.419	-0.424	0.0614	0.0238	0.178	0.0254	1.0	-0.22	2.74	1.00	0.00	0.16	111115
185	"09:59:56"	3954.5	0	5.05	0.0526	210	1.81	3.38	32.14	6	1.42	1	2.84	40.69	32.14	45.20	400.05	382.81	8.985	14.340	11.66	18.61	199.7	1699	1	99.8	-0.419	-0.424	0.0614	0.0238	0.178	0.0254	1.0	-0.22	2.74	1.00	0.00	0.16	111115
186	"09:59:56"	3955.0	0	5.04	0.0526	211	1.81	3.39	32.16	6	1.42	1	2.84	40.70	32.16	45.20	400.02	382.80	8.984	14.344	11.65	18.60	199.7	1699	1	99.8	-0.419	-0.424	0.0614	0.0238	0.178	0.0254	1.0	-0.22	2.74	1.00	0.00	0.16	111115
187	"09:59:57"	3955.5	0	5.01	0.0526	211	1.81	3.39	32.17	6	1.42	1	2.84	40.70	32.17	45.20	400.04	382.89	8.984	14.344	11.65	18.60	199.7	1699	1	99.8	-0.419	-0.424	0.0614	0.0238	0.178	0.0254	1.0	-0.22	2.74	1.00	0.00	0.16	111115
"10:00:10 Coolers: Tblock -> 50.00 C"
"10:02:21 Flow: Fixed -> 200 umol/s"
188	"10:02:22"	4101.5	0	3.53	0.0423	229	1.82	4.21	35.10	6	1.42	1	2.84	45.18	35.10	49.91	399.15	386.41	9.350	14.744	9.59	15.13	199.6	1700	1	99.8	-0.25	-0.426	0.0787	0.00346	0.0852	0.00319	0.7	-0.22	2.74	1.00	0.00	0.16	111115
189	"10:02:22"	4101.5	0	3.53	0.0423	229	1.82	4.21	35.10	6	1.42	1	2.84	45.18	35.10	49.91	399.15	386.41	9.350	14.744	9.59	15.13	199.6	1700	1	99.8	-0.25	-0.426	0.0787	0.00346	0.0852	0.00319	0.7	-0.22	2.74	1.00	0.00	0.16	111115
190	"10:02:23"	4102.0	0	3.69	0.0431	226	1.86	4.2	35.08	6	1.42	1	2.84	45.18	35.08	49.91	399.45	386.21	9.234	14.733	9.47	15.11	199.6	1701	1	99.8	-0.25	-0.426	0.0787	0.00346	0.0852	0.00319	0.7	-0.22	2.74	1.00	0.00	0.16	111115
191	"10:02:23"	4102.0	0	3.69	0.0431	226	1.86	4.2	35.08	6	1.42	1	2.84	45.18	35.08	49.91	399.45	386.21	9.234	14.733	9.47	15.11	199.6	1701	1	99.8	-0.25	-0.426	0.0787	0.00346	0.0852	0.00319	0.7	-0.22	2.74	1.00	0.00	0.16	111115
192	"10:02:24"	4102.5	0	3.73	0.0436	226	1.88	4.21	35.10	6	1.42	1	2.84	45.18	35.10	49.91	399.58	386.19	9.176	14.733	9.41	15.11	199.6	1701	1	99.8	-0.25	-0.426	0.0787	0.00346	0.0852	0.00319	0.7	-0.22	2.74	1.00	0.00	0.16	111115
193	"10:02:24"	4103.0	0	3.68	0.0438	229	1.89	4.21	35.11	6	1.42	1	2.84	45.18	35.11	49.91	399.58	386.31	9.140	14.736	9.37	15.12	199.6	1701	1	99.8	-0.25	-0.426	0.0787	0.00346	0.0852	0.00319	0.7	-0.22	2.74	1.00	0.00	0.16	111115
194	"10:02:25"	4103.5	0	3.74	0.044	227	1.9	4.22	35.12	6	1.42	1	2.84	45.18	35.12	49.91	399.65	386.20	9.116	14.733	9.35	15.11	199.6	1701	1	99.8	-0.25	-0.426	0.0787	0.00346	0.0852	0.00319	0.7	-0.22	2.74	1.00	0.00	0.16	111115
195	"10:02:25"	4104.0	0	3.7	0.0441	229	1.9	4.22	35.13	6	1.42	1	2.84	45.19	35.13	49.91	399.64	386.32	9.099	14.734	9.33	15.11	199.6	1701	1	99.8	-0.25	-0.426	0.0787	0.00346	0.0852	0.00319	0.7	-0.22	2.74	1.00	0.00	0.16	111115
196	"10:02:26"	4104.5	0	3.74	0.0442	228	1.91	4.22	35.13	6	1.42	1	2.84	45.19	35.13	49.91	399.68	386.23	9.086	14.735	9.32	15.11	199.6	1701	1	99.8	-0.25	-0.426	0.0787	0.00346	0.0852	0.00319	0.7	-0.22	2.74	1.00	0.00	0.16	111115
197	"10:02:26"	4105.0	0	3.81	0.0448	227	1.94	4.22	35.13	6	1.42	1	2.84	45.19	35.13	49.90	399.87	386.19	9.001	14.732	9.23	15.11	199.6	1701	1	99.8	-0.25	-0.426	0.0787	0.00346	0.0852	0.00319	0.7	-0.22	2.74	1.00	0.00	0.16	111115
198	"10:02:27"	4105.5	0	3.82	0.0448	226	1.94	4.22	35.13	6	1.42	1	2.84	45.19	35.13	49.90	399.86	386.12	8.997	14.727	9.22	15.10	199.6	1701	1	99.8	-0.25	-0.426	0.0787	0.00346	0.0852	0.00319	0.7	-0.22	2.74	1.00	0.00	0.16	111115
199	"10:02:27"	4106.0	0	3.83	0.0447	226	1.93	4.22	35.14	6	1.42	1	2.84	45.20	35.14	49.90	399.87	386.11	8.996	14.722	9.22	15.09	199.6	1700	1	99.8	-0.25	-0.426	0.0787	0.00346	0.0852	0.00319	0.7	-0.22	2.74	1.00	0.00	0.16	111115
200	"10:02:28"	4106.5	0	3.82	0.0447	226	1.93	4.23	35.15	6	1.42	1	2.84	45.20	35.15	49.90	399.87	386.15	8.995	14.717	9.22	15.08	199.6	1700	1	99.8	-0.25	-0.426	0.0787	0.00346	0.0852	0.00319	0.7	-0.22	2.74	1.00	0.00	0.16	111115
201	"10:02:28"	4107.0	0	3.85	0.0446	225	1.93	4.23	35.15	6	1.42	1	2.84	45.20	35.15	49.90	399.94	386.14	8.996	14.711	9.22	15.07	199.6	1700	1	99.8	-0.25	-0.426	0.0787	0.00346	0.0852	0.00319	0.7	-0.22	2.74	1.00	0.00	0.16	111115
202	"10:02:29"	4108.0	0	3.82	0.0446	226	1.93	4.23	35.16	6	1.42	1	2.84	45.21	35.16	49.90	399.93	386.22	8.996	14.707	9.22	15.07	199.6	1700	1	99.8	-0.25	-0.426	0.0787	0.00346	0.0852	0.00319	0.7	-0.22	2.74	1.00	0.00	0.16	111115
203	"10:02:30"	4108.5	0	3.79	0.0445	227	1.93	4.23	35.16	6	1.42	1	2.84	45.21	35.16	49.89	399.92	386.30	8.996	14.706	9.21	15.06	199.6	1700	1	99.8	-0.25	-0.426	0.0787	0.00346	0.0852	0.00319	0.7	-0.22	2.74	1.00	0.00	0.16	111115
204	"10:02:30"	4109.0	0	3.76	0.0445	228	1.93	4.23	35.17	6	1.42	1	2.84	45.21	35.17	49.89	399.92	386.37	8.995	14.704	9.21	15.06	199.6	1700	1	99.8	-0.25	-0.426	0.0787	0.00346	0.0852	0.00319	0.7	-0.22	2.74	1.00	0.00	0.16	111115
205	"10:02:31"	4109.5	0	3.72	0.0445	229	1.93	4.23	35.17	6	1.42	1	2.84	45.22	35.17	49.89	399.92	386.49	8.996	14.701	9.21	15.05	199.7	1700	1	99.8	-0.25	-0.426	0.0787	0.00346	0.0852	0.00319	0.7	-0.22	2.74	1.00	0.00	0.16	111115
206	"10:02:31"	4110.0	0	3.74	0.0445	229	1.93	4.24	35.18	6	1.42	1	2.84	45.22	35.18	49.89	399.94	386.45	8.996	14.708	9.21	15.06	199.6	1700	1	99.8	-0.25	-0.426	0.0787	0.00346	0.0852	0.00319	0.7	-0.22	2.74	1.00	0.00	0.16	111115
207	"10:02:32"	4110.5	0	3.74	0.0445	228	1.93	4.24	35.19	6	1.42	1	2.84	45.22	35.19	49.89	399.94	386.46	8.995	14.709	9.21	15.06	199.7	1700	1	99.8	-0.25	-0.426	0.0787	0.00346	0.0852	0.00319	0.7	-0.22	2.74	1.00	0.00	0.16	111115
208	"10:02:32"	4111.0	0	3.76	0.0444	227	1.93	4.24	35.20	6	1.42	1	2.84	45.22	35.20	49.89	399.93	386.39	8.995	14.702	9.21	15.05	199.7	1700	1	99.8	-0.25	-0.426	0.0787	0.00346	0.0852	0.00319	0.7	-0.22	2.74	1.00	0.00	0.16	111115
209	"10:02:33"	4111.5	0	3.78	0.0443	226	1.93	4.25	35.21	6	1.42	1	2.84	45.23	35.21	49.89	399.97	386.36	8.995	14.696	9.21	15.04	199.7	1700	1	99.8	-0.25	-0.426	0.0787	0.00346	0.0852	0.00319	0.7	-0.22	2.74	1.00	0.00	0.16	111115
210	"10:02:33"	4112.0	0	3.78	0.0443	226	1.92	4.25	35.21	6	1.42	1	2.84	45.23	35.21	49.89	399.96	386.39	8.995	14.689	9.20	15.03	199.7	1700	1	99.8	-0.25	-0.426	0.0787	0.00346	0.0852	0.00319	0.7	-0.22	2.74	1.00	0.00	0.16	111115
211	"10:02:34"	4112.5	0	3.77	0.0441	226	1.92	4.25	35.22	6	1.42	1	2.84	45.23	35.22	49.89	399.97	386.40	8.995	14.681	9.20	15.02	199.7	1700	1	99.8	-0.25	-0.426	0.0787	0.00346	0.0852	0.00319	0.7	-0.22	2.74	1.00	0.00	0.16	111115
