"OPEN 6.3.4"
"Mon Jul 23 2018 10:27:20"
<open><version>"6.3.4"</version></open>
<open><configfile>"/User/Configs/UserPrefs/LED2x3.xml"</configfile></open>
<open><light><source>"6400-02 or -02B LED Source"</source><par_in>1<sensor>"SI-2503"<cal>-0.86<actinity>1.00</actinity><transm>1.00</transm></cal></sensor><transm>1</transm></par_in><par_out>1<sensor>"Q40491"<cal>6.5</cal></sensor></par_out></light></open>
<open><comps><file>"/User/Configs/Comps/StdComps_6.1"<header>""</header><extras></extras></file><energybal>no<f_parIn>1</f_parIn><f_parOut>0</f_parOut><alphaK>0.16</alphaK></energybal><bc_total>2.840<stomatal_ratio>1</stomatal_ratio><bc_oneside>1.420<type>2</type><table>"/Sys/Lib/StdBLCTable"</table><area>6</area><slope>-0.219565</slope><offset>2.73739</offset><fan>5</fan></bc_oneside></bc_total></comps></open>
<open><prompts><onlog>off</onlog><items>"Default (none)"</items></prompts></open>
<open><constants><oxygen>21 %</oxygen><bb_vapor>1.5</bb_vapor><bb_oxy>0.9</bb_oxy></constants></open>
<open><stability><items>"Std Stability"<items[1]><id>-2</id><size>15</size><pcv><onoff>0</onoff><value>1</value></pcv><std><onoff>0</onoff><value>1</value></std><slp><onoff>1</onoff><value>1</value></slp></items[1]><items[2]><id>-5</id><size>15</size><pcv><onoff>0</onoff><value>1</value></pcv><std><onoff>0</onoff><value>1</value></std><slp><onoff>1</onoff><value>1</value></slp></items[2]><items[3]><id>-7</id><size>15</size><pcv><onoff>0</onoff><value>1</value></pcv><std><onoff>0</onoff><value>1</value></std><slp><onoff>1</onoff><value>1</value></slp></items[3]></items></stability></open>
<open><log><format>"StdLogFmt_6.0"<items>{ -35 -21 -70 -69 -76 30 23 36 21 25 221 -33 111 -34 11 -9 -10 -8 -1 -2 -4 -5 -14 -15 -7 -12 -13 -11 -65 -66 -72 -18 -19 -77 -78 -79 -23  }<hdr>{  }</hdr></items></format><options><beep>on</beep><match>"never"<time>30</time><co2>100</co2><delta>10</delta></match><hdr>normal</hdr><rem>normal</rem><stab>no</stab><stats>no<mean>no</mean><file>no</file><period>15</period></stats><excel>yes</excel><controls>yes</controls><comm>no</comm></options><datafile>"/User/0000-AAQ4039-230718"</datafile><button><action>"Normal Log"<code>" LogOneObsManual "</code></action></button><autoprog>"/User/Configs/AutoProgs/AutoLog2"<active>no</active></autoprog></log></open>
<open><a2d><avgtime>4.0 secs</avgtime><userchans><ch20>"Off"</ch20><ch21>"Off"</ch21><ch22>"Off"</ch22><ch23>"Off"</ch23></userchans></a2d></open>
<open><matching><type>0</type><disp>'a'</disp><settings>><CO2Limit>10.0</CO2Limit><H2OLimit>1.0</H2OLimit><MaxAutoTime>60</MaxAutoTime><AverageTime>10</AverageTime></settings></matching></open>
<li6400><factory><unit>"PSC-2470"</unit><serviced>"5 Feb 2018"</serviced><fuseaware>0</fuseaware><co2mixer>yes</co2mixer><co2><coeffs>{ 0 0.214772 2.55802e-05 1.93228e-08 -3.02262e-12 2.75724e-16  }</coeffs><dvdt>-4</dvdt><xs>{ 9.11e-05 0.00178  }</xs></co2><h2o><coeffs>{ 0 0.00581526 2.16703e-06 7.69607e-12  }</coeffs><dvdt>-2.9</dvdt><xs>{ -0.000111 -0.00256  }</xs></h2o><flow>{ 0 0.3696  }</flow><press>{ 86.913 0.00551  }</press></factory></li6400>
<li6400><user><flow_zero>-42.6</flow_zero><irga_zero><co2>113.5 152.5<at>27.1329</at></co2><h2o>-3.5 -3.5<at>28.1091</at></h2o></irga_zero><irga_span><co2>{ 0.990134 0.992694  }</co2><h2o>{ 0.996743 0.99801  }</h2o></irga_span><irga_match><co2>{ 0.110267 6.3521  }</co2><h2o>{ -0.0816591 0.0277246  }</h2o></irga_match><co2_mixer><pump_mv>4500</pump_mv><ppm>{ 2352.67 1117.67 439.284 266.3 121.188 70.6751 48.8233 48.8102  }</ppm><mv>{ 5000 3000 1500 1000 500 300 200 100  }</mv></co2_mixer><parin_offset>-0.211894</parin_offset><led_cal><unit>"SI-2503"</unit><mv>{ 10 25 50 100 1000 2000 3000 4000 5000  }</mv><qntm>{ 1.83047 9.20354 23.3042 57.5395 736.221 1467.2 2160.1 2821.48 3447.04  }</qntm></led_cal><lcf_cal><unit>"LCF-0981"</unit><red><mv>{ 50 100 200 400 800 1500  }</mv><qntm>{ 64.6036 145.758 312.409 661.73 1377.94 2641.23  }</qntm></red><blue><mv>{ 100 500 1000 2000 3000 4000 5000  }</mv><qntm>{ 11.107 44.4539 81.9578 145.168 203.372 256.093 300.56  }</qntm></blue></lcf_cal></user></li6400>
"10:27:21 "
$STARTOFDATA$
"Obs"	"HHMMSS"	"YYYYMMDD"	"DOY"	"EBal?"	"Photo"	"Cond"	"Ci"	"Trmmol"	"VpdL"	"CTleaf"	"Area"	"BLC_1"	"StmRat"	"BLCond"	"Tair"	"Tleaf"	"TBlk"	"CO2R"	"CO2S"	"H2OR"	"H2OS"	"RH_R"	"RH_S"	"Flow"	"PARi"	"PARo"	"Press"	"CsMch"	"HsMch"	"StableF"	"BLCslope"	"BLCoffst"	"f_parin"	"f_parout"	"alphaK"	"Status"
1	"10:27:27"	20180723	204	0	6.63	0.176	312	1.12	0.669	6.99	6	1.42	1	2.84	2.70	6.99	0.63	400.28	379.11	0.030	3.367	0.40	45.20	199.8	1701	1	99.99	6.35	0.0277	1.0	-0.22	2.74	1.00	0.00	0.16	111115
2	"10:27:27"	20180723	204	0	6.63	0.176	312	1.12	0.669	6.99	6	1.42	1	2.84	2.70	6.99	0.63	400.28	379.11	0.030	3.367	0.40	45.20	199.8	1701	1	99.99	6.35	0.0277	1.0	-0.22	2.74	1.00	0.00	0.16	111115
3	"10:27:28"	20180723	204	0	6.63	0.176	312	1.12	0.669	7.00	6	1.42	1	2.84	2.70	7.00	0.63	400.28	379.11	0.030	3.367	0.40	45.20	199.8	1701	1	99.99	6.35	0.0277	1.0	-0.22	2.74	1.00	0.00	0.16	111115
4	"10:27:28"	20180723	204	0	6.63	0.176	312	1.12	0.669	7.00	6	1.42	1	2.84	2.70	7.00	0.63	400.28	379.11	0.030	3.367	0.40	45.20	199.8	1701	1	99.99	6.35	0.0277	1.0	-0.22	2.74	1.00	0.00	0.16	111115
5	"10:27:29"	20180723	204	0	6.62	0.176	312	1.12	0.669	6.99	6	1.42	1	2.84	2.70	6.99	0.63	400.27	379.12	0.030	3.368	0.40	45.21	199.8	1701	1	99.99	6.35	0.0277	1.0	-0.22	2.74	1.00	0.00	0.16	111115
6	"10:27:29"	20180723	204	0	6.61	0.176	312	1.12	0.668	6.99	6	1.42	1	2.84	2.70	6.99	0.63	400.27	379.15	0.030	3.369	0.40	45.21	199.8	1701	1	99.99	6.35	0.0277	1.0	-0.22	2.74	1.00	0.00	0.16	111115
7	"10:27:30"	20180723	204	0	6.6	0.176	312	1.12	0.669	7.01	6	1.42	1	2.84	2.70	7.01	0.63	400.29	379.19	0.030	3.370	0.40	45.22	199.8	1701	1	99.99	6.35	0.0277	1.0	-0.22	2.74	1.00	0.00	0.16	111115
8	"10:27:30"	20180723	204	0	6.61	0.176	312	1.12	0.67	7.01	6	1.42	1	2.84	2.70	7.01	0.64	400.30	379.17	0.030	3.370	0.40	45.22	199.8	1701	1	99.99	6.35	0.0277	1.0	-0.22	2.74	1.00	0.00	0.16	111115
9	"10:27:31"	20180723	204	0	6.61	0.176	312	1.12	0.67	7.02	6	1.42	1	2.84	2.70	7.02	0.64	400.28	379.17	0.030	3.370	0.40	45.22	199.8	1701	1	99.99	6.35	0.0277	1.0	-0.22	2.74	1.00	0.00	0.16	111115
10	"10:27:31"	20180723	204	0	6.6	0.176	312	1.12	0.67	7.02	6	1.42	1	2.84	2.70	7.02	0.64	400.25	379.16	0.029	3.368	0.39	45.20	199.9	1701	1	99.99	6.35	0.0277	1.0	-0.22	2.74	1.00	0.00	0.16	111115
11	"10:27:32"	20180723	204	0	6.6	0.176	312	1.12	0.669	7.00	6	1.42	1	2.84	2.70	7.00	0.64	400.20	379.12	0.028	3.366	0.38	45.17	199.9	1701	1	99.99	6.35	0.0277	1.0	-0.22	2.74	1.00	0.00	0.16	111115
12	"10:27:32"	20180723	204	0	6.59	0.176	312	1.12	0.668	6.98	6	1.42	1	2.84	2.71	6.98	0.64	400.19	379.15	0.028	3.366	0.38	45.16	199.9	1701	1	99.99	6.35	0.0277	1.0	-0.22	2.74	1.00	0.00	0.16	111115
13	"10:27:33"	20180723	204	0	6.59	0.176	312	1.12	0.668	6.98	6	1.42	1	2.84	2.71	6.98	0.65	400.22	379.17	0.028	3.365	0.38	45.15	199.9	1701	1	99.99	6.35	0.0277	1.0	-0.22	2.74	1.00	0.00	0.16	111115
14	"10:27:33"	20180723	204	0	6.59	0.176	312	1.12	0.667	6.97	6	1.42	1	2.84	2.71	6.97	0.65	400.23	379.16	0.028	3.366	0.38	45.15	199.8	1701	1	99.99	6.35	0.0277	1.0	-0.22	2.74	1.00	0.00	0.16	111115
15	"10:27:34"	20180723	204	0	6.58	0.177	313	1.12	0.666	6.96	6	1.42	1	2.84	2.71	6.96	0.66	400.25	379.21	0.029	3.369	0.39	45.18	199.8	1701	1	99.99	6.35	0.0277	1.0	-0.22	2.74	1.00	0.00	0.16	111115
16	"10:27:34"	20180723	204	0	6.58	0.177	313	1.12	0.666	6.96	6	1.42	1	2.84	2.71	6.96	0.66	400.25	379.21	0.029	3.369	0.39	45.18	199.8	1701	1	99.99	6.35	0.0277	1.0	-0.22	2.74	1.00	0.00	0.16	111115
17	"10:27:35"	20180723	204	0	6.57	0.177	313	1.12	0.664	6.93	6	1.42	1	2.84	2.71	6.93	0.66	400.22	379.23	0.030	3.369	0.40	45.18	199.8	1701	1	99.99	6.35	0.0277	1.0	-0.22	2.74	1.00	0.00	0.16	111115
18	"10:27:36"	20180723	204	0	6.56	0.177	313	1.12	0.664	6.92	6	1.42	1	2.84	2.71	6.92	0.67	400.22	379.24	0.030	3.370	0.40	45.19	199.8	1701	1	99.99	6.35	0.0277	1.0	-0.22	2.74	1.00	0.00	0.16	111115
19	"10:27:36"	20180723	204	0	6.58	0.177	313	1.12	0.664	6.93	6	1.42	1	2.84	2.71	6.93	0.67	400.24	379.22	0.030	3.371	0.40	45.20	199.8	1701	1	99.99	6.35	0.0277	1.0	-0.22	2.74	1.00	0.00	0.16	111115
20	"10:27:37"	20180723	204	0	6.57	0.177	313	1.12	0.665	6.94	6	1.42	1	2.84	2.72	6.94	0.68	400.22	379.22	0.029	3.371	0.40	45.20	199.8	1701	1	99.99	6.35	0.0277	1.0	-0.22	2.74	1.00	0.00	0.16	111115
"10:27:53 Coolers: Tblock -> 5.00 C"
"10:29:26 Flow: Fixed -> 200 umol/s"
21	"10:29:31"	20180723	204	0	6.7	0.166	306	1.2	0.756	8.59	6	1.42	1	2.84	5.99	8.59	5.11	399.78	378.29	0.064	3.649	0.69	38.88	199.8	1700	1	99.99	6.12	0.019	1.0	-0.22	2.74	1.00	0.00	0.16	111115
22	"10:29:31"	20180723	204	0	6.7	0.166	306	1.2	0.756	8.59	6	1.42	1	2.84	5.99	8.59	5.11	399.78	378.29	0.064	3.649	0.69	38.88	199.8	1700	1	99.99	6.12	0.019	1.0	-0.22	2.74	1.00	0.00	0.16	111115
23	"10:29:32"	20180723	204	0	6.71	0.167	307	1.2	0.755	8.58	6	1.42	1	2.84	6.00	8.58	5.11	399.80	378.29	0.054	3.649	0.57	38.88	199.8	1700	1	99.99	6.12	0.019	1.0	-0.22	2.74	1.00	0.00	0.16	111115
24	"10:29:32"	20180723	204	0	6.71	0.168	307	1.2	0.754	8.56	6	1.42	1	2.84	6.00	8.56	5.11	399.82	378.32	0.049	3.650	0.53	38.88	199.8	1700	1	99.99	6.12	0.019	1.0	-0.22	2.74	1.00	0.00	0.16	111115
25	"10:29:33"	20180723	204	0	6.73	0.168	307	1.2	0.753	8.55	6	1.42	1	2.84	6.00	8.55	5.11	399.89	378.29	0.048	3.649	0.51	38.87	199.8	1700	1	100	6.12	0.019	1.0	-0.22	2.74	1.00	0.00	0.16	111115
26	"10:29:33"	20180723	204	0	6.73	0.168	307	1.2	0.752	8.54	6	1.42	1	2.84	6.00	8.54	5.11	399.88	378.29	0.046	3.649	0.49	38.86	199.8	1700	1	99.99	6.12	0.019	1.0	-0.22	2.74	1.00	0.00	0.16	111115
27	"10:29:34"	20180723	204	0	6.74	0.168	307	1.2	0.752	8.53	6	1.42	1	2.84	6.00	8.53	5.11	399.89	378.29	0.046	3.649	0.49	38.85	199.8	1700	1	99.99	6.12	0.019	1.0	-0.22	2.74	1.00	0.00	0.16	111115
28	"10:29:34"	20180723	204	0	6.77	0.168	306	1.2	0.753	8.54	6	1.42	1	2.84	6.01	8.54	5.11	399.94	378.25	0.045	3.648	0.48	38.83	199.8	1700	1	100	6.12	0.019	1.0	-0.22	2.74	1.00	0.00	0.16	111115
29	"10:29:35"	20180723	204	0	6.78	0.168	307	1.2	0.752	8.54	6	1.42	1	2.84	6.01	8.54	5.11	400.00	378.28	0.045	3.650	0.48	38.85	199.8	1700	1	99.99	6.12	0.019	1.0	-0.22	2.74	1.00	0.00	0.16	111115
30	"10:29:36"	20180723	204	0	6.78	0.168	306	1.21	0.752	8.54	6	1.42	1	2.84	6.01	8.54	5.11	399.97	378.23	0.044	3.649	0.47	38.84	199.8	1700	1	99.99	6.12	0.019	1.0	-0.22	2.74	1.00	0.00	0.16	111115
31	"10:29:36"	20180723	204	0	6.78	0.168	306	1.2	0.753	8.55	6	1.42	1	2.84	6.01	8.55	5.11	399.99	378.27	0.044	3.648	0.47	38.82	199.8	1700	1	99.99	6.12	0.019	1.0	-0.22	2.74	1.00	0.00	0.16	111115
32	"10:29:37"	20180723	204	0	6.81	0.168	306	1.21	0.754	8.57	6	1.42	1	2.84	6.02	8.57	5.11	400.04	378.23	0.044	3.649	0.46	38.82	199.8	1700	1	99.99	6.12	0.019	1.0	-0.22	2.74	1.00	0.00	0.16	111115
33	"10:29:37"	20180723	204	0	6.78	0.168	306	1.21	0.755	8.59	6	1.42	1	2.84	6.02	8.59	5.11	400.00	378.29	0.043	3.651	0.46	38.83	199.8	1700	1	99.99	6.12	0.019	1.0	-0.22	2.74	1.00	0.00	0.16	111115
34	"10:29:38"	20180723	204	0	6.79	0.168	306	1.21	0.756	8.59	6	1.42	1	2.84	6.02	8.59	5.11	400.02	378.26	0.043	3.652	0.46	38.83	199.8	1700	1	99.99	6.12	0.019	1.0	-0.22	2.74	1.00	0.00	0.16	111115
35	"10:29:38"	20180723	204	0	6.78	0.168	306	1.21	0.756	8.59	6	1.42	1	2.84	6.02	8.59	5.11	399.99	378.25	0.043	3.651	0.46	38.82	199.8	1700	1	99.99	6.12	0.019	1.0	-0.22	2.74	1.00	0.00	0.16	111115
36	"10:29:39"	20180723	204	0	6.77	0.168	306	1.21	0.755	8.58	6	1.42	1	2.84	6.03	8.58	5.11	399.95	378.26	0.043	3.652	0.45	38.83	199.8	1700	1	99.99	6.12	0.019	1.0	-0.22	2.74	1.00	0.00	0.16	111115
37	"10:29:39"	20180723	204	0	6.77	0.168	306	1.21	0.755	8.58	6	1.42	1	2.84	6.03	8.58	5.11	399.91	378.21	0.043	3.650	0.45	38.81	199.8	1700	1	99.99	6.12	0.019	1.0	-0.22	2.74	1.00	0.00	0.16	111115
38	"10:29:40"	20180723	204	0	6.75	0.168	307	1.21	0.755	8.58	6	1.42	1	2.84	6.03	8.58	5.11	399.90	378.27	0.042	3.651	0.45	38.81	199.8	1700	1	99.99	6.12	0.019	1.0	-0.22	2.74	1.00	0.00	0.16	111115
39	"10:29:40"	20180723	204	0	6.77	0.168	306	1.21	0.755	8.59	6	1.42	1	2.84	6.03	8.59	5.11	399.92	378.23	0.042	3.654	0.45	38.83	199.8	1700	1	99.99	6.12	0.019	1.0	-0.22	2.74	1.00	0.00	0.16	111115
40	"10:29:41"	20180723	204	0	6.8	0.168	306	1.21	0.755	8.59	6	1.42	1	2.84	6.04	8.59	5.11	400.00	378.21	0.042	3.654	0.44	38.82	199.8	1700	1	100	6.12	0.019	1.0	-0.22	2.74	1.00	0.00	0.16	111115
41	"10:29:42"	20180723	204	0	6.82	0.168	306	1.21	0.756	8.60	6	1.42	1	2.84	6.04	8.60	5.11	400.06	378.20	0.041	3.656	0.44	38.83	199.8	1700	1	100	6.12	0.019	1.0	-0.22	2.74	1.00	0.00	0.16	111115
"10:29:56 Coolers: Tblock -> 10.00 C"
"10:31:14 Flow: Fixed -> 200 umol/s"
42	"10:31:16"	20180723	204	0	6.72	0.15	298	1.26	0.875	10.53	6	1.42	1	2.84	9.74	10.53	10.11	399.18	377.57	0.263	4.026	2.17	33.23	199.8	1699	1	100	6.09	0.0155	1.0	-0.22	2.74	1.00	0.00	0.16	111115
43	"10:31:17"	20180723	204	0	6.72	0.15	298	1.26	0.875	10.53	6	1.42	1	2.84	9.74	10.53	10.11	399.18	377.57	0.263	4.026	2.17	33.23	199.8	1699	1	100	6.09	0.0155	1.0	-0.22	2.74	1.00	0.00	0.16	111115
44	"10:31:17"	20180723	204	0	6.76	0.152	298	1.27	0.875	10.54	6	1.42	1	2.84	9.75	10.54	10.11	399.35	377.59	0.224	4.029	1.85	33.25	199.8	1699	1	100	6.09	0.0155	1.0	-0.22	2.74	1.00	0.00	0.16	111115
45	"10:31:18"	20180723	204	0	6.79	0.153	299	1.28	0.874	10.53	6	1.42	1	2.84	9.75	10.53	10.11	399.46	377.62	0.197	4.030	1.63	33.25	199.8	1699	1	100	6.09	0.0155	1.0	-0.22	2.74	1.00	0.00	0.16	111115
46	"10:31:18"	20180723	204	0	6.8	0.154	299	1.29	0.875	10.54	6	1.42	1	2.84	9.75	10.54	10.11	399.54	377.64	0.177	4.030	1.46	33.25	199.8	1699	1	100	6.09	0.0155	1.0	-0.22	2.74	1.00	0.00	0.16	111115
47	"10:31:19"	20180723	204	0	6.81	0.155	299	1.29	0.875	10.54	6	1.42	1	2.84	9.75	10.54	10.11	399.58	377.66	0.162	4.030	1.34	33.24	199.8	1699	1	99.99	6.09	0.0155	1.0	-0.22	2.74	1.00	0.00	0.16	111115
48	"10:31:19"	20180723	204	0	6.93	0.158	299	1.32	0.875	10.54	6	1.42	1	2.84	9.76	10.54	10.11	399.99	377.67	0.077	4.031	0.64	33.24	199.8	1699	1	100	6.09	0.0155	1.0	-0.22	2.74	1.00	0.00	0.16	111115
49	"10:31:20"	20180723	204	0	6.92	0.159	300	1.33	0.875	10.54	6	1.42	1	2.84	9.76	10.54	10.10	399.97	377.68	0.066	4.031	0.54	33.23	199.8	1699	1	99.99	6.09	0.0155	1.0	-0.22	2.74	1.00	0.00	0.16	111115
50	"10:31:21"	20180723	204	0	6.91	0.159	300	1.33	0.875	10.55	6	1.42	1	2.84	9.77	10.55	10.10	399.94	377.68	0.062	4.031	0.51	33.22	199.8	1699	1	100	6.09	0.0155	1.0	-0.22	2.74	1.00	0.00	0.16	111115
51	"10:31:21"	20180723	204	0	6.91	0.159	300	1.33	0.875	10.55	6	1.42	1	2.84	9.77	10.55	10.10	399.95	377.71	0.059	4.032	0.49	33.22	199.8	1699	1	100	6.09	0.0155	1.0	-0.22	2.74	1.00	0.00	0.16	111115
52	"10:31:22"	20180723	204	0	6.89	0.159	300	1.33	0.875	10.55	6	1.42	1	2.84	9.78	10.55	10.10	399.93	377.73	0.057	4.032	0.47	33.21	199.8	1699	1	100	6.09	0.0155	1.0	-0.22	2.74	1.00	0.00	0.16	111115
53	"10:31:22"	20180723	204	0	6.9	0.159	300	1.33	0.876	10.56	6	1.42	1	2.84	9.79	10.56	10.10	399.94	377.72	0.055	4.035	0.46	33.21	199.9	1699	1	100	6.09	0.0155	1.0	-0.22	2.74	1.00	0.00	0.16	111115
54	"10:31:23"	20180723	204	0	6.91	0.159	300	1.33	0.877	10.57	6	1.42	1	2.84	9.79	10.57	10.10	399.95	377.69	0.055	4.037	0.45	33.21	199.8	1699	1	100	6.09	0.0155	1.0	-0.22	2.74	1.00	0.00	0.16	111115
55	"10:31:23"	20180723	204	0	6.92	0.159	300	1.33	0.877	10.58	6	1.42	1	2.84	9.80	10.58	10.10	399.97	377.68	0.055	4.039	0.45	33.22	199.8	1699	1	100	6.09	0.0155	1.0	-0.22	2.74	1.00	0.00	0.16	111115
56	"10:31:24"	20180723	204	0	6.93	0.159	300	1.33	0.878	10.59	6	1.42	1	2.84	9.80	10.59	10.10	400.00	377.68	0.054	4.041	0.45	33.22	199.8	1699	1	100	6.09	0.0155	1.0	-0.22	2.74	1.00	0.00	0.16	111115
57	"10:31:25"	20180723	204	0	6.95	0.159	300	1.33	0.878	10.59	6	1.42	1	2.84	9.80	10.59	10.10	400.06	377.68	0.054	4.042	0.44	33.22	199.8	1699	1	100	6.09	0.0155	1.0	-0.22	2.74	1.00	0.00	0.16	111115
58	"10:31:25"	20180723	204	0	6.97	0.159	299	1.33	0.878	10.60	6	1.42	1	2.84	9.81	10.60	10.10	400.11	377.66	0.053	4.044	0.44	33.23	199.8	1699	1	100	6.09	0.0155	1.0	-0.22	2.74	1.00	0.00	0.16	111115
59	"10:31:26"	20180723	204	0	7.01	0.159	299	1.34	0.88	10.62	6	1.42	1	2.84	9.82	10.62	10.11	400.15	377.60	0.053	4.046	0.43	33.23	199.8	1699	1	100	6.09	0.0155	1.0	-0.22	2.74	1.00	0.00	0.16	111115
60	"10:31:26"	20180723	204	0	7.02	0.159	299	1.34	0.88	10.63	6	1.42	1	2.84	9.82	10.63	10.11	400.15	377.56	0.053	4.046	0.43	33.22	199.8	1699	1	100	6.09	0.0155	1.0	-0.22	2.74	1.00	0.00	0.16	111115
61	"10:31:27"	20180723	204	0	7.03	0.159	299	1.34	0.881	10.63	6	1.42	1	2.84	9.83	10.63	10.11	400.18	377.57	0.053	4.047	0.43	33.22	199.8	1699	1	99.99	6.09	0.0155	1.0	-0.22	2.74	1.00	0.00	0.16	111115
62	"10:31:28"	20180723	204	0	7.03	0.159	298	1.34	0.881	10.64	6	1.42	1	2.84	9.83	10.64	10.11	400.19	377.56	0.052	4.048	0.43	33.22	199.8	1699	1	99.99	6.09	0.0155	1.0	-0.22	2.74	1.00	0.00	0.16	111115
63	"10:31:39"	20180723	204	0	7.13	0.158	297	1.34	0.892	10.78	6	1.42	1	2.84	9.92	10.78	10.10	400.55	377.61	0.052	4.069	0.43	33.18	199.8	1699	1	99.99	6.09	0.0155	1.0	-0.22	2.74	1.00	0.00	0.16	111115
64	"10:31:39"	20180723	204	0	7.13	0.158	297	1.34	0.892	10.78	6	1.42	1	2.84	9.92	10.78	10.10	400.55	377.61	0.052	4.069	0.43	33.18	199.8	1699	1	99.99	6.09	0.0155	1.0	-0.22	2.74	1.00	0.00	0.16	111115
65	"10:31:40"	20180723	204	0	7.12	0.158	297	1.34	0.891	10.77	6	1.42	1	2.84	9.93	10.77	10.10	400.55	377.64	0.052	4.069	0.43	33.18	199.8	1699	1	99.99	6.09	0.0155	1.0	-0.22	2.74	1.00	0.00	0.16	111115
66	"10:31:40"	20180723	204	0	7.13	0.158	297	1.34	0.89	10.77	6	1.42	1	2.84	9.93	10.77	10.10	400.58	377.63	0.053	4.069	0.43	33.17	199.8	1699	1	99.99	6.09	0.0155	1.0	-0.22	2.74	1.00	0.00	0.16	111115
67	"10:31:41"	20180723	204	0	7.13	0.158	297	1.34	0.89	10.77	6	1.42	1	2.84	9.93	10.77	10.10	400.58	377.63	0.052	4.070	0.43	33.17	199.8	1699	1	99.99	6.09	0.0155	1.0	-0.22	2.74	1.00	0.00	0.16	111115
68	"10:31:41"	20180723	204	0	7.14	0.158	297	1.34	0.891	10.77	6	1.42	1	2.84	9.94	10.77	10.10	400.58	377.63	0.052	4.071	0.42	33.17	199.8	1699	1	99.99	6.09	0.0155	1.0	-0.22	2.74	1.00	0.00	0.16	111115
69	"10:31:42"	20180723	204	0	7.13	0.158	297	1.34	0.891	10.78	6	1.42	1	2.84	9.94	10.78	10.10	400.57	377.64	0.052	4.072	0.43	33.17	199.8	1699	1	99.99	6.09	0.0155	1.0	-0.22	2.74	1.00	0.00	0.16	111115
70	"10:31:43"	20180723	204	0	7.11	0.158	297	1.34	0.892	10.78	6	1.42	1	2.84	9.94	10.78	10.10	400.54	377.67	0.052	4.072	0.42	33.16	199.8	1699	1	99.99	6.09	0.0155	1.0	-0.22	2.74	1.00	0.00	0.16	111115
71	"10:31:43"	20180723	204	0	7.07	0.158	298	1.34	0.893	10.80	6	1.42	1	2.84	9.95	10.80	10.10	400.45	377.70	0.053	4.073	0.43	33.16	199.8	1699	1	99.99	6.09	0.0155	1.0	-0.22	2.74	1.00	0.00	0.16	111115
72	"10:31:44"	20180723	204	0	7.05	0.157	298	1.34	0.894	10.81	6	1.42	1	2.84	9.95	10.81	10.10	400.40	377.70	0.053	4.073	0.43	33.15	199.8	1699	1	100	6.09	0.0155	1.0	-0.22	2.74	1.00	0.00	0.16	111115
73	"10:31:44"	20180723	204	0	7.04	0.157	298	1.35	0.895	10.82	6	1.42	1	2.84	9.96	10.82	10.10	400.34	377.69	0.052	4.075	0.42	33.16	199.9	1699	1	100	6.09	0.0155	1.0	-0.22	2.74	1.00	0.00	0.16	111115
74	"10:31:45"	20180723	204	0	7.03	0.157	298	1.35	0.895	10.83	6	1.42	1	2.84	9.96	10.83	10.10	400.34	377.71	0.053	4.077	0.43	33.17	199.8	1699	1	100	6.09	0.0155	1.0	-0.22	2.74	1.00	0.00	0.16	111115
75	"10:31:45"	20180723	204	0	7.01	0.157	298	1.35	0.896	10.84	6	1.42	1	2.84	9.96	10.84	10.10	400.32	377.73	0.053	4.077	0.43	33.16	199.8	1699	1	100	6.09	0.0155	1.0	-0.22	2.74	1.00	0.00	0.16	111115
76	"10:31:46"	20180723	204	0	7.02	0.157	298	1.35	0.896	10.85	6	1.42	1	2.84	9.97	10.85	10.10	400.33	377.73	0.053	4.078	0.43	33.17	199.8	1699	1	99.99	6.09	0.0155	1.0	-0.22	2.74	1.00	0.00	0.16	111115
77	"10:31:47"	20180723	204	0	7	0.157	298	1.35	0.897	10.86	6	1.42	1	2.84	9.97	10.86	10.10	400.34	377.78	0.052	4.081	0.42	33.18	199.8	1699	1	100	6.09	0.0155	1.0	-0.22	2.74	1.00	0.00	0.16	111115
78	"10:31:47"	20180723	204	0	7.01	0.157	298	1.35	0.897	10.86	6	1.42	1	2.84	9.97	10.86	10.10	400.38	377.79	0.052	4.082	0.42	33.18	199.8	1699	1	99.99	6.09	0.0155	1.0	-0.22	2.74	1.00	0.00	0.16	111115
79	"10:31:48"	20180723	204	0	7.03	0.157	298	1.35	0.899	10.88	6	1.42	1	2.84	9.98	10.88	10.10	400.45	377.80	0.052	4.084	0.42	33.18	199.8	1699	1	99.99	6.09	0.0155	1.0	-0.22	2.74	1.00	0.00	0.16	111115
80	"10:31:48"	20180723	204	0	7.05	0.157	298	1.35	0.899	10.89	6	1.42	1	2.84	9.98	10.89	10.10	400.48	377.79	0.052	4.084	0.42	33.17	199.8	1699	1	99.99	6.09	0.0155	1.0	-0.22	2.74	1.00	0.00	0.16	111115
81	"10:31:49"	20180723	204	0	7.05	0.157	298	1.35	0.899	10.88	6	1.42	1	2.84	9.99	10.88	10.10	400.49	377.78	0.051	4.085	0.42	33.17	199.8	1699	1	99.99	6.09	0.0155	1.0	-0.22	2.74	1.00	0.00	0.16	111115
"10:32:02 Coolers: Tblock -> 15.00 C"
"10:35:51 Flow: Fixed -> 200 umol/s"
82	"10:35:57"	20180723	204	0	7.4	0.142	283	1.59	1.17	14.45	6	1.42	1	2.84	14.65	14.45	15.09	400.23	376.20	0.072	4.836	0.43	28.89	199.8	1699	1	99.99	6.46	0.0219	1.0	-0.22	2.74	1.00	0.00	0.16	111115
83	"10:35:57"	20180723	204	0	7.4	0.142	283	1.59	1.17	14.45	6	1.42	1	2.84	14.65	14.45	15.09	400.23	376.20	0.072	4.836	0.43	28.89	199.8	1699	1	99.99	6.46	0.0219	1.0	-0.22	2.74	1.00	0.00	0.16	111115
84	"10:35:58"	20180723	204	0	7.42	0.142	283	1.59	1.17	14.45	6	1.42	1	2.84	14.66	14.45	15.09	400.27	376.18	0.071	4.836	0.42	28.89	199.8	1699	1	99.99	6.46	0.0219	1.0	-0.22	2.74	1.00	0.00	0.16	111115
85	"10:35:58"	20180723	204	0	7.4	0.142	283	1.59	1.17	14.46	6	1.42	1	2.84	14.66	14.46	15.09	400.25	376.22	0.070	4.836	0.42	28.88	199.8	1700	1	99.99	6.46	0.0219	1.0	-0.22	2.74	1.00	0.00	0.16	111115
86	"10:35:59"	20180723	204	0	7.41	0.142	283	1.6	1.17	14.46	6	1.42	1	2.84	14.66	14.46	15.09	400.25	376.20	0.069	4.836	0.41	28.88	199.8	1700	1	99.99	6.46	0.0219	1.0	-0.22	2.74	1.00	0.00	0.16	111115
87	"10:35:59"	20180723	204	0	7.41	0.142	283	1.6	1.17	14.46	6	1.42	1	2.84	14.66	14.46	15.09	400.26	376.19	0.068	4.838	0.41	28.89	199.8	1700	1	99.99	6.46	0.0219	1.0	-0.22	2.74	1.00	0.00	0.16	111115
88	"10:36:00"	20180723	204	0	7.42	0.142	283	1.6	1.17	14.47	6	1.42	1	2.84	14.66	14.47	15.09	400.27	376.19	0.068	4.838	0.40	28.88	199.8	1700	1	99.99	6.46	0.0219	1.0	-0.22	2.74	1.00	0.00	0.16	111115
89	"10:36:01"	20180723	204	0	7.43	0.142	282	1.6	1.17	14.48	6	1.42	1	2.84	14.67	14.48	15.09	400.27	376.17	0.067	4.838	0.40	28.88	199.8	1700	1	99.99	6.46	0.0219	1.0	-0.22	2.74	1.00	0.00	0.16	111115
90	"10:36:01"	20180723	204	0	7.43	0.142	282	1.6	1.17	14.48	6	1.42	1	2.84	14.67	14.48	15.09	400.28	376.16	0.067	4.838	0.40	28.88	199.8	1700	1	99.99	6.46	0.0219	1.0	-0.22	2.74	1.00	0.00	0.16	111115
91	"10:36:02"	20180723	204	0	7.43	0.141	282	1.6	1.17	14.49	6	1.42	1	2.84	14.67	14.49	15.09	400.27	376.17	0.067	4.839	0.40	28.88	199.8	1700	1	99.99	6.46	0.0219	1.0	-0.22	2.74	1.00	0.00	0.16	111115
92	"10:36:02"	20180723	204	0	7.42	0.141	282	1.6	1.17	14.50	6	1.42	1	2.84	14.67	14.50	15.09	400.26	376.17	0.066	4.840	0.39	28.88	199.8	1700	1	99.99	6.46	0.0219	1.0	-0.22	2.74	1.00	0.00	0.16	111115
93	"10:36:03"	20180723	204	0	7.44	0.141	282	1.6	1.17	14.51	6	1.42	1	2.84	14.67	14.51	15.09	400.27	376.14	0.066	4.841	0.39	28.89	199.8	1700	1	99.99	6.46	0.0219	1.0	-0.22	2.74	1.00	0.00	0.16	111115
94	"10:36:03"	20180723	204	0	7.44	0.141	282	1.6	1.17	14.52	6	1.42	1	2.84	14.67	14.52	15.09	400.32	376.16	0.065	4.842	0.39	28.89	199.8	1700	1	99.99	6.46	0.0219	1.0	-0.22	2.74	1.00	0.00	0.16	111115
95	"10:36:04"	20180723	204	0	7.44	0.141	282	1.6	1.18	14.52	6	1.42	1	2.84	14.67	14.52	15.09	400.31	376.17	0.065	4.841	0.39	28.88	199.8	1700	1	99.99	6.46	0.0219	1.0	-0.22	2.74	1.00	0.00	0.16	111115
96	"10:36:04"	20180723	204	0	7.43	0.141	282	1.6	1.18	14.53	6	1.42	1	2.84	14.68	14.53	15.09	400.29	376.18	0.065	4.843	0.39	28.89	199.8	1700	1	99.99	6.46	0.0219	1.0	-0.22	2.74	1.00	0.00	0.16	111115
97	"10:36:05"	20180723	204	0	7.4	0.141	283	1.6	1.18	14.53	6	1.42	1	2.84	14.68	14.53	15.08	400.26	376.23	0.065	4.843	0.39	28.89	199.8	1700	1	99.99	6.46	0.0219	1.0	-0.22	2.74	1.00	0.00	0.16	111115
98	"10:36:05"	20180723	204	0	7.39	0.141	283	1.6	1.18	14.53	6	1.42	1	2.84	14.68	14.53	15.08	400.24	376.22	0.065	4.844	0.39	28.90	199.8	1700	1	99.99	6.46	0.0219	1.0	-0.22	2.74	1.00	0.00	0.16	111115
99	"10:36:06"	20180723	204	0	7.41	0.141	282	1.6	1.18	14.53	6	1.42	1	2.84	14.68	14.53	15.08	400.24	376.19	0.064	4.845	0.38	28.89	199.8	1700	1	99.99	6.46	0.0219	1.0	-0.22	2.74	1.00	0.00	0.16	111115
"10:36:23 Coolers: Tblock -> 20.00 C"
"10:38:41 Flow: Fixed -> 200 umol/s"
100	"10:38:50"	20180723	204	0	7.64	0.141	278	1.65	1.22	17.30	6	1.42	1	2.84	18.91	17.30	20.08	399.96	375.15	2.723	7.652	12.42	34.89	199.8	1700	1	99.99	6.53	-0.0134	1.0	-0.22	2.74	1.00	0.00	0.16	111115
101	"10:38:51"	20180723	204	0	7.64	0.141	278	1.65	1.22	17.30	6	1.42	1	2.84	18.91	17.30	20.08	399.96	375.15	2.723	7.652	12.42	34.89	199.8	1700	1	99.99	6.53	-0.0134	1.0	-0.22	2.74	1.00	0.00	0.16	111115
102	"10:38:51"	20180723	204	0	7.62	0.141	278	1.65	1.22	17.30	6	1.42	1	2.84	18.91	17.30	20.08	399.91	375.16	2.723	7.653	12.42	34.89	199.8	1700	1	99.99	6.53	-0.0134	1.0	-0.22	2.74	1.00	0.00	0.16	111115
103	"10:38:52"	20180723	204	0	7.61	0.141	279	1.65	1.22	17.30	6	1.42	1	2.84	18.91	17.30	20.08	399.88	375.14	2.723	7.654	12.41	34.89	199.8	1700	1	99.99	6.53	-0.0134	1.0	-0.22	2.74	1.00	0.00	0.16	111115
104	"10:38:52"	20180723	204	0	7.62	0.141	278	1.65	1.22	17.31	6	1.42	1	2.84	18.92	17.31	20.08	399.85	375.12	2.723	7.655	12.41	34.89	199.8	1700	1	99.99	6.53	-0.0134	1.0	-0.22	2.74	1.00	0.00	0.16	111115
105	"10:38:53"	20180723	204	0	7.61	0.141	278	1.66	1.22	17.31	6	1.42	1	2.84	18.92	17.31	20.08	399.86	375.13	2.722	7.657	12.41	34.89	199.8	1700	1	99.99	6.53	-0.0134	1.0	-0.22	2.74	1.00	0.00	0.16	111115
106	"10:38:53"	20180723	204	0	7.63	0.141	278	1.66	1.22	17.32	6	1.42	1	2.84	18.92	17.32	20.08	399.90	375.13	2.722	7.658	12.40	34.89	199.8	1700	1	99.99	6.53	-0.0134	1.0	-0.22	2.74	1.00	0.00	0.16	111115
107	"10:38:54"	20180723	204	0	7.63	0.141	278	1.66	1.22	17.32	6	1.42	1	2.84	18.92	17.32	20.07	399.93	375.14	2.722	7.660	12.40	34.90	199.8	1700	1	99.99	6.53	-0.0134	1.0	-0.22	2.74	1.00	0.00	0.16	111115
108	"10:38:54"	20180723	204	0	7.64	0.141	278	1.66	1.22	17.33	6	1.42	1	2.84	18.92	17.33	20.07	399.94	375.15	2.722	7.661	12.40	34.90	199.8	1700	1	99.99	6.53	-0.0134	1.0	-0.22	2.74	1.00	0.00	0.16	111115
109	"10:38:55"	20180723	204	0	7.67	0.141	278	1.66	1.22	17.34	6	1.42	1	2.84	18.93	17.34	20.07	400.05	375.15	2.721	7.666	12.39	34.91	199.8	1700	1	99.99	6.53	-0.0134	1.0	-0.22	2.74	1.00	0.00	0.16	111115
110	"10:38:55"	20180723	204	0	7.69	0.141	278	1.66	1.22	17.34	6	1.42	1	2.84	18.93	17.34	20.06	400.12	375.15	2.720	7.667	12.39	34.91	199.8	1700	1	99.98	6.53	-0.0134	1.0	-0.22	2.74	1.00	0.00	0.16	111115
111	"10:38:56"	20180723	204	0	7.71	0.141	277	1.66	1.22	17.34	6	1.42	1	2.84	18.93	17.34	20.06	400.17	375.16	2.720	7.668	12.38	34.92	199.8	1700	1	99.98	6.53	-0.0134	1.0	-0.22	2.74	1.00	0.00	0.16	111115
112	"10:38:56"	20180723	204	0	7.72	0.141	277	1.66	1.22	17.34	6	1.42	1	2.84	18.93	17.34	20.06	400.18	375.13	2.720	7.670	12.38	34.92	199.8	1700	1	99.98	6.53	-0.0134	1.0	-0.22	2.74	1.00	0.00	0.16	111115
113	"10:38:57"	20180723	204	0	7.72	0.141	277	1.66	1.22	17.34	6	1.42	1	2.84	18.94	17.34	20.06	400.17	375.12	2.719	7.671	12.38	34.92	199.8	1700	1	99.98	6.53	-0.0134	1.0	-0.22	2.74	1.00	0.00	0.16	111115
114	"10:38:57"	20180723	204	0	7.73	0.141	277	1.66	1.22	17.35	6	1.42	1	2.84	18.94	17.35	20.06	400.17	375.07	2.719	7.672	12.37	34.92	199.8	1700	1	99.98	6.53	-0.0134	1.0	-0.22	2.74	1.00	0.00	0.16	111115
115	"10:38:58"	20180723	204	0	7.74	0.141	277	1.66	1.22	17.35	6	1.42	1	2.84	18.94	17.35	20.06	400.18	375.07	2.718	7.674	12.37	34.92	199.8	1700	1	99.98	6.53	-0.0134	1.0	-0.22	2.74	1.00	0.00	0.16	111115
116	"10:38:59"	20180723	204	0	7.75	0.141	277	1.66	1.22	17.35	6	1.42	1	2.84	18.94	17.35	20.06	400.18	375.05	2.718	7.676	12.37	34.93	199.8	1700	1	99.99	6.53	-0.0134	1.0	-0.22	2.74	1.00	0.00	0.16	111115
117	"10:38:59"	20180723	204	0	7.75	0.141	277	1.66	1.22	17.35	6	1.42	1	2.84	18.94	17.35	20.06	400.19	375.03	2.718	7.676	12.37	34.93	199.8	1700	1	99.99	6.53	-0.0134	1.0	-0.22	2.74	1.00	0.00	0.16	111115
118	"10:39:00"	20180723	204	0	7.76	0.141	277	1.66	1.22	17.36	6	1.42	1	2.84	18.94	17.36	20.06	400.17	375.00	2.718	7.678	12.37	34.93	199.8	1700	1	99.99	6.53	-0.0134	1.0	-0.22	2.74	1.00	0.00	0.16	111115
119	"10:39:01"	20180723	204	0	7.77	0.141	277	1.67	1.22	17.37	6	1.42	1	2.84	18.95	17.37	20.06	400.20	375.00	2.717	7.682	12.36	34.94	199.8	1700	1	99.99	6.53	-0.0134	1.0	-0.22	2.74	1.00	0.00	0.16	111115
120	"10:39:01"	20180723	204	0	7.78	0.141	277	1.67	1.22	17.37	6	1.42	1	2.84	18.95	17.37	20.06	400.23	374.98	2.718	7.683	12.36	34.94	199.8	1700	1	99.99	6.53	-0.0134	1.0	-0.22	2.74	1.00	0.00	0.16	111115
121	"10:39:02"	20180723	204	0	7.76	0.141	277	1.67	1.22	17.38	6	1.42	1	2.84	18.96	17.38	20.06	400.18	375.01	2.719	7.685	12.36	34.94	199.8	1700	1	99.99	6.53	-0.0134	1.0	-0.22	2.74	1.00	0.00	0.16	111115
122	"10:39:02"	20180723	204	0	7.75	0.141	277	1.67	1.22	17.38	6	1.42	1	2.84	18.96	17.38	20.07	400.18	375.02	2.719	7.688	12.36	34.95	199.8	1700	1	99.98	6.53	-0.0134	1.0	-0.22	2.74	1.00	0.00	0.16	111115
"10:39:18 Coolers: Tblock -> 25.00 C"
"10:42:35 Flow: Fixed -> 200 umol/s"
123	"10:42:38"	20180723	204	0	7.84	0.132	268	1.86	1.45	20.53	6	1.42	1	2.84	23.41	20.53	25.05	399.47	373.85	4.237	9.773	14.66	33.81	199.8	1699	1	99.98	7.05	-0.0426	1.0	-0.22	2.74	1.00	0.00	0.16	111115
124	"10:42:38"	20180723	204	0	7.87	0.133	268	1.87	1.45	20.53	6	1.42	1	2.84	23.41	20.53	25.05	399.57	373.83	4.220	9.774	14.60	33.81	199.8	1699	1	99.98	7.05	-0.0426	1.0	-0.22	2.74	1.00	0.00	0.16	111115
125	"10:42:39"	20180723	204	0	7.87	0.133	268	1.87	1.45	20.53	6	1.42	1	2.84	23.41	20.53	25.05	399.57	373.83	4.220	9.774	14.60	33.81	199.8	1699	1	99.98	7.05	-0.0426	1.0	-0.22	2.74	1.00	0.00	0.16	111115
126	"10:42:39"	20180723	204	0	7.89	0.133	268	1.87	1.45	20.53	6	1.42	1	2.84	23.41	20.53	25.04	399.63	373.83	4.206	9.774	14.55	33.81	199.8	1699	1	99.98	7.05	-0.0426	1.0	-0.22	2.74	1.00	0.00	0.16	111115
127	"10:42:40"	20180723	204	0	8.01	0.135	268	1.9	1.45	20.53	6	1.42	1	2.84	23.41	20.53	25.04	400.04	373.84	4.117	9.777	14.24	33.82	199.8	1699	1	99.98	7.05	-0.0426	1.0	-0.22	2.74	1.00	0.00	0.16	111115
128	"10:42:40"	20180723	204	0	8.03	0.135	267	1.9	1.45	20.53	6	1.42	1	2.84	23.41	20.53	25.04	400.08	373.81	4.115	9.777	14.23	33.82	199.8	1699	1	99.98	7.05	-0.0426	1.0	-0.22	2.74	1.00	0.00	0.16	111115
129	"10:42:41"	20180723	204	0	8.03	0.135	268	1.9	1.45	20.54	6	1.42	1	2.84	23.41	20.54	25.04	400.10	373.83	4.114	9.779	14.23	33.82	199.8	1699	1	99.98	7.05	-0.0426	1.0	-0.22	2.74	1.00	0.00	0.16	111115
130	"10:42:42"	20180723	204	0	8.02	0.135	268	1.91	1.45	20.54	6	1.42	1	2.84	23.41	20.54	25.04	400.08	373.84	4.113	9.779	14.22	33.82	199.8	1699	1	99.98	7.05	-0.0426	1.0	-0.22	2.74	1.00	0.00	0.16	111115
131	"10:42:42"	20180723	204	0	8.03	0.136	268	1.91	1.45	20.53	6	1.42	1	2.84	23.42	20.53	25.03	400.10	373.83	4.114	9.781	14.22	33.82	199.8	1699	1	99.98	7.05	-0.0426	1.0	-0.22	2.74	1.00	0.00	0.16	111115
132	"10:42:43"	20180723	204	0	8.03	0.136	268	1.91	1.45	20.53	6	1.42	1	2.84	23.42	20.53	25.03	400.12	373.85	4.114	9.782	14.22	33.82	199.8	1699	1	99.98	7.05	-0.0426	1.0	-0.22	2.74	1.00	0.00	0.16	111115
133	"10:42:43"	20180723	204	0	8.03	0.136	268	1.91	1.45	20.53	6	1.42	1	2.84	23.42	20.53	25.03	400.12	373.86	4.113	9.783	14.22	33.82	199.8	1699	1	99.98	7.05	-0.0426	1.0	-0.22	2.74	1.00	0.00	0.16	111115
134	"10:42:44"	20180723	204	0	8.03	0.136	268	1.91	1.45	20.53	6	1.42	1	2.84	23.42	20.53	25.03	400.12	373.85	4.113	9.785	14.22	33.83	199.7	1699	1	99.98	7.05	-0.0426	1.0	-0.22	2.74	1.00	0.00	0.16	111115
135	"10:42:44"	20180723	204	0	8.04	0.136	268	1.91	1.45	20.54	6	1.42	1	2.84	23.42	20.54	25.03	400.13	373.83	4.112	9.787	14.21	33.83	199.8	1699	1	99.98	7.05	-0.0426	1.0	-0.22	2.74	1.00	0.00	0.16	111115
136	"10:42:45"	20180723	204	0	8.03	0.136	268	1.91	1.45	20.54	6	1.42	1	2.84	23.42	20.54	25.03	400.11	373.85	4.112	9.788	14.21	33.83	199.8	1699	1	99.98	7.05	-0.0426	1.0	-0.22	2.74	1.00	0.00	0.16	111115
137	"10:42:45"	20180723	204	0	8.03	0.136	268	1.91	1.45	20.54	6	1.42	1	2.84	23.42	20.54	25.03	400.10	373.83	4.113	9.790	14.21	33.84	199.8	1699	1	99.98	7.05	-0.0426	1.0	-0.22	2.74	1.00	0.00	0.16	111115
138	"10:42:46"	20180723	204	0	8.05	0.136	267	1.91	1.45	20.55	6	1.42	1	2.84	23.43	20.55	25.03	400.12	373.81	4.114	9.791	14.22	33.84	199.8	1699	1	99.98	7.05	-0.0426	1.0	-0.22	2.74	1.00	0.00	0.16	111115
139	"10:42:46"	20180723	204	0	8.04	0.135	267	1.91	1.45	20.57	6	1.42	1	2.84	23.43	20.57	25.03	400.11	373.81	4.113	9.793	14.21	33.84	199.8	1699	1	99.98	7.05	-0.0426	1.0	-0.22	2.74	1.00	0.00	0.16	111115
140	"10:42:47"	20180723	204	0	8.04	0.135	267	1.91	1.45	20.58	6	1.42	1	2.84	23.43	20.58	25.03	400.10	373.81	4.113	9.795	14.21	33.84	199.8	1699	1	99.98	7.05	-0.0426	1.0	-0.22	2.74	1.00	0.00	0.16	111115
141	"10:42:47"	20180723	204	0	8.04	0.135	267	1.91	1.45	20.58	6	1.42	1	2.84	23.43	20.58	25.03	400.11	373.83	4.113	9.795	14.21	33.84	199.8	1699	1	99.98	7.05	-0.0426	1.0	-0.22	2.74	1.00	0.00	0.16	111115
142	"10:42:48"	20180723	204	0	8.03	0.135	268	1.91	1.45	20.58	6	1.42	1	2.84	23.43	20.58	25.03	400.11	373.84	4.113	9.796	14.21	33.84	199.8	1699	1	99.98	7.05	-0.0426	1.0	-0.22	2.74	1.00	0.00	0.16	111115
143	"10:42:49"	20180723	204	0	8.04	0.136	268	1.91	1.45	20.58	6	1.42	1	2.84	23.43	20.58	25.03	400.13	373.85	4.112	9.799	14.20	33.85	199.8	1699	1	99.98	7.05	-0.0426	1.0	-0.22	2.74	1.00	0.00	0.16	111115
"10:43:01 Coolers: Tblock -> 30.00 C"
"10:46:36 Flow: Fixed -> 200 umol/s"
144	"10:46:39"	20180723	204	0	7.9	0.125	260	2.12	1.73	23.28	6	1.42	1	2.84	27.65	23.28	30.06	399.41	373.30	5.101	11.390	13.72	30.63	199.8	1699	1	99.98	7.61	-0.0655	1.0	-0.22	2.74	1.00	0.00	0.16	111115
145	"10:46:40"	20180723	204	0	7.9	0.125	260	2.12	1.73	23.28	6	1.42	1	2.84	27.65	23.28	30.06	399.41	373.30	5.101	11.390	13.72	30.63	199.8	1699	1	99.98	7.61	-0.0655	1.0	-0.22	2.74	1.00	0.00	0.16	111115
146	"10:46:40"	20180723	204	0	7.95	0.126	259	2.12	1.73	23.27	6	1.42	1	2.84	27.65	23.27	30.06	399.51	373.25	5.082	11.390	13.66	30.63	199.8	1699	1	99.98	7.61	-0.0655	1.0	-0.22	2.74	1.00	0.00	0.16	111115
147	"10:46:41"	20180723	204	0	7.97	0.126	259	2.13	1.73	23.27	6	1.42	1	2.84	27.65	23.27	30.06	399.58	373.26	5.067	11.391	13.62	30.63	199.8	1699	1	99.98	7.61	-0.0655	1.0	-0.22	2.74	1.00	0.00	0.16	111115
148	"10:46:41"	20180723	204	0	8.11	0.128	259	2.16	1.73	23.28	6	1.42	1	2.84	27.65	23.28	30.06	400.01	373.24	4.971	11.394	13.36	30.63	199.8	1699	1	99.98	7.61	-0.0655	1.0	-0.22	2.74	1.00	0.00	0.16	111115
149	"10:46:42"	20180723	204	0	8.14	0.128	259	2.17	1.73	23.28	6	1.42	1	2.84	27.66	23.28	30.06	400.05	373.19	4.967	11.395	13.35	30.63	199.8	1699	1	99.98	7.61	-0.0655	1.0	-0.22	2.74	1.00	0.00	0.16	111115
150	"10:46:42"	20180723	204	0	8.14	0.128	259	2.17	1.73	23.29	6	1.42	1	2.84	27.66	23.29	30.06	400.07	373.21	4.966	11.395	13.35	30.63	199.8	1699	1	99.98	7.61	-0.0655	1.0	-0.22	2.74	1.00	0.00	0.16	111115
151	"10:46:43"	20180723	204	0	8.17	0.128	258	2.17	1.73	23.29	6	1.42	1	2.84	27.66	23.29	30.06	400.13	373.15	4.966	11.397	13.34	30.63	199.8	1699	1	99.98	7.61	-0.0655	1.0	-0.22	2.74	1.00	0.00	0.16	111115
152	"10:46:44"	20180723	204	0	8.18	0.128	258	2.17	1.73	23.28	6	1.42	1	2.84	27.66	23.28	30.06	400.15	373.14	4.965	11.398	13.34	30.63	199.8	1699	1	99.98	7.61	-0.0655	1.0	-0.22	2.74	1.00	0.00	0.16	111115
153	"10:46:44"	20180723	204	0	8.19	0.128	258	2.17	1.73	23.29	6	1.42	1	2.84	27.67	23.29	30.06	400.16	373.13	4.966	11.397	13.34	30.62	199.8	1699	1	99.98	7.61	-0.0655	1.0	-0.22	2.74	1.00	0.00	0.16	111115
154	"10:46:45"	20180723	204	0	8.18	0.128	258	2.17	1.73	23.29	6	1.42	1	2.84	27.67	23.29	30.06	400.14	373.16	4.965	11.400	13.34	30.62	199.8	1699	1	99.98	7.61	-0.0655	1.0	-0.22	2.74	1.00	0.00	0.16	111115
155	"10:46:45"	20180723	204	0	8.16	0.128	259	2.17	1.73	23.29	6	1.42	1	2.84	27.67	23.29	30.06	400.12	373.18	4.965	11.400	13.34	30.62	199.8	1699	1	99.98	7.61	-0.0655	1.0	-0.22	2.74	1.00	0.00	0.16	111115
156	"10:46:46"	20180723	204	0	8.16	0.128	259	2.17	1.73	23.29	6	1.42	1	2.84	27.67	23.29	30.06	400.10	373.15	4.964	11.404	13.33	30.63	199.8	1699	1	99.98	7.61	-0.0655	1.0	-0.22	2.74	1.00	0.00	0.16	111115
157	"10:46:46"	20180723	204	0	8.15	0.128	259	2.17	1.73	23.31	6	1.42	1	2.84	27.67	23.31	30.06	400.07	373.17	4.965	11.404	13.33	30.62	199.8	1699	1	99.98	7.61	-0.0655	1.0	-0.22	2.74	1.00	0.00	0.16	111115
158	"10:46:47"	20180723	204	0	8.14	0.128	259	2.17	1.73	23.32	6	1.42	1	2.84	27.68	23.32	30.06	400.01	373.13	4.964	11.406	13.33	30.62	199.8	1699	1	99.98	7.61	-0.0655	1.0	-0.22	2.74	1.00	0.00	0.16	111115
159	"10:46:47"	20180723	204	0	8.12	0.128	259	2.17	1.73	23.32	6	1.42	1	2.84	27.68	23.32	30.06	399.97	373.14	4.964	11.408	13.32	30.62	199.8	1699	1	99.98	7.61	-0.0655	1.0	-0.22	2.74	1.00	0.00	0.16	111115
160	"10:46:48"	20180723	204	0	8.12	0.128	259	2.17	1.73	23.31	6	1.42	1	2.84	27.68	23.31	30.06	399.97	373.15	4.964	11.410	13.32	30.62	199.8	1699	1	99.98	7.61	-0.0655	1.0	-0.22	2.74	1.00	0.00	0.16	111115
161	"10:46:48"	20180723	204	0	8.13	0.128	259	2.17	1.73	23.31	6	1.42	1	2.84	27.69	23.31	30.06	400.00	373.14	4.964	11.410	13.32	30.62	199.8	1699	1	99.98	7.61	-0.0655	1.0	-0.22	2.74	1.00	0.00	0.16	111115
162	"10:46:49"	20180723	204	0	8.15	0.128	259	2.17	1.73	23.32	6	1.42	1	2.84	27.69	23.32	30.06	400.02	373.10	4.964	11.412	13.32	30.62	199.8	1699	1	99.98	7.61	-0.0655	1.0	-0.22	2.74	1.00	0.00	0.16	111115
163	"10:46:50"	20180723	204	0	8.14	0.128	259	2.17	1.73	23.32	6	1.42	1	2.84	27.69	23.32	30.06	400.01	373.13	4.965	11.410	13.32	30.61	199.8	1699	1	99.98	7.61	-0.0655	1.0	-0.22	2.74	1.00	0.00	0.16	111115
"10:47:05 Coolers: Tblock -> 35.00 C"
"10:53:33 Flow: Fixed -> 200 umol/s"
164	"10:53:43"	20180723	204	0	8.28	0.118	245	2.49	2.15	26.45	6	1.42	1	2.84	32.24	26.45	35.09	399.77	372.13	5.814	13.185	12.01	27.24	199.8	1699	1	99.98	8.08	-0.0936	1.0	-0.22	2.74	1.00	0.00	0.16	111115
165	"10:53:43"	20180723	204	0	8.28	0.118	245	2.49	2.15	26.45	6	1.42	1	2.84	32.24	26.45	35.09	399.77	372.13	5.814	13.185	12.01	27.24	199.8	1699	1	99.98	8.08	-0.0936	1.0	-0.22	2.74	1.00	0.00	0.16	111115
166	"10:53:44"	20180723	204	0	8.22	0.118	246	2.49	2.15	26.45	6	1.42	1	2.84	32.24	26.45	35.09	399.60	372.13	5.815	13.184	12.01	27.23	199.8	1699	1	99.98	8.08	-0.0936	1.0	-0.22	2.74	1.00	0.00	0.16	111115
167	"10:53:44"	20180723	204	0	8.12	0.118	247	2.49	2.15	26.44	6	1.42	1	2.84	32.24	26.44	35.09	399.33	372.17	5.815	13.186	12.01	27.23	199.8	1699	1	99.98	8.08	-0.0936	1.0	-0.22	2.74	1.00	0.00	0.16	111115
168	"10:53:45"	20180723	204	0	8.01	0.118	249	2.49	2.15	26.44	6	1.42	1	2.84	32.24	26.44	35.09	399.02	372.20	5.815	13.187	12.01	27.23	199.8	1699	1	99.98	8.08	-0.0936	1.0	-0.22	2.74	1.00	0.00	0.16	111115
169	"10:53:45"	20180723	204	0	7.95	0.118	249	2.49	2.15	26.45	6	1.42	1	2.84	32.25	26.45	35.09	398.84	372.16	5.818	13.189	12.01	27.23	199.8	1699	1	99.98	8.08	-0.0936	1.0	-0.22	2.74	1.00	0.00	0.16	111115
170	"10:53:46"	20180723	204	0	7.89	0.118	250	2.49	2.15	26.46	6	1.42	1	2.84	32.25	26.46	35.09	398.62	372.16	5.821	13.189	12.02	27.23	199.8	1699	1	99.98	8.08	-0.0936	1.0	-0.22	2.74	1.00	0.00	0.16	111115
171	"10:53:46"	20180723	204	0	7.82	0.117	251	2.48	2.15	26.47	6	1.42	1	2.84	32.25	26.47	35.09	398.42	372.16	5.827	13.191	12.03	27.23	199.8	1699	1	99.98	8.08	-0.0936	1.0	-0.22	2.74	1.00	0.00	0.16	111115
172	"10:53:47"	20180723	204	0	7.78	0.117	251	2.48	2.15	26.48	6	1.42	1	2.84	32.25	26.48	35.09	398.28	372.15	5.835	13.193	12.04	27.23	199.8	1699	1	99.98	8.08	-0.0936	1.0	-0.22	2.74	1.00	0.00	0.16	111115
173	"10:53:47"	20180723	204	0	7.74	0.117	252	2.48	2.15	26.49	6	1.42	1	2.84	32.26	26.49	35.08	398.19	372.19	5.844	13.196	12.06	27.23	199.8	1699	1	99.98	8.08	-0.0936	1.0	-0.22	2.74	1.00	0.00	0.16	111115
174	"10:53:48"	20180723	204	0	7.77	0.117	251	2.48	2.16	26.50	6	1.42	1	2.84	32.26	26.50	35.08	398.28	372.18	5.854	13.198	12.08	27.23	199.8	1699	1	99.98	8.08	-0.0936	1.0	-0.22	2.74	1.00	0.00	0.16	111115
175	"10:53:48"	20180723	204	0	7.85	0.116	250	2.47	2.16	26.51	6	1.42	1	2.84	32.26	26.51	35.08	398.50	372.16	5.866	13.199	12.10	27.23	199.8	1699	1	99.98	8.08	-0.0936	1.0	-0.22	2.74	1.00	0.00	0.16	111115
176	"10:53:49"	20180723	204	0	7.95	0.116	248	2.47	2.16	26.52	6	1.42	1	2.84	32.26	26.52	35.08	398.79	372.16	5.877	13.204	12.12	27.23	199.8	1699	1	99.98	8.08	-0.0936	1.0	-0.22	2.74	1.00	0.00	0.16	111115
177	"10:53:49"	20180723	204	0	8.04	0.116	247	2.47	2.16	26.52	6	1.42	1	2.84	32.27	26.52	35.08	399.02	372.13	5.889	13.204	12.14	27.23	199.8	1700	1	99.98	8.08	-0.0936	1.0	-0.22	2.74	1.00	0.00	0.16	111115
178	"10:53:50"	20180723	204	0	8.13	0.116	245	2.47	2.16	26.53	6	1.42	1	2.84	32.27	26.53	35.07	399.27	372.09	5.899	13.206	12.17	27.23	199.8	1700	1	99.98	8.08	-0.0936	1.0	-0.22	2.74	1.00	0.00	0.16	111115
179	"10:53:51"	20180723	204	0	8.21	0.116	244	2.46	2.16	26.54	6	1.42	1	2.84	32.27	26.54	35.07	399.49	372.08	5.909	13.209	12.18	27.24	199.8	1700	1	99.98	8.08	-0.0936	1.0	-0.22	2.74	1.00	0.00	0.16	111115
180	"10:53:51"	20180723	204	0	8.36	0.115	241	2.46	2.16	26.55	6	1.42	1	2.84	32.28	26.55	35.07	399.81	371.95	5.925	13.214	12.21	27.24	199.8	1700	1	99.98	8.08	-0.0936	1.0	-0.22	2.74	1.00	0.00	0.16	111115
181	"10:53:52"	20180723	204	0	8.43	0.115	240	2.46	2.17	26.56	6	1.42	1	2.84	32.28	26.56	35.08	399.96	371.88	5.932	13.215	12.23	27.24	199.8	1700	1	99.98	8.08	-0.0936	1.0	-0.22	2.74	1.00	0.00	0.16	111115
182	"10:53:52"	20180723	204	0	8.48	0.115	239	2.46	2.17	26.57	6	1.42	1	2.84	32.28	26.57	35.08	400.05	371.85	5.938	13.217	12.24	27.24	199.8	1700	1	99.98	8.08	-0.0936	1.0	-0.22	2.74	1.00	0.00	0.16	111115
183	"10:54:07"	20180723	204	0	8.53	0.116	239	2.48	2.18	26.66	6	1.42	1	2.84	32.35	26.66	35.10	400.48	372.09	5.980	13.320	12.27	27.34	199.8	1699	1	99.98	8.08	-0.0936	0.7	-0.22	2.74	1.00	0.00	0.16	111115
184	"10:54:07"	20180723	204	0	8.53	0.116	239	2.48	2.18	26.66	6	1.42	1	2.84	32.35	26.66	35.10	400.48	372.09	5.980	13.320	12.27	27.34	199.8	1699	1	99.98	8.08	-0.0936	0.7	-0.22	2.74	1.00	0.00	0.16	111115
185	"10:54:08"	20180723	204	0	8.51	0.116	239	2.48	2.17	26.65	6	1.42	1	2.84	32.36	26.65	35.10	400.43	372.10	5.981	13.323	12.27	27.34	199.8	1699	1	99.98	8.08	-0.0936	0.7	-0.22	2.74	1.00	0.00	0.16	111115
186	"10:54:08"	20180723	204	0	8.49	0.116	240	2.48	2.18	26.67	6	1.42	1	2.84	32.36	26.67	35.10	400.41	372.14	5.981	13.325	12.27	27.34	199.8	1699	1	99.98	8.08	-0.0936	0.7	-0.22	2.74	1.00	0.00	0.16	111115
187	"10:54:09"	20180723	204	0	8.49	0.115	240	2.48	2.18	26.69	6	1.42	1	2.84	32.36	26.69	35.10	400.43	372.17	5.981	13.328	12.27	27.34	199.8	1699	1	99.98	8.08	-0.0936	0.7	-0.22	2.74	1.00	0.00	0.16	111115
188	"10:54:09"	20180723	204	0	8.49	0.115	239	2.48	2.18	26.70	6	1.42	1	2.84	32.36	26.70	35.10	400.43	372.16	5.982	13.330	12.27	27.34	199.8	1699	1	99.98	8.08	-0.0936	0.7	-0.22	2.74	1.00	0.00	0.16	111115
189	"10:54:10"	20180723	204	0	8.49	0.115	239	2.48	2.18	26.70	6	1.42	1	2.84	32.36	26.70	35.10	400.42	372.16	5.982	13.333	12.27	27.35	199.8	1699	1	99.98	8.08	-0.0936	0.7	-0.22	2.74	1.00	0.00	0.16	111115
190	"10:54:10"	20180723	204	0	8.48	0.115	240	2.48	2.18	26.70	6	1.42	1	2.84	32.37	26.70	35.09	400.42	372.19	5.983	13.337	12.27	27.35	199.8	1699	1	99.98	8.08	-0.0936	0.7	-0.22	2.74	1.00	0.00	0.16	111115
191	"10:54:11"	20180723	204	0	8.48	0.115	240	2.48	2.18	26.71	6	1.42	1	2.84	32.37	26.71	35.09	400.45	372.21	5.983	13.340	12.27	27.36	199.8	1699	1	99.98	8.08	-0.0936	0.7	-0.22	2.74	1.00	0.00	0.16	111115
192	"10:54:12"	20180723	204	0	8.48	0.115	239	2.48	2.19	26.74	6	1.42	1	2.84	32.37	26.74	35.09	400.52	372.26	5.984	13.347	12.27	27.36	199.8	1699	1	99.98	8.08	-0.0936	0.7	-0.22	2.74	1.00	0.00	0.16	111115
193	"10:54:12"	20180723	204	0	8.49	0.115	239	2.49	2.19	26.74	6	1.42	1	2.84	32.37	26.74	35.09	400.53	372.26	5.984	13.352	12.27	27.37	199.8	1699	1	99.98	8.08	-0.0936	0.7	-0.22	2.74	1.00	0.00	0.16	111115
194	"10:54:13"	20180723	204	0	8.48	0.115	240	2.49	2.19	26.73	6	1.42	1	2.84	32.38	26.73	35.08	400.50	372.26	5.984	13.354	12.27	27.37	199.8	1699	1	99.98	8.08	-0.0936	0.7	-0.22	2.74	1.00	0.00	0.16	111115
195	"10:54:13"	20180723	204	0	8.47	0.115	240	2.49	2.19	26.73	6	1.42	1	2.84	32.38	26.73	35.08	400.48	372.27	5.984	13.357	12.26	27.37	199.8	1699	1	99.98	8.08	-0.0936	0.7	-0.22	2.74	1.00	0.00	0.16	111115
196	"10:54:14"	20180723	204	0	8.45	0.116	240	2.49	2.19	26.74	6	1.42	1	2.84	32.38	26.74	35.08	400.46	372.30	5.984	13.361	12.26	27.38	199.8	1699	1	99.98	8.08	-0.0936	0.7	-0.22	2.74	1.00	0.00	0.16	111115
197	"10:54:14"	20180723	204	0	8.45	0.116	240	2.49	2.19	26.74	6	1.42	1	2.84	32.38	26.74	35.08	400.46	372.28	5.984	13.364	12.26	27.38	199.8	1699	1	99.98	8.08	-0.0936	0.7	-0.22	2.74	1.00	0.00	0.16	111115
198	"10:54:15"	20180723	204	0	8.44	0.116	240	2.49	2.19	26.74	6	1.42	1	2.84	32.39	26.74	35.08	400.43	372.29	5.984	13.366	12.26	27.38	199.8	1699	1	99.98	8.08	-0.0936	0.7	-0.22	2.74	1.00	0.00	0.16	111115
199	"10:54:16"	20180723	204	0	8.43	0.116	241	2.49	2.19	26.73	6	1.42	1	2.84	32.39	26.73	35.08	400.41	372.30	5.984	13.370	12.26	27.38	199.8	1699	1	99.98	8.08	-0.0936	0.7	-0.22	2.74	1.00	0.00	0.16	111115
200	"10:54:16"	20180723	204	0	8.42	0.116	241	2.49	2.19	26.74	6	1.42	1	2.84	32.39	26.74	35.08	400.38	372.29	5.984	13.373	12.26	27.39	199.8	1699	1	99.98	8.08	-0.0936	0.7	-0.22	2.74	1.00	0.00	0.16	111115
201	"10:54:17"	20180723	204	0	8.41	0.116	241	2.49	2.19	26.76	6	1.42	1	2.84	32.39	26.76	35.08	400.36	372.30	5.984	13.376	12.25	27.39	199.8	1699	1	99.98	8.08	-0.0936	0.7	-0.22	2.74	1.00	0.00	0.16	111115
202	"10:54:18"	20180723	204	0	8.41	0.115	241	2.5	2.19	26.77	6	1.42	1	2.84	32.40	26.77	35.08	400.33	372.29	5.986	13.380	12.25	27.39	199.8	1699	1	99.98	8.08	-0.0936	0.7	-0.22	2.74	1.00	0.00	0.16	111115
"10:54:28 Coolers: Tblock -> 40.00 C"
"10:58:15 Flow: Fixed -> 200 umol/s"
203	"10:58:30"	20180723	204	0	8.07	0.104	232	2.58	2.5	30.05	6	1.42	1	2.84	36.94	30.05	40.08	400.01	372.89	10.155	17.753	16.15	28.24	199.7	1699	1	99.98	9.23	-0.185	1.0	-0.22	2.74	1.00	0.00	0.16	111115
204	"10:58:30"	20180723	204	0	8.07	0.104	232	2.58	2.5	30.05	6	1.42	1	2.84	36.94	30.05	40.08	400.01	372.89	10.155	17.753	16.15	28.24	199.7	1699	1	99.98	9.23	-0.185	1.0	-0.22	2.74	1.00	0.00	0.16	111115
205	"10:58:31"	20180723	204	0	8.05	0.104	232	2.58	2.5	30.05	6	1.42	1	2.84	36.94	30.05	40.08	399.93	372.88	10.155	17.754	16.15	28.24	199.7	1699	1	99.98	9.23	-0.185	1.0	-0.22	2.74	1.00	0.00	0.16	111115
206	"10:58:31"	20180723	204	0	8.03	0.104	233	2.58	2.5	30.06	6	1.42	1	2.84	36.94	30.06	40.08	399.87	372.87	10.156	17.756	16.15	28.24	199.7	1699	1	99.98	9.23	-0.185	1.0	-0.22	2.74	1.00	0.00	0.16	111115
207	"10:58:32"	20180723	204	0	8.02	0.104	233	2.58	2.5	30.05	6	1.42	1	2.84	36.95	30.05	40.08	399.79	372.83	10.157	17.757	16.15	28.24	199.7	1699	1	99.98	9.23	-0.185	1.0	-0.22	2.74	1.00	0.00	0.16	111115
208	"10:58:32"	20180723	204	0	7.99	0.104	233	2.58	2.49	30.03	6	1.42	1	2.84	36.95	30.03	40.08	399.72	372.83	10.158	17.759	16.15	28.24	199.7	1699	1	99.98	9.23	-0.185	1.0	-0.22	2.74	1.00	0.00	0.16	111115
209	"10:58:33"	20180723	204	0	7.99	0.104	234	2.58	2.49	30.03	6	1.42	1	2.84	36.95	30.03	40.08	399.71	372.83	10.159	17.760	16.15	28.24	199.8	1699	1	99.98	9.23	-0.185	1.0	-0.22	2.74	1.00	0.00	0.16	111115
210	"10:58:33"	20180723	204	0	7.98	0.104	234	2.58	2.49	30.01	6	1.42	1	2.84	36.95	30.01	40.08	399.68	372.83	10.160	17.761	16.16	28.24	199.8	1699	1	99.98	9.23	-0.185	1.0	-0.22	2.74	1.00	0.00	0.16	111115
211	"10:58:34"	20180723	204	0	7.97	0.104	234	2.58	2.48	29.99	6	1.42	1	2.84	36.95	29.99	40.08	399.64	372.80	10.161	17.765	16.16	28.25	199.7	1699	1	99.98	9.23	-0.185	1.0	-0.22	2.74	1.00	0.00	0.16	111115
212	"10:58:34"	20180723	204	0	7.97	0.104	234	2.58	2.48	29.99	6	1.42	1	2.84	36.95	29.99	40.08	399.61	372.78	10.161	17.765	16.16	28.25	199.7	1699	1	99.98	9.23	-0.185	1.0	-0.22	2.74	1.00	0.00	0.16	111115
213	"10:58:35"	20180723	204	0	7.96	0.104	234	2.58	2.48	30.00	6	1.42	1	2.84	36.95	30.00	40.08	399.55	372.76	10.161	17.766	16.16	28.25	199.7	1699	1	99.98	9.23	-0.185	1.0	-0.22	2.74	1.00	0.00	0.16	111115
214	"10:58:36"	20180723	204	0	7.93	0.104	235	2.58	2.48	30.00	6	1.42	1	2.84	36.95	30.00	40.07	399.49	372.77	10.161	17.769	16.16	28.25	199.7	1699	1	99.98	9.23	-0.185	1.0	-0.22	2.74	1.00	0.00	0.16	111115
215	"10:58:36"	20180723	204	0	7.93	0.104	235	2.58	2.48	30.00	6	1.42	1	2.84	36.95	30.00	40.07	399.49	372.77	10.162	17.768	16.16	28.25	199.7	1699	1	99.98	9.23	-0.185	1.0	-0.22	2.74	1.00	0.00	0.16	111115
216	"10:58:37"	20180723	204	0	7.99	0.104	234	2.58	2.49	30.04	6	1.42	1	2.84	36.95	30.04	40.07	399.54	372.66	10.162	17.770	16.16	28.25	199.7	1699	1	99.98	9.23	-0.185	1.0	-0.22	2.74	1.00	0.00	0.16	111115
217	"10:58:37"	20180723	204	0	7.99	0.104	233	2.58	2.49	30.04	6	1.42	1	2.84	36.95	30.04	40.07	399.52	372.63	10.161	17.773	16.15	28.26	199.7	1699	1	99.98	9.23	-0.185	1.0	-0.22	2.74	1.00	0.00	0.16	111115
218	"10:58:38"	20180723	204	0	7.99	0.104	233	2.58	2.5	30.05	6	1.42	1	2.84	36.95	30.05	40.07	399.51	372.62	10.162	17.773	16.16	28.26	199.7	1699	1	99.98	9.23	-0.185	0.7	-0.22	2.74	1.00	0.00	0.16	111115
"10:59:03 Coolers: Tblock -> 45.00 C"
"11:03:29 Flow: Fixed -> 200 umol/s"
219	"11:03:40"	20180723	204	0	8.08	0.099	223	2.93	2.96	32.27	6	1.42	1	2.84	41.24	32.27	45.07	400.00	372.45	10.239	18.877	12.93	23.84	199.7	1699	1	99.98	9.86	-0.227	1.0	-0.22	2.74	1.00	0.00	0.16	111115
220	"11:03:40"	20180723	204	0	8.08	0.099	223	2.93	2.96	32.27	6	1.42	1	2.84	41.24	32.27	45.07	400.00	372.45	10.239	18.877	12.93	23.84	199.7	1699	1	99.98	9.86	-0.227	1.0	-0.22	2.74	1.00	0.00	0.16	111115
221	"11:03:41"	20180723	204	0	8.09	0.099	223	2.93	2.96	32.27	6	1.42	1	2.84	41.24	32.27	45.07	400.03	372.45	10.238	18.880	12.93	23.84	199.7	1699	1	99.98	9.86	-0.227	1.0	-0.22	2.74	1.00	0.00	0.16	111115
222	"11:03:41"	20180723	204	0	8.1	0.0989	223	2.93	2.96	32.28	6	1.42	1	2.84	41.24	32.28	45.07	400.03	372.43	10.240	18.880	12.93	23.83	199.7	1699	1	99.98	9.86	-0.227	1.0	-0.22	2.74	1.00	0.00	0.16	111115
223	"11:03:42"	20180723	204	0	8.09	0.0987	223	2.93	2.97	32.30	6	1.42	1	2.84	41.25	32.30	45.07	400.02	372.44	10.240	18.883	12.92	23.83	199.7	1699	1	99.98	9.86	-0.227	1.0	-0.22	2.74	1.00	0.00	0.16	111115
224	"11:03:42"	20180723	204	0	8.08	0.0988	223	2.93	2.97	32.29	6	1.42	1	2.84	41.25	32.29	45.07	400.00	372.45	10.239	18.883	12.92	23.83	199.7	1699	1	99.98	9.86	-0.227	1.0	-0.22	2.74	1.00	0.00	0.16	111115
225	"11:03:43"	20180723	204	0	8.08	0.0987	223	2.93	2.97	32.31	6	1.42	1	2.84	41.25	32.31	45.07	399.98	372.44	10.240	18.886	12.92	23.83	199.7	1699	1	99.98	9.86	-0.227	1.0	-0.22	2.74	1.00	0.00	0.16	111115
226	"11:03:43"	20180723	204	0	8.06	0.0986	223	2.93	2.98	32.32	6	1.42	1	2.84	41.25	32.32	45.07	399.92	372.43	10.240	18.888	12.92	23.83	199.7	1699	1	99.98	9.86	-0.227	1.0	-0.22	2.74	1.00	0.00	0.16	111115
227	"11:03:44"	20180723	204	0	8.02	0.0986	224	2.93	2.98	32.33	6	1.42	1	2.84	41.26	32.33	45.07	399.84	372.45	10.240	18.890	12.92	23.83	199.7	1699	1	99.98	9.86	-0.227	1.0	-0.22	2.74	1.00	0.00	0.16	111115
228	"11:03:44"	20180723	204	0	7.97	0.0985	224	2.94	2.98	32.34	6	1.42	1	2.84	41.26	32.34	45.07	399.72	372.49	10.240	18.894	12.92	23.83	199.7	1699	1	99.98	9.86	-0.227	1.0	-0.22	2.74	1.00	0.00	0.16	111115
229	"11:03:45"	20180723	204	0	7.94	0.0985	225	2.94	2.98	32.35	6	1.42	1	2.84	41.26	32.35	45.08	399.63	372.50	10.241	18.896	12.92	23.83	199.7	1699	1	99.98	9.86	-0.227	1.0	-0.22	2.74	1.00	0.00	0.16	111115
230	"11:03:45"	20180723	204	0	7.91	0.0986	226	2.94	2.98	32.34	6	1.42	1	2.84	41.26	32.34	45.08	399.57	372.51	10.241	18.901	12.91	23.83	199.7	1699	1	99.98	9.86	-0.227	1.0	-0.22	2.74	1.00	0.00	0.16	111115
231	"11:03:46"	20180723	204	0	7.89	0.0988	226	2.94	2.97	32.33	6	1.42	1	2.84	41.27	32.33	45.08	399.50	372.52	10.241	18.902	12.91	23.83	199.7	1699	1	99.98	9.86	-0.227	1.0	-0.22	2.74	1.00	0.00	0.16	111115
232	"11:03:46"	20180723	204	0	7.87	0.0988	227	2.94	2.97	32.33	6	1.42	1	2.84	41.27	32.33	45.08	399.46	372.52	10.242	18.906	12.91	23.83	199.7	1699	1	99.98	9.86	-0.227	1.0	-0.22	2.74	1.00	0.00	0.16	111115
233	"11:03:47"	20180723	204	0	7.85	0.099	227	2.94	2.97	32.32	6	1.42	1	2.84	41.27	32.32	45.08	399.43	372.54	10.242	18.909	12.91	23.83	199.7	1699	1	99.98	9.86	-0.227	1.0	-0.22	2.74	1.00	0.00	0.16	111115
234	"11:03:47"	20180723	204	0	7.85	0.099	227	2.94	2.97	32.32	6	1.42	1	2.84	41.28	32.32	45.08	399.43	372.55	10.242	18.912	12.91	23.83	199.8	1699	1	99.98	9.86	-0.227	1.0	-0.22	2.74	1.00	0.00	0.16	111115
235	"11:03:48"	20180723	204	0	7.85	0.0989	227	2.94	2.97	32.33	6	1.42	1	2.84	41.28	32.33	45.08	399.45	372.56	10.242	18.912	12.90	23.83	199.8	1699	1	99.98	9.86	-0.227	1.0	-0.22	2.74	1.00	0.00	0.16	111115
236	"11:03:49"	20180723	204	0	7.87	0.0989	227	2.94	2.98	32.34	6	1.42	1	2.84	41.28	32.34	45.08	399.47	372.54	10.243	18.914	12.90	23.82	199.8	1699	1	99.98	9.86	-0.227	1.0	-0.22	2.74	1.00	0.00	0.16	111115
237	"11:03:49"	20180723	204	0	7.87	0.0989	227	2.94	2.98	32.34	6	1.42	1	2.84	41.29	32.34	45.08	399.48	372.56	10.243	18.915	12.90	23.82	199.8	1699	1	99.98	9.86	-0.227	1.0	-0.22	2.74	1.00	0.00	0.16	111115
238	"11:03:50"	20180723	204	0	7.87	0.0989	227	2.94	2.97	32.33	6	1.42	1	2.84	41.29	32.33	45.08	399.47	372.54	10.243	18.918	12.90	23.82	199.8	1699	1	99.98	9.86	-0.227	1.0	-0.22	2.74	1.00	0.00	0.16	111115
239	"11:03:50"	20180723	204	0	7.87	0.0987	227	2.94	2.98	32.35	6	1.42	1	2.84	41.29	32.35	45.08	399.46	372.54	10.243	18.919	12.90	23.82	199.8	1699	1	99.98	9.86	-0.227	1.0	-0.22	2.74	1.00	0.00	0.16	111115
240	"11:03:51"	20180723	204	0	7.87	0.0986	226	2.94	2.98	32.37	6	1.42	1	2.84	41.30	32.37	45.08	399.44	372.50	10.243	18.919	12.89	23.81	199.7	1699	1	99.98	9.86	-0.227	1.0	-0.22	2.74	1.00	0.00	0.16	111115
"11:04:03 Coolers: Tblock -> 50.00 C"
"11:10:37 Flow: Fixed -> 200 umol/s"
241	"11:10:52"	20180723	204	0	6.61	0.0751	210	3.48	4.55	37.84	6	1.42	1	2.84	45.73	37.84	49.74	399.61	375.81	10.242	20.494	10.23	20.47	199.6	1700	1	99.98	11.1	-0.278	1.0	-0.22	2.74	1.00	0.00	0.16	111115
242	"11:10:53"	20180723	204	0	6.61	0.0751	210	3.48	4.55	37.84	6	1.42	1	2.84	45.73	37.84	49.74	399.61	375.81	10.242	20.494	10.23	20.47	199.6	1700	1	99.98	11.1	-0.278	1.0	-0.22	2.74	1.00	0.00	0.16	111115
243	"11:10:53"	20180723	204	0	6.6	0.0751	210	3.48	4.56	37.86	6	1.42	1	2.84	45.73	37.86	49.74	399.60	375.83	10.241	20.495	10.23	20.48	199.7	1700	1	99.98	11.1	-0.278	1.0	-0.22	2.74	1.00	0.00	0.16	111115
244	"11:10:54"	20180723	204	0	6.61	0.0749	209	3.48	4.57	37.88	6	1.42	1	2.84	45.73	37.88	49.74	399.61	375.80	10.241	20.494	10.23	20.47	199.6	1700	1	99.98	11.1	-0.278	1.0	-0.22	2.74	1.00	0.00	0.16	111115
245	"11:10:54"	20180723	204	0	6.62	0.0747	209	3.48	4.58	37.91	6	1.42	1	2.84	45.73	37.91	49.74	399.60	375.78	10.240	20.496	10.23	20.48	199.6	1700	1	99.98	11.1	-0.278	1.0	-0.22	2.74	1.00	0.00	0.16	111115
246	"11:10:55"	20180723	204	0	6.61	0.0744	208	3.48	4.59	37.96	6	1.42	1	2.84	45.73	37.96	49.74	399.56	375.77	10.240	20.496	10.23	20.48	199.6	1700	1	99.98	11.1	-0.278	1.0	-0.22	2.74	1.00	0.00	0.16	111115
247	"11:10:56"	20180723	204	0	6.6	0.074	207	3.48	4.62	38.04	6	1.42	1	2.84	45.73	38.04	49.74	399.53	375.77	10.239	20.495	10.23	20.47	199.7	1700	1	99.98	11.1	-0.278	1.0	-0.22	2.74	1.00	0.00	0.16	111115
248	"11:10:56"	20180723	204	0	6.57	0.0734	207	3.48	4.66	38.14	6	1.42	1	2.84	45.73	38.14	49.74	399.48	375.80	10.238	20.494	10.23	20.47	199.7	1700	1	99.98	11.1	-0.278	1.0	-0.22	2.74	1.00	0.00	0.16	111115
249	"11:10:57"	20180723	204	0	6.55	0.0728	206	3.48	4.69	38.22	6	1.42	1	2.84	45.73	38.22	49.74	399.46	375.84	10.238	20.493	10.23	20.47	199.7	1700	1	99.98	11.1	-0.278	1.0	-0.22	2.74	1.00	0.00	0.16	111115
250	"11:10:57"	20180723	204	0	6.55	0.0727	206	3.48	4.7	38.24	6	1.42	1	2.84	45.74	38.24	49.74	399.46	375.85	10.237	20.490	10.22	20.46	199.7	1700	1	99.98	11.1	-0.278	1.0	-0.22	2.74	1.00	0.00	0.16	111115
251	"11:10:58"	20180723	204	0	6.51	0.0737	209	3.48	4.64	38.08	6	1.42	1	2.84	45.74	38.08	49.74	399.42	375.91	10.238	20.490	10.22	20.46	199.7	1700	1	99.98	11.1	-0.278	1.0	-0.22	2.74	1.00	0.00	0.16	111115
252	"11:10:58"	20180723	204	0	6.52	0.0742	210	3.48	4.61	37.99	6	1.42	1	2.84	45.74	37.99	49.75	399.42	375.90	10.238	20.491	10.22	20.46	199.7	1700	1	99.98	11.1	-0.278	1.0	-0.22	2.74	1.00	0.00	0.16	111115
253	"11:10:59"	20180723	204	0	6.54	0.0748	211	3.49	4.57	37.91	6	1.42	1	2.84	45.74	37.91	49.75	399.46	375.88	10.237	20.494	10.22	20.46	199.7	1700	1	99.98	11.1	-0.278	1.0	-0.22	2.74	1.00	0.00	0.16	111115
254	"11:10:59"	20180723	204	0	6.54	0.0753	211	3.49	4.55	37.83	6	1.42	1	2.84	45.75	37.83	49.75	399.48	375.89	10.238	20.497	10.22	20.46	199.7	1700	1	99.98	11.1	-0.278	1.0	-0.22	2.74	1.00	0.00	0.16	111115
255	"11:11:00"	20180723	204	0	6.56	0.0757	212	3.49	4.52	37.77	6	1.42	1	2.84	45.75	37.77	49.75	399.51	375.88	10.237	20.503	10.22	20.47	199.7	1700	1	99.98	11.1	-0.278	1.0	-0.22	2.74	1.00	0.00	0.16	111115
256	"11:11:00"	20180723	204	0	6.56	0.0763	213	3.49	4.5	37.70	6	1.42	1	2.84	45.75	37.70	49.75	399.53	375.87	10.237	20.511	10.22	20.47	199.7	1700	1	99.98	11.1	-0.278	1.0	-0.22	2.74	1.00	0.00	0.16	111115
257	"11:11:01"	20180723	204	0	6.56	0.0767	214	3.49	4.48	37.63	6	1.42	1	2.84	45.75	37.63	49.75	399.52	375.86	10.238	20.517	10.22	20.48	199.7	1700	1	99.98	11.1	-0.278	1.0	-0.22	2.74	1.00	0.00	0.16	111115
258	"11:11:02"	20180723	204	0	6.59	0.0769	214	3.5	4.47	37.62	6	1.42	1	2.84	45.75	37.62	49.75	399.53	375.80	10.237	20.524	10.22	20.49	199.7	1700	1	99.98	11.1	-0.278	1.0	-0.22	2.74	1.00	0.00	0.16	111115
259	"11:11:03"	20180723	204	0	6.58	0.0769	214	3.5	4.48	37.64	6	1.42	1	2.84	45.75	37.64	49.75	399.50	375.79	10.238	20.540	10.22	20.50	199.7	1700	1	99.98	11.1	-0.278	1.0	-0.22	2.74	1.00	0.00	0.16	111115
260	"11:11:03"	20180723	204	0	6.59	0.0768	213	3.5	4.48	37.67	6	1.42	1	2.84	45.75	37.67	49.76	399.52	375.77	10.239	20.546	10.22	20.51	199.7	1700	1	99.98	11.1	-0.278	1.0	-0.22	2.74	1.00	0.00	0.16	111115
261	"11:11:04"	20180723	204	0	6.6	0.0769	213	3.51	4.48	37.66	6	1.42	1	2.84	45.75	37.66	49.76	399.55	375.76	10.238	20.555	10.22	20.51	199.7	1700	1	99.98	11.1	-0.278	1.0	-0.22	2.74	1.00	0.00	0.16	111115
262	"11:11:04"	20180723	204	0	6.59	0.0771	214	3.51	4.47	37.63	6	1.42	1	2.84	45.75	37.63	49.76	399.53	375.76	10.239	20.561	10.22	20.52	199.7	1700	1	99.98	11.1	-0.278	1.0	-0.22	2.74	1.00	0.00	0.16	111115
