"OPEN 6.3.3"
"Tue Jul 24 2018 10:09:17"
<open><version>"6.3.3"</version></open>
<open><configfile>"/User/Configs/UserPrefs/2x3 LED.xml"</configfile></open>
<open><light><source>"6400-02 or -02B LED Source"</source><par_in>1<sensor>"SI-4027"<cal>-1.00<actinity>1.00</actinity><transm>1.00</transm></cal></sensor><transm>1</transm></par_in><par_out>1<sensor>"Q51318"<cal>6.49</cal></sensor></par_out></light></open>
<open><comps><file>"/User/Configs/Comps/StdComps_6.3"<header>""</header><extras></extras></file><energybal>no<f_parIn>1</f_parIn><f_parOut>0</f_parOut><alphaK>0.16</alphaK></energybal><bc_total>2.840<stomatal_ratio>1</stomatal_ratio><bc_oneside>1.420<type>2</type><table>"/Sys/Lib/StdBLCTable"</table><area>6</area><slope>-0.219565</slope><offset>2.73739</offset><fan>5</fan></bc_oneside></bc_total></comps></open>
<open><prompts><onlog>off</onlog><items>"Default (none)"</items></prompts></open>
<open><constants><oxygen>21 %</oxygen><bb_vapor>1.5</bb_vapor><bb_oxy>0.9</bb_oxy></constants></open>
<open><stability><items>"Std Stability"<items[1]><id>-2</id><size>15</size><pcv><onoff>0</onoff><value>1</value></pcv><std><onoff>0</onoff><value>1</value></std><slp><onoff>1</onoff><value>1</value></slp></items[1]><items[2]><id>-5</id><size>15</size><pcv><onoff>0</onoff><value>1</value></pcv><std><onoff>0</onoff><value>1</value></std><slp><onoff>1</onoff><value>1</value></slp></items[2]><items[3]><id>-7</id><size>15</size><pcv><onoff>0</onoff><value>1</value></pcv><std><onoff>0</onoff><value>1</value></std><slp><onoff>1</onoff><value>1</value></slp></items[3]></items></stability></open>
<open><log><format>"StdLogFmt_6.3"<items>{ -35 -21 -36 -76 30 23 36 21 25 221 -33 111 -34 11 -9 -10 -8 -1 -2 -4 -5 -14 -15 -7 -12 -13 -11 -65 -66 -117 -119 -116 -118 -72 -18 -19 -77 -78 -79 -23  }<hdr>{  }</hdr></items></format><options><beep>on</beep><match>"never"<time>30</time><co2>100</co2><delta>10</delta></match><hdr>normal</hdr><rem>normal</rem><stab>no</stab><stats>no<mean>no</mean><file>no</file><period>15</period></stats><excel>yes</excel><controls>yes</controls><comm>no</comm></options><datafile>"/User/0000-AAP3150-240718"</datafile><button><action>"Normal Log"<code>" LogOneObsManual "</code></action></button><autoprog>"/User/Configs/AutoProgs/AutoLog2"<active>no</active></autoprog></log></open>
<open><a2d><avgtime>4.0 secs</avgtime><userchans><ch20>"Off"</ch20><ch21>"Off"</ch21><ch22>"Off"</ch22><ch23>"Off"</ch23></userchans></a2d></open>
<open><matching><type>0</type><disp>'a'</disp><settings>><CO2Limit>10.0</CO2Limit><H2OLimit>1.0</H2OLimit><MaxAutoTime>60</MaxAutoTime><AverageTime>10</AverageTime></settings></matching></open>
<li6400><factory><unit>"PSC-4123"</unit><serviced>"19.01.2017"</serviced><fuseaware>0</fuseaware><co2mixer>yes</co2mixer><co2><coeffs>{ 0 0.219912 1.60869e-05 2.42627e-08 -3.602e-12 2.3711e-16  }</coeffs><dvdt>-4.1</dvdt><xs>{ -0.00117 -1.14e-05  }</xs></co2><h2o><coeffs>{ 0 0.00612804 1.69186e-06 1.49192e-10  }</coeffs><dvdt>-2.5</dvdt><xs>{ -0.000351 -0.00239  }</xs></h2o><flow>{ 0 0.3738  }</flow><press>{ 87.734 0.00547  }</press></factory></li6400>
<li6400><user><flow_zero>-976.9</flow_zero><irga_zero><co2>-79.5 -79.5<at>32.3675</at></co2><h2o>37.6 -1.4<at>33.9874</at></h2o></irga_zero><irga_span><co2>{ 0.985904 0.986618  }</co2><h2o>{ 1.00683 0.993449  }</h2o></irga_span><irga_match><co2>{ -1.70314 -0.250478  }</co2><h2o>{ -0.0708174 -0.426289  }</h2o></irga_match><co2_mixer><pump_mv>4500</pump_mv><ppm>{ 2330.31 1136.88 449.46 273.386 125.406 73.118 48.0557 40.3927  }</ppm><mv>{ 5000 3000 1500 1000 500 300 200 100  }</mv></co2_mixer><parin_offset>0</parin_offset><led_cal><unit>"SI-4027"</unit><mv>{ 10 25 50 100 1000 2000 3000 4000 5000  }</mv><qntm>{ 3.39689 11.1502 23.8626 52.4799 561.717 1093.55 1598.71 2081.76 2538.89  }</qntm></led_cal><lcf_cal><unit>"unknown"</unit><red><mv>{ 50 100 500 1000 1500 5000  }</mv><qntm>{ 50 100 500 1000 2000 5000  }</qntm></red><blue><mv>{ 100 200 500 1000 2000 5000  }</mv><qntm>{ 10 20 50 100 200 500  }</qntm></blue></lcf_cal></user></li6400>
"10:09:19 "
$STARTOFDATA$
"Obs"	"HHMMSS"	"FTime"	"EBal?"	"Photo"	"Cond"	"Ci"	"Trmmol"	"VpdL"	"CTleaf"	"Area"	"BLC_1"	"StmRat"	"BLCond"	"Tair"	"Tleaf"	"TBlk"	"CO2R"	"CO2S"	"H2OR"	"H2OS"	"RH_R"	"RH_S"	"Flow"	"PARi"	"PARo"	"Press"	"CsMch"	"HsMch"	"CsMchSD"	"HsMchSD"	"CrMchSD"	"HrMchSD"	"StableF"	"BLCslope"	"BLCoffst"	"f_parin"	"f_parout"	"alphaK"	"Status"
"10:18:54 Flow: Fixed -> 200 umol/s"
"10:19:26 Coolers: Tblock -> 0.00 C"
"10:32:58 Flow: Fixed -> 200 umol/s"
1	"10:32:59"	1443.0	0	5.25	0.0798	270	0.587	0.75	7.23	6	1.42	1	2.84	2.49	7.23	0.06	398.49	382.05	0.962	2.718	13.09	36.99	199.9	1700	1	99.84	1.76	-0.167	0.157	0.00329	0.047	0.00254	0.7	-0.22	2.74	1.00	0.00	0.16	111115
2	"10:32:59"	1443.0	0	5.25	0.0798	270	0.587	0.75	7.23	6	1.42	1	2.84	2.49	7.23	0.06	398.49	382.05	0.962	2.718	13.09	36.99	199.9	1700	1	99.84	1.76	-0.167	0.157	0.00329	0.047	0.00254	0.7	-0.22	2.74	1.00	0.00	0.16	111115
3	"10:33:00"	1443.5	0	5.48	0.0833	270	0.612	0.75	7.22	6	1.42	1	2.84	2.49	7.22	0.06	399.03	381.87	0.886	2.718	12.05	36.98	199.8	1700	1	99.84	1.76	-0.167	0.157	0.00329	0.047	0.00254	0.7	-0.22	2.74	1.00	0.00	0.16	111115
4	"10:33:00"	1444.0	0	5.59	0.0852	270	0.625	0.749	7.21	6	1.42	1	2.84	2.49	7.21	0.06	399.32	381.83	0.846	2.717	11.51	36.96	199.8	1700	1	99.84	1.76	-0.167	0.157	0.00329	0.047	0.00254	0.7	-0.22	2.74	1.00	0.00	0.16	111115
5	"10:33:01"	1444.5	0	5.64	0.0863	270	0.632	0.749	7.20	6	1.42	1	2.84	2.49	7.20	0.06	399.52	381.84	0.821	2.714	11.17	36.92	199.8	1700	1	99.84	1.76	-0.167	0.157	0.00329	0.047	0.00254	0.7	-0.22	2.74	1.00	0.00	0.16	111115
6	"10:33:01"	1445.0	0	5.66	0.087	271	0.637	0.749	7.19	6	1.42	1	2.84	2.49	7.19	0.06	399.63	381.89	0.804	2.711	10.93	36.89	199.8	1700	1	99.84	1.76	-0.167	0.157	0.00329	0.047	0.00254	0.7	-0.22	2.74	1.00	0.00	0.16	111115
7	"10:33:02"	1445.5	0	5.67	0.0876	272	0.641	0.748	7.18	6	1.42	1	2.84	2.49	7.18	0.06	399.71	381.96	0.791	2.711	10.76	36.88	199.8	1700	1	99.84	1.76	-0.167	0.157	0.00329	0.047	0.00254	0.7	-0.22	2.74	1.00	0.00	0.16	111115
8	"10:33:02"	1446.0	0	5.71	0.0881	271	0.644	0.748	7.18	6	1.42	1	2.84	2.49	7.18	0.06	399.78	381.89	0.780	2.710	10.62	36.87	199.7	1701	1	99.84	1.76	-0.167	0.157	0.00329	0.047	0.00254	0.7	-0.22	2.74	1.00	0.00	0.16	111115
9	"10:33:03"	1446.5	0	5.84	0.0907	272	0.663	0.747	7.18	6	1.42	1	2.84	2.49	7.18	0.06	400.18	381.89	0.726	2.711	9.88	36.89	199.8	1701	1	99.84	1.76	-0.167	0.157	0.00329	0.047	0.00254	0.7	-0.22	2.74	1.00	0.00	0.16	111115
10	"10:33:04"	1447.0	0	5.87	0.0912	272	0.666	0.747	7.18	6	1.42	1	2.84	2.49	7.18	0.06	400.22	381.83	0.718	2.712	9.77	36.91	199.7	1701	1	99.84	1.76	-0.167	0.157	0.00329	0.047	0.00254	0.7	-0.22	2.74	1.00	0.00	0.16	111115
11	"10:33:04"	1447.5	0	5.82	0.0912	273	0.666	0.748	7.18	6	1.42	1	2.84	2.49	7.18	0.06	400.21	381.95	0.715	2.710	9.73	36.88	199.7	1701	1	99.84	1.76	-0.167	0.157	0.00329	0.047	0.00254	0.7	-0.22	2.74	1.00	0.00	0.16	111115
12	"10:33:05"	1448.0	0	5.79	0.0912	274	0.667	0.748	7.19	6	1.42	1	2.84	2.48	7.19	0.06	400.18	382.01	0.712	2.710	9.69	36.88	199.7	1701	1	99.84	1.76	-0.167	0.157	0.00329	0.047	0.00254	0.7	-0.22	2.74	1.00	0.00	0.16	111115
13	"10:33:05"	1448.5	0	5.81	0.0913	273	0.667	0.748	7.19	6	1.42	1	2.84	2.48	7.19	0.06	400.18	381.96	0.711	2.710	9.67	36.89	199.7	1701	1	99.84	1.76	-0.167	0.157	0.00329	0.047	0.00254	0.7	-0.22	2.74	1.00	0.00	0.16	111115
14	"10:33:06"	1449.0	0	5.81	0.0915	274	0.669	0.748	7.19	6	1.42	1	2.84	2.48	7.19	0.06	400.16	381.95	0.709	2.712	9.65	36.91	199.7	1701	1	99.84	1.76	-0.167	0.157	0.00329	0.047	0.00254	0.7	-0.22	2.74	1.00	0.00	0.16	111115
15	"10:33:06"	1449.5	0	5.81	0.0914	274	0.669	0.749	7.20	6	1.42	1	2.84	2.48	7.20	0.06	400.14	381.94	0.708	2.711	9.64	36.90	199.8	1701	1	99.84	1.76	-0.167	0.157	0.00329	0.047	0.00254	0.7	-0.22	2.74	1.00	0.00	0.16	111115
16	"10:33:07"	1450.0	0	5.79	0.0916	274	0.67	0.748	7.20	6	1.42	1	2.84	2.48	7.20	0.07	400.15	381.99	0.708	2.714	9.64	36.93	199.8	1701	1	99.84	1.76	-0.167	0.157	0.00329	0.047	0.00254	0.7	-0.22	2.74	1.00	0.00	0.16	111115
17	"10:33:07"	1450.5	0	5.79	0.0915	274	0.669	0.749	7.19	6	1.42	1	2.84	2.48	7.19	0.07	400.14	382.00	0.708	2.711	9.63	36.89	199.8	1700	1	99.84	1.76	-0.167	0.157	0.00329	0.047	0.00254	0.7	-0.22	2.74	1.00	0.00	0.16	111115
"10:33:16 Coolers: Tblock -> 5.00 C"
"10:35:03 Flow: Fixed -> 200 umol/s"
18	"10:35:18"	1582.0	0	6.11	0.0843	258	0.676	0.819	9.03	6	1.42	1	2.84	5.91	9.03	5.09	399.86	380.72	1.336	3.361	14.30	35.97	199.7	1700	1	99.84	1.06	-0.183	0.0571	0.00802	0.0548	0.0121	0.7	-0.22	2.74	1.00	0.00	0.16	111115
19	"10:35:19"	1582.0	0	6.11	0.0843	258	0.676	0.819	9.03	6	1.42	1	2.84	5.91	9.03	5.09	399.86	380.72	1.336	3.361	14.30	35.97	199.7	1700	1	99.84	1.06	-0.183	0.0571	0.00802	0.0548	0.0121	0.7	-0.22	2.74	1.00	0.00	0.16	111115
20	"10:35:19"	1582.5	0	6.11	0.0842	257	0.676	0.819	9.03	6	1.42	1	2.84	5.91	9.03	5.09	399.72	380.59	1.336	3.360	14.30	35.96	199.7	1700	1	99.84	1.06	-0.183	0.0571	0.00802	0.0548	0.0121	0.7	-0.22	2.74	1.00	0.00	0.16	111115
21	"10:35:20"	1583.0	0	6.07	0.0842	258	0.676	0.819	9.03	6	1.42	1	2.84	5.91	9.03	5.09	399.62	380.62	1.336	3.360	14.30	35.95	199.7	1700	1	99.84	1.06	-0.183	0.0571	0.00802	0.0548	0.0121	0.7	-0.22	2.74	1.00	0.00	0.16	111115
22	"10:35:20"	1583.5	0	6.03	0.0841	259	0.676	0.82	9.04	6	1.42	1	2.84	5.92	9.04	5.09	399.53	380.65	1.336	3.360	14.30	35.95	199.7	1700	1	99.84	1.06	-0.183	0.0571	0.00802	0.0548	0.0121	0.7	-0.22	2.74	1.00	0.00	0.16	111115
23	"10:35:21"	1584.0	0	6	0.0841	259	0.676	0.82	9.04	6	1.42	1	2.84	5.92	9.04	5.09	399.44	380.64	1.336	3.361	14.29	35.95	199.7	1700	1	99.84	1.06	-0.183	0.0571	0.00802	0.0548	0.0121	0.7	-0.22	2.74	1.00	0.00	0.16	111115
24	"10:35:21"	1584.5	0	5.98	0.0841	260	0.676	0.821	9.05	6	1.42	1	2.84	5.92	9.05	5.09	399.40	380.66	1.336	3.360	14.28	35.94	199.7	1700	1	99.84	1.06	-0.183	0.0571	0.00802	0.0548	0.0121	0.7	-0.22	2.74	1.00	0.00	0.16	111115
25	"10:35:22"	1585.0	0	6	0.0841	259	0.676	0.821	9.05	6	1.42	1	2.84	5.92	9.05	5.09	399.36	380.57	1.336	3.360	14.28	35.93	199.7	1700	1	99.84	1.06	-0.183	0.0571	0.00802	0.0548	0.0121	0.7	-0.22	2.74	1.00	0.00	0.16	111115
26	"10:35:22"	1585.5	0	5.98	0.084	259	0.676	0.822	9.06	6	1.42	1	2.84	5.92	9.06	5.08	399.34	380.58	1.336	3.360	14.28	35.93	199.7	1700	1	99.84	1.06	-0.183	0.0571	0.00802	0.0548	0.0121	1.0	-0.22	2.74	1.00	0.00	0.16	111115
27	"10:35:23"	1586.0	0	6.03	0.0839	258	0.676	0.822	9.06	6	1.42	1	2.84	5.93	9.06	5.08	399.33	380.43	1.335	3.359	14.28	35.91	199.7	1700	1	99.84	1.06	-0.183	0.0571	0.00802	0.0548	0.0121	1.0	-0.22	2.74	1.00	0.00	0.16	111115
28	"10:35:23"	1586.5	0	6.02	0.0838	259	0.675	0.822	9.06	6	1.42	1	2.84	5.93	9.06	5.08	399.34	380.50	1.336	3.357	14.28	35.88	199.7	1700	1	99.84	1.06	-0.183	0.0571	0.00802	0.0548	0.0121	1.0	-0.22	2.74	1.00	0.00	0.16	111115
29	"10:35:24"	1587.0	0	6.04	0.0839	258	0.676	0.822	9.06	6	1.42	1	2.84	5.93	9.06	5.08	399.37	380.45	1.335	3.358	14.27	35.89	199.7	1700	1	99.84	1.06	-0.183	0.0571	0.00802	0.0548	0.0121	1.0	-0.22	2.74	1.00	0.00	0.16	111115
30	"10:35:24"	1587.5	0	6.1	0.0839	257	0.676	0.822	9.07	6	1.42	1	2.84	5.93	9.07	5.08	399.39	380.30	1.336	3.359	14.28	35.90	199.7	1700	1	99.84	1.06	-0.183	0.0571	0.00802	0.0548	0.0121	1.0	-0.22	2.74	1.00	0.00	0.16	111115
31	"10:35:25"	1588.0	0	6.09	0.0839	257	0.676	0.822	9.07	6	1.42	1	2.84	5.93	9.07	5.08	399.36	380.30	1.336	3.361	14.27	35.91	199.7	1700	1	99.84	1.06	-0.183	0.0571	0.00802	0.0548	0.0121	1.0	-0.22	2.74	1.00	0.00	0.16	111115
32	"10:35:25"	1588.5	0	6.08	0.084	257	0.677	0.822	9.07	6	1.42	1	2.84	5.93	9.07	5.08	399.35	380.32	1.336	3.363	14.28	35.93	199.7	1700	1	99.84	1.06	-0.183	0.0571	0.00802	0.0548	0.0121	1.0	-0.22	2.74	1.00	0.00	0.16	111115
33	"10:35:26"	1589.0	0	6.04	0.0841	258	0.678	0.822	9.08	6	1.42	1	2.84	5.93	9.08	5.08	399.32	380.39	1.336	3.365	14.28	35.95	199.7	1700	1	99.84	1.06	-0.183	0.0571	0.00802	0.0548	0.0121	1.0	-0.22	2.74	1.00	0.00	0.16	111115
34	"10:35:27"	1589.5	0	6.09	0.0841	257	0.678	0.823	9.08	6	1.42	1	2.84	5.94	9.08	5.08	399.33	380.28	1.336	3.366	14.27	35.96	199.8	1700	1	99.84	1.06	-0.183	0.0571	0.00802	0.0548	0.0121	1.0	-0.22	2.74	1.00	0.00	0.16	111115
35	"10:35:27"	1590.0	0	6.06	0.084	258	0.678	0.823	9.09	6	1.42	1	2.84	5.94	9.09	5.08	399.33	380.35	1.336	3.366	14.27	35.95	199.7	1700	1	99.84	1.06	-0.183	0.0571	0.00802	0.0548	0.0121	1.0	-0.22	2.74	1.00	0.00	0.16	111115
"10:35:38 Coolers: Tblock -> 10.00 C"
"10:37:57 Flow: Fixed -> 200 umol/s"
36	"10:38:16"	1759.5	0	6.71	0.0832	242	0.761	0.931	11.62	6	1.42	1	2.84	9.95	11.62	10.13	399.51	378.49	2.150	4.426	17.48	35.97	199.7	1699	1	99.84	0.507	-0.206	0.12	0.00774	0.0702	0.0106	1.0	-0.22	2.74	1.00	0.00	0.16	111115
37	"10:38:16"	1759.5	0	6.71	0.0832	242	0.761	0.931	11.62	6	1.42	1	2.84	9.95	11.62	10.13	399.51	378.49	2.150	4.426	17.48	35.97	199.7	1699	1	99.84	0.507	-0.206	0.12	0.00774	0.0702	0.0106	1.0	-0.22	2.74	1.00	0.00	0.16	111115
38	"10:38:17"	1760.0	0	6.7	0.0832	242	0.761	0.931	11.63	6	1.42	1	2.84	9.95	11.63	10.13	399.46	378.47	2.150	4.427	17.47	35.97	199.7	1699	1	99.84	0.507	-0.206	0.12	0.00774	0.0702	0.0106	1.0	-0.22	2.74	1.00	0.00	0.16	111115
39	"10:38:18"	1760.5	0	6.67	0.0832	242	0.762	0.932	11.63	6	1.42	1	2.84	9.96	11.63	10.13	399.47	378.56	2.149	4.427	17.46	35.97	199.7	1699	1	99.84	0.507	-0.206	0.12	0.00774	0.0702	0.0106	1.0	-0.22	2.74	1.00	0.00	0.16	111115
40	"10:38:18"	1761.0	0	6.69	0.0833	242	0.762	0.932	11.64	6	1.42	1	2.84	9.96	11.64	10.13	399.50	378.55	2.150	4.430	17.46	35.98	199.7	1699	1	99.84	0.507	-0.206	0.12	0.00774	0.0702	0.0106	1.0	-0.22	2.74	1.00	0.00	0.16	111115
41	"10:38:19"	1761.5	0	6.69	0.0832	242	0.762	0.933	11.64	6	1.42	1	2.84	9.96	11.64	10.13	399.49	378.52	2.150	4.429	17.46	35.97	199.7	1699	1	99.84	0.507	-0.206	0.12	0.00774	0.0702	0.0106	1.0	-0.22	2.74	1.00	0.00	0.16	111115
42	"10:38:19"	1762.0	0	6.71	0.0832	242	0.762	0.933	11.65	6	1.42	1	2.84	9.96	11.65	10.13	399.48	378.46	2.150	4.430	17.46	35.97	199.7	1699	1	99.84	0.507	-0.206	0.12	0.00774	0.0702	0.0106	1.0	-0.22	2.74	1.00	0.00	0.16	111115
43	"10:38:20"	1762.5	0	6.71	0.0833	242	0.763	0.933	11.65	6	1.42	1	2.84	9.97	11.65	10.13	399.44	378.41	2.149	4.431	17.45	35.98	199.7	1699	1	99.84	0.507	-0.206	0.12	0.00774	0.0702	0.0106	1.0	-0.22	2.74	1.00	0.00	0.16	111115
44	"10:38:20"	1763.0	0	6.74	0.0833	241	0.764	0.933	11.65	6	1.42	1	2.84	9.97	11.65	10.13	399.48	378.36	2.149	4.432	17.44	35.98	199.7	1699	1	99.84	0.507	-0.206	0.12	0.00774	0.0702	0.0106	1.0	-0.22	2.74	1.00	0.00	0.16	111115
45	"10:38:21"	1763.5	0	6.76	0.0835	241	0.765	0.933	11.66	6	1.42	1	2.84	9.97	11.66	10.13	399.52	378.34	2.149	4.436	17.45	36.01	199.7	1699	1	99.84	0.507	-0.206	0.12	0.00774	0.0702	0.0106	1.0	-0.22	2.74	1.00	0.00	0.16	111115
46	"10:38:21"	1764.0	0	6.79	0.0834	240	0.765	0.934	11.66	6	1.42	1	2.84	9.97	11.66	10.13	399.56	378.30	2.149	4.436	17.45	36.01	199.8	1699	1	99.84	0.507	-0.206	0.12	0.00774	0.0702	0.0106	1.0	-0.22	2.74	1.00	0.00	0.16	111115
47	"10:38:22"	1764.5	0	6.82	0.0835	239	0.765	0.934	11.66	6	1.42	1	2.84	9.97	11.66	10.13	399.56	378.20	2.149	4.438	17.44	36.01	199.8	1699	1	99.84	0.507	-0.206	0.12	0.00774	0.0702	0.0106	1.0	-0.22	2.74	1.00	0.00	0.16	111115
48	"10:38:22"	1765.0	0	6.82	0.0834	239	0.765	0.934	11.66	6	1.42	1	2.84	9.97	11.66	10.12	399.57	378.22	2.149	4.436	17.44	36.00	199.7	1699	1	99.84	0.507	-0.206	0.12	0.00774	0.0702	0.0106	0.7	-0.22	2.74	1.00	0.00	0.16	111115
49	"10:38:23"	1765.5	0	6.84	0.0835	239	0.765	0.933	11.66	6	1.42	1	2.84	9.98	11.66	10.12	399.61	378.20	2.150	4.438	17.44	36.01	199.8	1699	1	99.84	0.507	-0.206	0.12	0.00774	0.0702	0.0106	0.7	-0.22	2.74	1.00	0.00	0.16	111115
50	"10:38:23"	1766.0	0	6.81	0.0837	240	0.767	0.933	11.66	6	1.42	1	2.84	9.98	11.66	10.12	399.62	378.30	2.149	4.442	17.44	36.03	199.8	1699	1	99.84	0.507	-0.206	0.12	0.00774	0.0702	0.0106	0.7	-0.22	2.74	1.00	0.00	0.16	111115
51	"10:38:24"	1766.5	0	6.81	0.0838	240	0.767	0.932	11.66	6	1.42	1	2.84	9.98	11.66	10.12	399.66	378.35	2.150	4.443	17.44	36.04	199.8	1699	1	99.84	0.507	-0.206	0.12	0.00774	0.0702	0.0106	0.7	-0.22	2.74	1.00	0.00	0.16	111115
"10:38:36 Coolers: Tblock -> 15.00 C"
"10:40:20 Flow: Fixed -> 200 umol/s"
52	"10:40:29"	1892.5	0	7.27	0.077	218	0.771	1.02	13.77	6	1.42	1	2.84	13.75	13.77	15.14	399.85	377.11	3.351	5.655	21.20	35.77	199.7	1699	0	99.84	0.135	-0.245	0.0676	0.0332	0.0473	0.0381	1.0	-0.22	2.74	1.00	0.00	0.16	111115
53	"10:40:29"	1892.5	0	7.27	0.077	218	0.771	1.02	13.77	6	1.42	1	2.84	13.75	13.77	15.14	399.85	377.11	3.351	5.655	21.20	35.77	199.7	1699	0	99.84	0.135	-0.245	0.0676	0.0332	0.0473	0.0381	1.0	-0.22	2.74	1.00	0.00	0.16	111115
54	"10:40:30"	1893.0	0	7.29	0.0773	218	0.773	1.02	13.77	6	1.42	1	2.84	13.75	13.77	15.13	399.83	377.05	3.350	5.661	21.19	35.80	199.7	1699	0	99.84	0.135	-0.245	0.0676	0.0332	0.0473	0.0381	1.0	-0.22	2.74	1.00	0.00	0.16	111115
55	"10:40:30"	1893.5	0	7.33	0.0774	217	0.775	1.02	13.78	6	1.42	1	2.84	13.76	13.78	15.13	399.86	376.96	3.350	5.666	21.18	35.82	199.7	1699	0	99.84	0.135	-0.245	0.0676	0.0332	0.0473	0.0381	0.7	-0.22	2.74	1.00	0.00	0.16	111115
56	"10:40:31"	1894.0	0	7.34	0.0775	217	0.776	1.02	13.78	6	1.42	1	2.84	13.76	13.78	15.13	399.80	376.88	3.351	5.669	21.18	35.83	199.7	1699	1	99.84	0.135	-0.245	0.0676	0.0332	0.0473	0.0381	0.7	-0.22	2.74	1.00	0.00	0.16	111115
57	"10:40:31"	1894.5	0	7.33	0.0777	218	0.778	1.02	13.79	6	1.42	1	2.84	13.77	13.79	15.13	399.80	376.90	3.352	5.674	21.18	35.85	199.8	1699	1	99.84	0.135	-0.245	0.0676	0.0332	0.0473	0.0381	0.7	-0.22	2.74	1.00	0.00	0.16	111115
58	"10:40:32"	1895.0	0	7.34	0.0777	217	0.778	1.02	13.79	6	1.42	1	2.84	13.77	13.79	15.13	399.78	376.84	3.352	5.675	21.17	35.85	199.7	1699	1	99.84	0.135	-0.245	0.0676	0.0332	0.0473	0.0381	0.7	-0.22	2.74	1.00	0.00	0.16	111115
59	"10:40:32"	1895.5	0	7.38	0.0779	217	0.78	1.02	13.80	6	1.42	1	2.84	13.77	13.80	15.14	399.79	376.74	3.352	5.682	21.17	35.88	199.7	1699	1	99.84	0.135	-0.245	0.0676	0.0332	0.0473	0.0381	0.7	-0.22	2.74	1.00	0.00	0.16	111115
60	"10:40:33"	1896.0	0	7.39	0.0778	216	0.78	1.02	13.81	6	1.42	1	2.84	13.78	13.81	15.14	399.82	376.75	3.352	5.682	21.17	35.88	199.8	1699	1	99.84	0.135	-0.245	0.0676	0.0332	0.0473	0.0381	0.7	-0.22	2.74	1.00	0.00	0.16	111115
61	"10:40:33"	1896.5	0	7.38	0.0779	217	0.781	1.02	13.82	6	1.42	1	2.84	13.78	13.82	15.14	399.83	376.78	3.353	5.685	21.16	35.89	199.8	1699	1	99.84	0.135	-0.245	0.0676	0.0332	0.0473	0.0381	0.7	-0.22	2.74	1.00	0.00	0.16	111115
62	"10:40:34"	1897.0	0	7.36	0.078	217	0.782	1.02	13.82	6	1.42	1	2.84	13.79	13.82	15.14	399.85	376.86	3.352	5.687	21.16	35.89	199.8	1699	1	99.84	0.135	-0.245	0.0676	0.0332	0.0473	0.0381	0.7	-0.22	2.74	1.00	0.00	0.16	111115
63	"10:40:34"	1897.5	0	7.34	0.0779	218	0.782	1.02	13.83	6	1.42	1	2.84	13.79	13.83	15.14	399.87	376.92	3.353	5.687	21.15	35.88	199.8	1699	1	99.84	0.135	-0.245	0.0676	0.0332	0.0473	0.0381	1.0	-0.22	2.74	1.00	0.00	0.16	111115
64	"10:40:35"	1898.5	0	7.35	0.078	218	0.784	1.02	13.84	6	1.42	1	2.84	13.80	13.84	15.14	399.99	377.03	3.352	5.694	21.14	35.90	199.7	1699	1	99.84	0.135	-0.245	0.0676	0.0332	0.0473	0.0381	1.0	-0.22	2.74	1.00	0.00	0.16	111115
65	"10:40:35"	1899.0	0	7.33	0.0783	219	0.786	1.02	13.85	6	1.42	1	2.84	13.80	13.85	15.14	400.04	377.13	3.352	5.701	21.13	35.94	199.8	1699	1	99.84	0.135	-0.245	0.0676	0.0332	0.0473	0.0381	1.0	-0.22	2.74	1.00	0.00	0.16	111115
66	"10:40:36"	1899.5	0	7.33	0.0782	219	0.786	1.02	13.85	6	1.42	1	2.84	13.80	13.85	15.14	400.06	377.15	3.352	5.700	21.13	35.93	199.8	1699	0	99.84	0.135	-0.245	0.0676	0.0332	0.0473	0.0381	1.0	-0.22	2.74	1.00	0.00	0.16	111115
67	"10:40:36"	1900.0	0	7.31	0.0785	220	0.788	1.02	13.86	6	1.42	1	2.84	13.81	13.86	15.14	400.07	377.23	3.352	5.707	21.12	35.96	199.7	1699	0	99.84	0.135	-0.245	0.0676	0.0332	0.0473	0.0381	1.0	-0.22	2.74	1.00	0.00	0.16	111115
68	"10:40:37"	1900.5	0	7.31	0.0785	220	0.789	1.02	13.87	6	1.42	1	2.84	13.81	13.87	15.14	400.11	377.26	3.351	5.709	21.11	35.96	199.7	1699	0	99.84	0.135	-0.245	0.0676	0.0332	0.0473	0.0381	1.0	-0.22	2.74	1.00	0.00	0.16	111115
69	"10:40:37"	1901.0	0	7.36	0.0785	219	0.79	1.02	13.88	6	1.42	1	2.84	13.82	13.88	15.14	400.14	377.15	3.351	5.711	21.11	35.97	199.7	1699	0	99.84	0.135	-0.245	0.0676	0.0332	0.0473	0.0381	1.0	-0.22	2.74	1.00	0.00	0.16	111115
70	"10:40:38"	1901.5	0	7.4	0.0788	218	0.793	1.02	13.89	6	1.42	1	2.84	13.82	13.89	15.14	400.22	377.10	3.351	5.718	21.10	36.00	199.7	1699	1	99.84	0.135	-0.245	0.0676	0.0332	0.0473	0.0381	1.0	-0.22	2.74	1.00	0.00	0.16	111115
71	"10:40:39"	1902.0	0	7.42	0.0788	218	0.794	1.02	13.89	6	1.42	1	2.84	13.82	13.89	15.14	400.28	377.09	3.351	5.721	21.10	36.01	199.8	1699	0	99.84	0.135	-0.245	0.0676	0.0332	0.0473	0.0381	1.0	-0.22	2.74	1.00	0.00	0.16	111115
72	"10:40:39"	1902.5	0	7.44	0.0789	218	0.794	1.02	13.90	6	1.42	1	2.84	13.83	13.90	15.14	400.31	377.06	3.351	5.723	21.09	36.02	199.8	1699	0	99.84	0.135	-0.245	0.0676	0.0332	0.0473	0.0381	1.0	-0.22	2.74	1.00	0.00	0.16	111115
"10:40:50 Coolers: Tblock -> 20.00 C"
"10:44:14 Flow: Fixed -> 200 umol/s"
73	"10:44:30"	2133.5	0	7.68	0.0825	218	1.04	1.28	17.59	6	1.42	1	2.84	18.47	17.59	20.13	400.91	376.66	4.319	7.421	20.21	34.72	199.7	1700	1	99.85	0.146	-0.263	0.154	0.0162	0.0644	0.0159	1.0	-0.22	2.74	1.00	0.00	0.16	111115
74	"10:44:30"	2133.5	0	7.68	0.0825	218	1.04	1.28	17.59	6	1.42	1	2.84	18.47	17.59	20.13	400.91	376.66	4.319	7.421	20.21	34.72	199.7	1700	1	99.85	0.146	-0.263	0.154	0.0162	0.0644	0.0159	1.0	-0.22	2.74	1.00	0.00	0.16	111115
75	"10:44:31"	2133.5	0	7.68	0.0825	218	1.04	1.28	17.59	6	1.42	1	2.84	18.47	17.59	20.13	400.91	376.66	4.319	7.421	20.21	34.72	199.7	1700	1	99.85	0.146	-0.263	0.154	0.0162	0.0644	0.0159	1.0	-0.22	2.74	1.00	0.00	0.16	111115
76	"10:44:31"	2134.0	0	7.68	0.0825	218	1.04	1.28	17.61	6	1.42	1	2.84	18.48	17.61	20.13	400.88	376.62	4.319	7.424	20.20	34.73	199.7	1700	1	99.85	0.146	-0.263	0.154	0.0162	0.0644	0.0159	1.0	-0.22	2.74	1.00	0.00	0.16	111115
77	"10:44:32"	2134.5	0	7.64	0.0825	219	1.04	1.28	17.61	6	1.42	1	2.84	18.48	17.61	20.13	400.75	376.62	4.318	7.425	20.20	34.73	199.7	1700	0	99.85	0.146	-0.263	0.154	0.0162	0.0644	0.0159	1.0	-0.22	2.74	1.00	0.00	0.16	111115
78	"10:44:32"	2135.0	0	7.64	0.0825	218	1.04	1.28	17.63	6	1.42	1	2.84	18.48	17.63	20.13	400.70	376.56	4.318	7.428	20.19	34.74	199.7	1700	0	99.85	0.146	-0.263	0.154	0.0162	0.0644	0.0159	1.0	-0.22	2.74	1.00	0.00	0.16	111115
79	"10:44:33"	2135.5	0	7.58	0.0825	220	1.04	1.28	17.63	6	1.42	1	2.84	18.48	17.63	20.13	400.61	376.66	4.318	7.429	20.19	34.74	199.8	1700	1	99.85	0.146	-0.263	0.154	0.0162	0.0644	0.0159	1.0	-0.22	2.74	1.00	0.00	0.16	111115
80	"10:44:33"	2136.0	0	7.56	0.0826	220	1.04	1.28	17.63	6	1.42	1	2.84	18.49	17.63	20.13	400.59	376.69	4.318	7.433	20.19	34.75	199.8	1700	1	99.85	0.146	-0.263	0.154	0.0162	0.0644	0.0159	1.0	-0.22	2.74	1.00	0.00	0.16	111115
81	"10:44:34"	2136.5	0	7.53	0.0826	221	1.05	1.28	17.64	6	1.42	1	2.84	18.49	17.64	20.13	400.58	376.79	4.319	7.436	20.19	34.77	199.7	1700	1	99.85	0.146	-0.263	0.154	0.0162	0.0644	0.0159	1.0	-0.22	2.74	1.00	0.00	0.16	111115
82	"10:44:34"	2137.0	0	7.54	0.0826	221	1.05	1.28	17.64	6	1.42	1	2.84	18.49	17.64	20.13	400.59	376.76	4.320	7.437	20.19	34.76	199.8	1700	0	99.85	0.146	-0.263	0.154	0.0162	0.0644	0.0159	1.0	-0.22	2.74	1.00	0.00	0.16	111115
83	"10:44:35"	2137.5	0	7.52	0.0826	221	1.05	1.28	17.65	6	1.42	1	2.84	18.49	17.65	20.13	400.60	376.83	4.319	7.439	20.19	34.77	199.8	1700	0	99.85	0.146	-0.263	0.154	0.0162	0.0644	0.0159	1.0	-0.22	2.74	1.00	0.00	0.16	111115
84	"10:44:35"	2138.0	0	7.54	0.0825	221	1.05	1.28	17.65	6	1.42	1	2.84	18.50	17.65	20.12	400.64	376.81	4.319	7.437	20.18	34.75	199.7	1700	1	99.85	0.146	-0.263	0.154	0.0162	0.0644	0.0159	1.0	-0.22	2.74	1.00	0.00	0.16	111115
85	"10:44:36"	2139.0	0	7.53	0.0824	221	1.05	1.28	17.66	6	1.42	1	2.84	18.50	17.66	20.12	400.70	376.89	4.321	7.437	20.19	34.74	199.8	1700	1	99.85	0.146	-0.263	0.154	0.0162	0.0644	0.0159	1.0	-0.22	2.74	1.00	0.00	0.16	111115
86	"10:44:36"	2139.5	0	7.58	0.0823	220	1.04	1.29	17.67	6	1.42	1	2.84	18.50	17.67	20.12	400.73	376.78	4.321	7.437	20.18	34.74	199.7	1700	1	99.85	0.146	-0.263	0.154	0.0162	0.0644	0.0159	1.0	-0.22	2.74	1.00	0.00	0.16	111115
87	"10:44:37"	2140.0	0	7.61	0.0822	219	1.04	1.29	17.68	6	1.42	1	2.84	18.51	17.68	20.12	400.74	376.71	4.321	7.436	20.18	34.73	199.8	1700	1	99.85	0.146	-0.263	0.154	0.0162	0.0644	0.0159	1.0	-0.22	2.74	1.00	0.00	0.16	111115
88	"10:44:37"	2140.5	0	7.63	0.0823	219	1.05	1.29	17.68	6	1.42	1	2.84	18.51	17.68	20.12	400.75	376.66	4.321	7.437	20.17	34.73	199.8	1700	1	99.85	0.146	-0.263	0.154	0.0162	0.0644	0.0159	1.0	-0.22	2.74	1.00	0.00	0.16	111115
89	"10:44:38"	2141.0	0	7.62	0.0824	219	1.05	1.29	17.68	6	1.42	1	2.84	18.51	17.68	20.12	400.70	376.63	4.321	7.441	20.17	34.74	199.7	1700	1	99.85	0.146	-0.263	0.154	0.0162	0.0644	0.0159	1.0	-0.22	2.74	1.00	0.00	0.16	111115
90	"10:44:38"	2141.5	0	7.63	0.0824	219	1.05	1.29	17.68	6	1.42	1	2.84	18.51	17.68	20.12	400.68	376.58	4.321	7.440	20.17	34.73	199.8	1700	1	99.85	0.146	-0.263	0.154	0.0162	0.0644	0.0159	1.0	-0.22	2.74	1.00	0.00	0.16	111115
91	"10:44:39"	2142.0	0	7.62	0.0826	219	1.05	1.29	17.68	6	1.42	1	2.84	18.51	17.68	20.12	400.68	376.62	4.321	7.446	20.17	34.76	199.8	1700	1	99.85	0.146	-0.263	0.154	0.0162	0.0644	0.0159	1.0	-0.22	2.74	1.00	0.00	0.16	111115
92	"10:44:39"	2142.5	0	7.62	0.0825	219	1.05	1.29	17.69	6	1.42	1	2.84	18.52	17.69	20.12	400.67	376.62	4.321	7.447	20.17	34.75	199.8	1699	1	99.85	0.146	-0.263	0.154	0.0162	0.0644	0.0159	1.0	-0.22	2.74	1.00	0.00	0.16	111115
93	"10:44:40"	2143.0	0	7.64	0.0826	219	1.05	1.29	17.69	6	1.42	1	2.84	18.52	17.69	20.12	400.70	376.58	4.321	7.450	20.16	34.76	199.8	1699	1	99.85	0.146	-0.263	0.154	0.0162	0.0644	0.0159	1.0	-0.22	2.74	1.00	0.00	0.16	111115
94	"10:44:41"	2143.5	0	7.6	0.0827	220	1.05	1.29	17.70	6	1.42	1	2.84	18.52	17.70	20.12	400.69	376.67	4.321	7.454	20.16	34.78	199.9	1700	1	99.85	0.146	-0.263	0.154	0.0162	0.0644	0.0159	1.0	-0.22	2.74	1.00	0.00	0.16	111115
"10:44:54 Coolers: Tblock -> 25.00 C"
"10:49:07 Flow: Fixed -> 200 umol/s"
95	"10:49:10"	2413.5	0	7.84	0.0808	208	1.32	1.65	20.98	6	1.42	1	2.84	22.86	20.98	25.13	399.32	374.28	4.451	8.397	15.89	29.98	199.8	1697	1	99.85	0.105	-0.287	0.146	0.018	0.0308	0.0135	1.0	-0.22	2.74	1.00	0.00	0.16	111115
96	"10:49:10"	2413.5	0	7.84	0.0808	208	1.32	1.65	20.98	6	1.42	1	2.84	22.86	20.98	25.13	399.32	374.28	4.451	8.397	15.89	29.98	199.8	1697	1	99.85	0.105	-0.287	0.146	0.018	0.0308	0.0135	1.0	-0.22	2.74	1.00	0.00	0.16	111115
97	"10:49:11"	2414.0	0	7.85	0.0812	208	1.33	1.66	20.99	6	1.42	1	2.84	22.87	20.99	25.13	399.48	374.42	4.430	8.395	15.81	29.97	199.8	1697	1	99.85	0.105	-0.287	0.146	0.018	0.0308	0.0135	1.0	-0.22	2.74	1.00	0.00	0.16	111115
98	"10:49:11"	2414.5	0	7.87	0.0815	208	1.34	1.66	20.99	6	1.42	1	2.84	22.87	20.99	25.13	399.61	374.48	4.414	8.395	15.76	29.97	199.8	1697	1	99.85	0.105	-0.287	0.146	0.018	0.0308	0.0135	1.0	-0.22	2.74	1.00	0.00	0.16	111115
99	"10:49:12"	2415.0	0	7.84	0.0818	210	1.34	1.66	20.99	6	1.42	1	2.84	22.87	20.99	25.13	399.64	374.57	4.401	8.398	15.71	29.98	199.8	1698	1	99.85	0.105	-0.287	0.146	0.018	0.0308	0.0135	1.0	-0.22	2.74	1.00	0.00	0.16	111115
100	"10:49:12"	2415.5	0	7.91	0.0834	211	1.37	1.66	21.00	6	1.42	1	2.84	22.87	21.00	25.13	400.05	374.76	4.326	8.398	15.44	29.97	199.8	1698	1	99.85	0.105	-0.287	0.146	0.018	0.0308	0.0135	1.0	-0.22	2.74	1.00	0.00	0.16	111115
101	"10:49:13"	2416.0	0	7.92	0.0835	211	1.37	1.66	20.99	6	1.42	1	2.84	22.87	20.99	25.13	400.08	374.74	4.320	8.397	15.42	29.97	199.8	1698	1	99.85	0.105	-0.287	0.146	0.018	0.0308	0.0135	1.0	-0.22	2.74	1.00	0.00	0.16	111115
102	"10:49:13"	2416.5	0	7.86	0.0836	213	1.37	1.66	21.00	6	1.42	1	2.84	22.87	21.00	25.12	400.07	374.92	4.318	8.401	15.41	29.98	199.8	1699	1	99.85	0.105	-0.287	0.146	0.018	0.0308	0.0135	1.0	-0.22	2.74	1.00	0.00	0.16	111115
103	"10:49:14"	2417.0	0	7.89	0.0836	212	1.37	1.66	21.01	6	1.42	1	2.84	22.88	21.01	25.12	400.07	374.82	4.317	8.403	15.40	29.98	199.8	1699	1	99.85	0.105	-0.287	0.146	0.018	0.0308	0.0135	1.0	-0.22	2.74	1.00	0.00	0.16	111115
104	"10:49:14"	2417.5	0	7.86	0.0836	213	1.37	1.66	21.02	6	1.42	1	2.84	22.88	21.02	25.12	400.05	374.90	4.316	8.402	15.40	29.97	199.8	1699	1	99.85	0.105	-0.287	0.146	0.018	0.0308	0.0135	1.0	-0.22	2.74	1.00	0.00	0.16	111115
105	"10:49:15"	2418.0	0	7.88	0.0837	213	1.37	1.66	21.02	6	1.42	1	2.84	22.88	21.02	25.12	400.04	374.84	4.315	8.407	15.39	29.99	199.8	1700	1	99.85	0.105	-0.287	0.146	0.018	0.0308	0.0135	1.0	-0.22	2.74	1.00	0.00	0.16	111115
106	"10:49:15"	2418.5	0	7.87	0.0838	213	1.38	1.66	21.02	6	1.42	1	2.84	22.88	21.02	25.12	400.00	374.84	4.314	8.409	15.39	29.99	199.8	1700	1	99.85	0.105	-0.287	0.146	0.018	0.0308	0.0135	1.0	-0.22	2.74	1.00	0.00	0.16	111115
107	"10:49:16"	2419.0	0	7.89	0.0838	212	1.38	1.66	21.02	6	1.42	1	2.84	22.89	21.02	25.12	400.04	374.80	4.314	8.410	15.38	29.99	199.8	1700	1	99.85	0.105	-0.287	0.146	0.018	0.0308	0.0135	1.0	-0.22	2.74	1.00	0.00	0.16	111115
108	"10:49:16"	2419.5	0	7.92	0.0838	212	1.38	1.66	21.03	6	1.42	1	2.84	22.89	21.03	25.12	400.07	374.72	4.313	8.411	15.38	29.99	199.8	1700	1	99.85	0.105	-0.287	0.146	0.018	0.0308	0.0135	1.0	-0.22	2.74	1.00	0.00	0.16	111115
109	"10:49:17"	2420.0	0	7.9	0.0837	212	1.38	1.66	21.04	6	1.42	1	2.84	22.89	21.04	25.12	400.04	374.77	4.314	8.413	15.37	29.99	199.7	1700	1	99.85	0.105	-0.287	0.146	0.018	0.0308	0.0135	1.0	-0.22	2.74	1.00	0.00	0.16	111115
110	"10:49:17"	2420.5	0	7.92	0.0837	212	1.38	1.66	21.05	6	1.42	1	2.84	22.90	21.05	25.12	400.10	374.76	4.313	8.413	15.37	29.98	199.7	1700	1	99.85	0.105	-0.287	0.146	0.018	0.0308	0.0135	1.0	-0.22	2.74	1.00	0.00	0.16	111115
111	"10:49:18"	2421.0	0	7.9	0.0838	212	1.38	1.66	21.04	6	1.42	1	2.84	22.90	21.04	25.12	400.12	374.84	4.313	8.417	15.37	29.99	199.7	1700	1	99.85	0.105	-0.287	0.146	0.018	0.0308	0.0135	1.0	-0.22	2.74	1.00	0.00	0.16	111115
112	"10:49:19"	2421.5	0	7.89	0.0839	213	1.38	1.66	21.04	6	1.42	1	2.84	22.90	21.04	25.12	400.15	374.88	4.312	8.422	15.36	30.00	199.7	1700	1	99.85	0.105	-0.287	0.146	0.018	0.0308	0.0135	1.0	-0.22	2.74	1.00	0.00	0.16	111115
113	"10:49:19"	2422.0	0	7.86	0.084	214	1.38	1.66	21.05	6	1.42	1	2.84	22.91	21.05	25.12	400.17	375.00	4.311	8.425	15.35	30.01	199.7	1699	1	99.85	0.105	-0.287	0.146	0.018	0.0308	0.0135	1.0	-0.22	2.74	1.00	0.00	0.16	111115
114	"10:49:20"	2422.5	0	7.86	0.084	213	1.38	1.66	21.06	6	1.42	1	2.84	22.91	21.06	25.12	400.18	375.00	4.311	8.429	15.35	30.02	199.7	1699	1	99.85	0.105	-0.287	0.146	0.018	0.0308	0.0135	1.0	-0.22	2.74	1.00	0.00	0.16	111115
115	"10:49:20"	2423.0	0	7.9	0.0839	213	1.38	1.67	21.07	6	1.42	1	2.84	22.91	21.07	25.13	400.18	374.89	4.311	8.430	15.35	30.02	199.7	1699	1	99.85	0.105	-0.287	0.146	0.018	0.0308	0.0135	1.0	-0.22	2.74	1.00	0.00	0.16	111115
116	"10:49:21"	2424.0	0	7.92	0.084	212	1.38	1.67	21.07	6	1.42	1	2.84	22.91	21.07	25.13	400.25	374.91	4.310	8.432	15.34	30.02	199.7	1699	1	99.85	0.105	-0.287	0.146	0.018	0.0308	0.0135	1.0	-0.22	2.74	1.00	0.00	0.16	111115
117	"10:49:21"	2424.5	0	7.92	0.0841	212	1.39	1.67	21.08	6	1.42	1	2.84	22.92	21.08	25.13	400.26	374.90	4.310	8.436	15.34	30.03	199.7	1699	1	99.85	0.105	-0.287	0.146	0.018	0.0308	0.0135	1.0	-0.22	2.74	1.00	0.00	0.16	111115
118	"10:49:22"	2425.0	0	7.92	0.0839	212	1.38	1.67	21.09	6	1.42	1	2.84	22.92	21.09	25.13	400.26	374.92	4.310	8.434	15.34	30.01	199.8	1699	1	99.85	0.105	-0.287	0.146	0.018	0.0308	0.0135	1.0	-0.22	2.74	1.00	0.00	0.16	111115
"10:49:33 Coolers: Tblock -> 30.00 C"
"10:54:09 Flow: Fixed -> 200 umol/s"
119	"10:54:13"	2717.0	0	7.94	0.0781	197	1.75	2.25	25.71	6	1.42	1	2.84	27.87	25.71	30.15	400.46	374.63	5.498	10.697	14.58	28.36	199.8	1696	1	99.86	-0.049	-0.346	0.102	0.0387	0.0394	0.041	1.0	-0.22	2.74	1.00	0.00	0.16	111115
120	"10:54:14"	2717.0	0	7.94	0.0781	197	1.75	2.25	25.71	6	1.42	1	2.84	27.87	25.71	30.15	400.46	374.63	5.498	10.697	14.58	28.36	199.8	1696	1	99.86	-0.049	-0.346	0.102	0.0387	0.0394	0.041	1.0	-0.22	2.74	1.00	0.00	0.16	111115
121	"10:54:14"	2717.5	0	8.09	0.0795	197	1.78	2.25	25.72	6	1.42	1	2.84	27.87	25.72	30.15	400.86	374.56	5.408	10.702	14.33	28.37	199.8	1697	1	99.86	-0.049	-0.346	0.102	0.0387	0.0394	0.041	1.0	-0.22	2.74	1.00	0.00	0.16	111115
122	"10:54:15"	2718.0	0	8.11	0.0797	197	1.79	2.25	25.73	6	1.42	1	2.84	27.88	25.73	30.15	400.88	374.53	5.402	10.713	14.32	28.39	199.8	1697	1	99.86	-0.049	-0.346	0.102	0.0387	0.0394	0.041	1.0	-0.22	2.74	1.00	0.00	0.16	111115
123	"10:54:15"	2718.5	0	8.07	0.0798	198	1.79	2.25	25.74	6	1.42	1	2.84	27.88	25.74	30.15	400.89	374.64	5.400	10.720	14.31	28.40	199.8	1698	1	99.86	-0.049	-0.346	0.102	0.0387	0.0394	0.041	1.0	-0.22	2.74	1.00	0.00	0.16	111115
124	"10:54:16"	2719.0	0	8.1	0.0798	198	1.79	2.25	25.76	6	1.42	1	2.84	27.89	25.76	30.14	400.93	374.59	5.399	10.725	14.30	28.41	199.8	1698	1	99.86	-0.049	-0.346	0.102	0.0387	0.0394	0.041	1.0	-0.22	2.74	1.00	0.00	0.16	111115
125	"10:54:16"	2719.5	0	8.15	0.0798	197	1.79	2.26	25.77	6	1.42	1	2.84	27.89	25.77	30.14	400.95	374.46	5.399	10.726	14.30	28.41	199.8	1699	1	99.86	-0.049	-0.346	0.102	0.0387	0.0394	0.041	1.0	-0.22	2.74	1.00	0.00	0.16	111115
126	"10:54:17"	2720.0	0	8.13	0.0797	197	1.79	2.26	25.77	6	1.42	1	2.84	27.89	25.77	30.14	400.93	374.51	5.399	10.727	14.30	28.40	199.8	1700	1	99.86	-0.049	-0.346	0.102	0.0387	0.0394	0.041	1.0	-0.22	2.74	1.00	0.00	0.16	111115
127	"10:54:18"	2720.5	0	8.09	0.0798	198	1.8	2.26	25.78	6	1.42	1	2.84	27.90	25.78	30.14	400.92	374.60	5.399	10.737	14.29	28.42	199.8	1700	1	99.86	-0.049	-0.346	0.102	0.0387	0.0394	0.041	1.0	-0.22	2.74	1.00	0.00	0.16	111115
128	"10:54:18"	2721.0	0	8.09	0.0798	198	1.8	2.26	25.80	6	1.42	1	2.84	27.90	25.80	30.14	400.90	374.57	5.399	10.740	14.29	28.42	199.8	1700	1	99.86	-0.049	-0.346	0.102	0.0387	0.0394	0.041	1.0	-0.22	2.74	1.00	0.00	0.16	111115
129	"10:54:19"	2721.5	0	8.08	0.0799	198	1.8	2.26	25.81	6	1.42	1	2.84	27.91	25.81	30.14	400.91	374.63	5.399	10.748	14.28	28.44	199.8	1701	1	99.86	-0.049	-0.346	0.102	0.0387	0.0394	0.041	1.0	-0.22	2.74	1.00	0.00	0.16	111115
130	"10:54:19"	2722.0	0	8.06	0.0799	199	1.8	2.26	25.82	6	1.42	1	2.84	27.91	25.82	30.14	400.92	374.70	5.399	10.755	14.28	28.45	199.8	1701	1	99.86	-0.049	-0.346	0.102	0.0387	0.0394	0.041	1.0	-0.22	2.74	1.00	0.00	0.16	111115
131	"10:54:20"	2722.5	0	8.1	0.0799	198	1.8	2.27	25.83	6	1.42	1	2.84	27.92	25.83	30.14	400.94	374.58	5.399	10.758	14.28	28.45	199.8	1701	1	99.86	-0.049	-0.346	0.102	0.0387	0.0394	0.041	1.0	-0.22	2.74	1.00	0.00	0.16	111115
132	"10:54:20"	2723.0	0	8.06	0.08	199	1.81	2.27	25.84	6	1.42	1	2.84	27.92	25.84	30.14	400.93	374.69	5.399	10.768	14.27	28.47	199.8	1701	1	99.86	-0.049	-0.346	0.102	0.0387	0.0394	0.041	1.0	-0.22	2.74	1.00	0.00	0.16	111115
133	"10:54:21"	2723.5	0	8.05	0.0801	199	1.81	2.27	25.85	6	1.42	1	2.84	27.92	25.85	30.14	400.92	374.71	5.399	10.775	14.27	28.48	199.8	1701	1	99.86	-0.049	-0.346	0.102	0.0387	0.0394	0.041	1.0	-0.22	2.74	1.00	0.00	0.16	111115
134	"10:54:21"	2724.0	0	8.07	0.0802	199	1.81	2.27	25.86	6	1.42	1	2.84	27.93	25.86	30.14	400.99	374.71	5.399	10.783	14.27	28.49	199.8	1701	1	99.86	-0.049	-0.346	0.102	0.0387	0.0394	0.041	1.0	-0.22	2.74	1.00	0.00	0.16	111115
135	"10:54:22"	2725.0	0	8.08	0.0801	199	1.81	2.27	25.88	6	1.42	1	2.84	27.94	25.88	30.14	401.02	374.73	5.398	10.788	14.26	28.49	199.8	1701	1	99.86	-0.049	-0.346	0.102	0.0387	0.0394	0.041	1.0	-0.22	2.74	1.00	0.00	0.16	111115
136	"10:54:22"	2725.5	0	8.08	0.0802	199	1.82	2.27	25.89	6	1.42	1	2.84	27.94	25.89	30.14	401.03	374.73	5.399	10.794	14.26	28.51	199.8	1701	1	99.86	-0.049	-0.346	0.102	0.0387	0.0394	0.041	1.0	-0.22	2.74	1.00	0.00	0.16	111115
"10:54:33 Coolers: Tblock -> 35.00 C"
"10:56:39 Flow: Fixed -> 200 umol/s"
137	"10:56:41"	2864.5	0	7.26	0.0708	195	1.92	2.69	29.68	6	1.42	1	2.84	32.38	29.68	35.14	398.87	374.90	9.244	14.916	18.92	30.54	199.7	1701	1	99.86	-0.0488	-0.428	0.136	0.0225	0.0282	0.0239	1.0	-0.22	2.74	1.00	0.00	0.16	111115
138	"10:56:41"	2864.5	0	7.26	0.0708	195	1.92	2.69	29.68	6	1.42	1	2.84	32.38	29.68	35.14	398.87	374.90	9.244	14.916	18.92	30.54	199.7	1701	1	99.86	-0.0488	-0.428	0.136	0.0225	0.0282	0.0239	1.0	-0.22	2.74	1.00	0.00	0.16	111115
139	"10:56:42"	2865.0	0	7.37	0.0716	194	1.94	2.69	29.68	6	1.42	1	2.84	32.38	29.68	35.14	399.16	374.81	9.173	14.917	18.78	30.54	199.6	1701	1	99.86	-0.0488	-0.428	0.136	0.0225	0.0282	0.0239	1.0	-0.22	2.74	1.00	0.00	0.16	111115
140	"10:56:42"	2865.5	0	7.42	0.0722	194	1.95	2.69	29.69	6	1.42	1	2.84	32.38	29.69	35.14	399.28	374.78	9.130	14.917	18.69	30.53	199.6	1700	1	99.86	-0.0488	-0.428	0.136	0.0225	0.0282	0.0239	1.0	-0.22	2.74	1.00	0.00	0.16	111115
141	"10:56:43"	2866.0	0	7.44	0.0726	195	1.97	2.69	29.69	6	1.42	1	2.84	32.38	29.69	35.13	399.40	374.82	9.102	14.922	18.63	30.54	199.6	1700	1	99.86	-0.0488	-0.428	0.136	0.0225	0.0282	0.0239	1.0	-0.22	2.74	1.00	0.00	0.16	111115
142	"10:56:43"	2866.5	0	7.45	0.0729	195	1.97	2.69	29.69	6	1.42	1	2.84	32.38	29.69	35.13	399.49	374.86	9.083	14.928	18.59	30.55	199.6	1700	1	99.86	-0.0488	-0.428	0.136	0.0225	0.0282	0.0239	1.0	-0.22	2.74	1.00	0.00	0.16	111115
143	"10:56:44"	2867.0	0	7.49	0.0731	195	1.98	2.7	29.69	6	1.42	1	2.84	32.38	29.69	35.13	399.57	374.84	9.067	14.931	18.56	30.56	199.7	1700	1	99.86	-0.0488	-0.428	0.136	0.0225	0.0282	0.0239	1.0	-0.22	2.74	1.00	0.00	0.16	111115
144	"10:56:44"	2867.5	0	7.65	0.0745	194	2.02	2.7	29.70	6	1.42	1	2.84	32.38	29.70	35.13	399.97	374.70	8.969	14.941	18.35	30.57	199.7	1700	1	99.86	-0.0488	-0.428	0.136	0.0225	0.0282	0.0239	1.0	-0.22	2.74	1.00	0.00	0.16	111115
145	"10:56:45"	2868.0	0	7.68	0.0747	194	2.02	2.7	29.70	6	1.42	1	2.84	32.39	29.70	35.12	399.95	374.61	8.963	14.947	18.34	30.58	199.7	1700	1	99.86	-0.0488	-0.428	0.136	0.0225	0.0282	0.0239	1.0	-0.22	2.74	1.00	0.00	0.16	111115
146	"10:56:46"	2868.5	0	7.72	0.0747	193	2.02	2.7	29.71	6	1.42	1	2.84	32.39	29.71	35.12	399.99	374.51	8.961	14.948	18.33	30.58	199.7	1700	1	99.86	-0.0488	-0.428	0.136	0.0225	0.0282	0.0239	1.0	-0.22	2.74	1.00	0.00	0.16	111115
147	"10:56:46"	2869.0	0	7.71	0.0747	193	2.02	2.7	29.71	6	1.42	1	2.84	32.39	29.71	35.12	400.01	374.58	8.961	14.950	18.33	30.58	199.7	1700	1	99.86	-0.0488	-0.428	0.136	0.0225	0.0282	0.0239	1.0	-0.22	2.74	1.00	0.00	0.16	111115
148	"10:56:47"	2870.0	0	7.76	0.0747	192	2.03	2.7	29.72	6	1.42	1	2.84	32.40	29.72	35.12	400.08	374.48	8.959	14.952	18.32	30.58	199.7	1700	1	99.86	-0.0488	-0.428	0.136	0.0225	0.0282	0.0239	1.0	-0.22	2.74	1.00	0.00	0.16	111115
149	"10:56:47"	2870.5	0	7.78	0.0747	191	2.03	2.7	29.73	6	1.42	1	2.84	32.40	29.73	35.11	400.10	374.44	8.959	14.954	18.32	30.58	199.7	1700	1	99.86	-0.0488	-0.428	0.136	0.0225	0.0282	0.0239	1.0	-0.22	2.74	1.00	0.00	0.16	111115
150	"10:56:48"	2871.0	0	7.8	0.0747	191	2.03	2.7	29.73	6	1.42	1	2.84	32.40	29.73	35.11	400.12	374.41	8.960	14.956	18.32	30.58	199.7	1700	1	99.86	-0.0488	-0.428	0.136	0.0225	0.0282	0.0239	1.0	-0.22	2.74	1.00	0.00	0.16	111115
151	"10:56:48"	2871.5	0	7.76	0.0747	192	2.03	2.7	29.74	6	1.42	1	2.84	32.40	29.74	35.11	400.14	374.54	8.959	14.956	18.31	30.57	199.7	1700	1	99.86	-0.0488	-0.428	0.136	0.0225	0.0282	0.0239	1.0	-0.22	2.74	1.00	0.00	0.16	111115
152	"10:56:49"	2872.0	0	7.76	0.0746	192	2.03	2.7	29.74	6	1.42	1	2.84	32.41	29.74	35.11	400.21	374.61	8.960	14.956	18.31	30.57	199.8	1700	1	99.86	-0.0488	-0.428	0.136	0.0225	0.0282	0.0239	1.0	-0.22	2.74	1.00	0.00	0.16	111115
153	"10:56:49"	2872.5	0	7.74	0.0746	192	2.03	2.71	29.75	6	1.42	1	2.84	32.41	29.75	35.11	400.23	374.71	8.960	14.959	18.31	30.57	199.8	1700	1	99.86	-0.0488	-0.428	0.136	0.0225	0.0282	0.0239	1.0	-0.22	2.74	1.00	0.00	0.16	111115
154	"10:56:50"	2873.0	0	7.75	0.0746	192	2.03	2.71	29.76	6	1.42	1	2.84	32.41	29.76	35.12	400.22	374.67	8.961	14.962	18.31	30.57	199.8	1700	1	99.86	-0.0488	-0.428	0.136	0.0225	0.0282	0.0239	1.0	-0.22	2.74	1.00	0.00	0.16	111115
155	"10:56:50"	2873.5	0	7.71	0.0746	193	2.03	2.71	29.76	6	1.42	1	2.84	32.41	29.76	35.12	400.20	374.76	8.961	14.964	18.31	30.57	199.8	1700	1	99.86	-0.0488	-0.428	0.136	0.0225	0.0282	0.0239	1.0	-0.22	2.74	1.00	0.00	0.16	111115
156	"10:56:51"	2874.0	0	7.74	0.0745	192	2.03	2.71	29.77	6	1.42	1	2.84	32.42	29.77	35.12	400.22	374.69	8.962	14.966	18.30	30.57	199.8	1700	1	99.86	-0.0488	-0.428	0.136	0.0225	0.0282	0.0239	1.0	-0.22	2.74	1.00	0.00	0.16	111115
157	"10:56:52"	2874.5	0	7.76	0.0745	192	2.03	2.71	29.78	6	1.42	1	2.84	32.42	29.78	35.12	400.22	374.62	8.961	14.964	18.30	30.56	199.8	1700	1	99.86	-0.0488	-0.428	0.136	0.0225	0.0282	0.0239	1.0	-0.22	2.74	1.00	0.00	0.16	111115
"10:57:02 Coolers: Tblock -> 40.00 C"
"10:58:07 Flow: Fixed -> 200 umol/s"
158	"10:58:21"	2965.5	0	7.11	0.0706	197	2.23	3.13	31.67	6	1.42	1	2.84	36.16	31.67	40.18	399.88	376.02	8.994	15.586	14.91	25.85	199.7	1701	1	99.86	-0.0603	-0.452	0.0865	0.0276	0.0328	0.0189	1.0	-0.22	2.74	1.00	0.00	0.16	111115
159	"10:58:22"	2965.5	0	7.11	0.0706	197	2.23	3.13	31.67	6	1.42	1	2.84	36.16	31.67	40.18	399.88	376.02	8.994	15.586	14.91	25.85	199.7	1701	1	99.86	-0.0603	-0.452	0.0865	0.0276	0.0328	0.0189	1.0	-0.22	2.74	1.00	0.00	0.16	111115
160	"10:58:22"	2966.0	0	7.08	0.0706	197	2.23	3.13	31.68	6	1.42	1	2.84	36.17	31.68	40.18	399.81	376.04	8.994	15.588	14.91	25.84	199.8	1701	1	99.86	-0.0603	-0.452	0.0865	0.0276	0.0328	0.0189	0.7	-0.22	2.74	1.00	0.00	0.16	111115
161	"10:58:23"	2966.5	0	7.04	0.0705	198	2.23	3.13	31.68	6	1.42	1	2.84	36.17	31.68	40.18	399.77	376.11	8.994	15.585	14.90	25.83	199.8	1700	1	99.86	-0.0603	-0.452	0.0865	0.0276	0.0328	0.0189	0.7	-0.22	2.74	1.00	0.00	0.16	111115
162	"10:58:23"	2967.0	0	7.04	0.0706	198	2.23	3.14	31.69	6	1.42	1	2.84	36.18	31.69	40.18	399.76	376.07	8.993	15.591	14.90	25.83	199.8	1700	1	99.86	-0.0603	-0.452	0.0865	0.0276	0.0328	0.0189	0.7	-0.22	2.74	1.00	0.00	0.16	111115
163	"10:58:24"	2967.5	0	7.02	0.0706	199	2.23	3.14	31.70	6	1.42	1	2.84	36.19	31.70	40.18	399.71	376.09	8.992	15.596	14.89	25.82	199.7	1700	1	99.86	-0.0603	-0.452	0.0865	0.0276	0.0328	0.0189	0.7	-0.22	2.74	1.00	0.00	0.16	111115
164	"10:58:25"	2968.0	0	7	0.0706	199	2.24	3.14	31.71	6	1.42	1	2.84	36.20	31.71	40.18	399.68	376.12	8.991	15.601	14.88	25.82	199.7	1700	1	99.86	-0.0603	-0.452	0.0865	0.0276	0.0328	0.0189	1.0	-0.22	2.74	1.00	0.00	0.16	111115
165	"10:58:25"	2968.5	0	6.95	0.0706	200	2.24	3.14	31.71	6	1.42	1	2.84	36.20	31.71	40.18	399.66	376.26	8.992	15.602	14.88	25.82	199.7	1700	1	99.86	-0.0603	-0.452	0.0865	0.0276	0.0328	0.0189	1.0	-0.22	2.74	1.00	0.00	0.16	111115
166	"10:58:26"	2969.0	0	6.94	0.0705	201	2.23	3.14	31.72	6	1.42	1	2.84	36.21	31.72	40.18	399.65	376.29	8.993	15.600	14.87	25.80	199.7	1700	1	99.86	-0.0603	-0.452	0.0865	0.0276	0.0328	0.0189	1.0	-0.22	2.74	1.00	0.00	0.16	111115
167	"10:58:26"	2969.5	0	6.95	0.0705	200	2.24	3.14	31.73	6	1.42	1	2.84	36.22	31.73	40.18	399.64	376.24	8.993	15.603	14.87	25.79	199.7	1700	1	99.86	-0.0603	-0.452	0.0865	0.0276	0.0328	0.0189	1.0	-0.22	2.74	1.00	0.00	0.16	111115
168	"10:58:27"	2970.5	0	6.95	0.0705	200	2.24	3.15	31.75	6	1.42	1	2.84	36.23	31.75	40.17	399.62	376.23	8.993	15.613	14.85	25.79	199.7	1700	1	99.86	-0.0603	-0.452	0.0865	0.0276	0.0328	0.0189	1.0	-0.22	2.74	1.00	0.00	0.16	111115
169	"10:58:27"	2971.0	0	6.9	0.0704	201	2.24	3.15	31.75	6	1.42	1	2.84	36.24	31.75	40.17	399.60	376.34	8.994	15.608	14.85	25.77	199.7	1700	1	99.86	-0.0603	-0.452	0.0865	0.0276	0.0328	0.0189	1.0	-0.22	2.74	1.00	0.00	0.16	111115
170	"10:58:28"	2971.5	0	6.87	0.0703	202	2.24	3.15	31.76	6	1.42	1	2.84	36.25	31.76	40.17	399.58	376.42	8.994	15.607	14.84	25.76	199.7	1700	1	99.86	-0.0603	-0.452	0.0865	0.0276	0.0328	0.0189	0.7	-0.22	2.74	1.00	0.00	0.16	111115
171	"10:58:29"	2972.0	0	6.89	0.0703	201	2.24	3.16	31.77	6	1.42	1	2.84	36.25	31.77	40.17	399.57	376.34	8.993	15.607	14.84	25.75	199.7	1700	1	99.86	-0.0603	-0.452	0.0865	0.0276	0.0328	0.0189	0.7	-0.22	2.74	1.00	0.00	0.16	111115
172	"10:58:29"	2972.5	0	6.92	0.0703	200	2.24	3.16	31.78	6	1.42	1	2.84	36.26	31.78	40.17	399.55	376.24	8.994	15.612	14.83	25.75	199.7	1700	1	99.86	-0.0603	-0.452	0.0865	0.0276	0.0328	0.0189	0.7	-0.22	2.74	1.00	0.00	0.16	111115
173	"10:58:30"	2973.0	0	6.89	0.0702	201	2.24	3.16	31.79	6	1.42	1	2.84	36.27	31.79	40.16	399.48	376.26	8.993	15.609	14.83	25.74	199.7	1700	1	99.86	-0.0603	-0.452	0.0865	0.0276	0.0328	0.0189	0.7	-0.22	2.74	1.00	0.00	0.16	111115
174	"10:58:30"	2973.5	0	6.89	0.0701	201	2.24	3.16	31.80	6	1.42	1	2.84	36.27	31.80	40.16	399.49	376.26	8.993	15.606	14.82	25.73	199.7	1700	1	99.86	-0.0603	-0.452	0.0865	0.0276	0.0328	0.0189	0.7	-0.22	2.74	1.00	0.00	0.16	111115
175	"10:58:31"	2974.0	0	6.92	0.0699	199	2.23	3.16	31.80	6	1.42	1	2.84	36.28	31.80	40.16	399.49	376.17	8.994	15.598	14.82	25.71	199.7	1700	1	99.86	-0.0603	-0.452	0.0865	0.0276	0.0328	0.0189	0.7	-0.22	2.74	1.00	0.00	0.16	111115
"10:58:42 Coolers: Tblock -> 45.00 C"
"11:01:19 Flow: Fixed -> 200 umol/s"
176	"11:01:22"	3146.5	0	5.77	0.0558	191	2.35	4.13	35.30	6	1.42	1	2.84	40.92	35.30	45.20	399.39	379.38	9.162	16.110	11.75	20.67	199.7	1699	1	99.87	-0.376	-0.469	0.101	0.00698	0.0225	0.000634	1.0	-0.22	2.74	1.00	0.00	0.16	111115
177	"11:01:23"	3146.5	0	5.77	0.0558	191	2.35	4.13	35.30	6	1.42	1	2.84	40.92	35.30	45.20	399.39	379.38	9.162	16.110	11.75	20.67	199.7	1699	1	99.87	-0.376	-0.469	0.101	0.00698	0.0225	0.000634	1.0	-0.22	2.74	1.00	0.00	0.16	111115
178	"11:01:23"	3147.0	0	5.77	0.0559	192	2.36	4.13	35.30	6	1.42	1	2.84	40.92	35.30	45.20	399.44	379.43	9.145	16.107	11.73	20.66	199.7	1699	1	99.87	-0.376	-0.469	0.101	0.00698	0.0225	0.000634	1.0	-0.22	2.74	1.00	0.00	0.16	111115
179	"11:01:24"	3147.5	0	5.8	0.0567	193	2.39	4.13	35.30	6	1.42	1	2.84	40.92	35.30	45.20	399.69	379.53	9.039	16.105	11.59	20.66	199.7	1699	1	99.87	-0.376	-0.469	0.101	0.00698	0.0225	0.000634	1.0	-0.22	2.74	1.00	0.00	0.16	111115
180	"11:01:24"	3148.0	0	5.78	0.0568	194	2.39	4.13	35.29	6	1.42	1	2.84	40.93	35.29	45.20	399.72	379.62	9.033	16.102	11.58	20.65	199.7	1699	1	99.87	-0.376	-0.469	0.101	0.00698	0.0225	0.000634	1.0	-0.22	2.74	1.00	0.00	0.16	111115
181	"11:01:25"	3148.5	0	5.77	0.0567	194	2.39	4.13	35.30	6	1.42	1	2.84	40.93	35.30	45.20	399.75	379.68	9.032	16.101	11.58	20.64	199.7	1699	1	99.86	-0.376	-0.469	0.101	0.00698	0.0225	0.000634	1.0	-0.22	2.74	1.00	0.00	0.16	111115
182	"11:01:25"	3149.0	0	5.76	0.0567	195	2.39	4.13	35.29	6	1.42	1	2.84	40.93	35.29	45.20	399.73	379.71	9.030	16.097	11.57	20.63	199.7	1699	1	99.86	-0.376	-0.469	0.101	0.00698	0.0225	0.000634	1.0	-0.22	2.74	1.00	0.00	0.16	111115
183	"11:01:26"	3149.5	0	5.76	0.0568	195	2.39	4.13	35.28	6	1.42	1	2.84	40.94	35.28	45.20	399.74	379.71	9.029	16.100	11.57	20.63	199.6	1700	1	99.86	-0.376	-0.469	0.101	0.00698	0.0225	0.000634	1.0	-0.22	2.74	1.00	0.00	0.16	111115
184	"11:01:26"	3150.0	0	5.74	0.0568	196	2.39	4.13	35.27	6	1.42	1	2.84	40.94	35.27	45.19	399.76	379.77	9.027	16.097	11.57	20.62	199.6	1700	1	99.86	-0.376	-0.469	0.101	0.00698	0.0225	0.000634	1.0	-0.22	2.74	1.00	0.00	0.16	111115
185	"11:01:27"	3150.5	0	5.75	0.0569	196	2.39	4.12	35.26	6	1.42	1	2.84	40.95	35.26	45.19	399.77	379.77	9.027	16.097	11.56	20.62	199.7	1700	1	99.86	-0.376	-0.469	0.101	0.00698	0.0225	0.000634	1.0	-0.22	2.74	1.00	0.00	0.16	111115
186	"11:01:27"	3151.0	0	5.77	0.0569	195	2.39	4.12	35.26	6	1.42	1	2.84	40.95	35.26	45.19	399.78	379.72	9.027	16.098	11.56	20.62	199.7	1700	1	99.86	-0.376	-0.469	0.101	0.00698	0.0225	0.000634	1.0	-0.22	2.74	1.00	0.00	0.16	111115
187	"11:01:28"	3151.5	0	5.8	0.0569	194	2.39	4.12	35.26	6	1.42	1	2.84	40.95	35.26	45.19	399.83	379.68	9.026	16.097	11.56	20.61	199.7	1700	1	99.86	-0.376	-0.469	0.101	0.00698	0.0225	0.000634	1.0	-0.22	2.74	1.00	0.00	0.16	111115
188	"11:01:29"	3152.0	0	5.83	0.0569	193	2.39	4.12	35.26	6	1.42	1	2.84	40.96	35.26	45.19	399.86	379.61	9.026	16.100	11.55	20.61	199.7	1700	1	99.86	-0.376	-0.469	0.101	0.00698	0.0225	0.000634	1.0	-0.22	2.74	1.00	0.00	0.16	111115
189	"11:01:29"	3152.5	0	5.84	0.0569	193	2.39	4.12	35.26	6	1.42	1	2.84	40.96	35.26	45.19	399.89	379.61	9.026	16.101	11.55	20.61	199.6	1700	1	99.86	-0.376	-0.469	0.101	0.00698	0.0225	0.000634	1.0	-0.22	2.74	1.00	0.00	0.16	111115
190	"11:01:30"	3153.0	0	5.85	0.0569	193	2.39	4.13	35.28	6	1.42	1	2.84	40.97	35.28	45.19	399.93	379.61	9.027	16.102	11.55	20.60	199.6	1700	1	99.86	-0.376	-0.469	0.101	0.00698	0.0225	0.000634	1.0	-0.22	2.74	1.00	0.00	0.16	111115
191	"11:01:30"	3153.5	0	5.88	0.0568	191	2.39	4.13	35.28	6	1.42	1	2.84	40.97	35.28	45.19	399.99	379.58	9.027	16.093	11.55	20.59	199.7	1700	1	99.86	-0.376	-0.469	0.101	0.00698	0.0225	0.000634	1.0	-0.22	2.74	1.00	0.00	0.16	111115
192	"11:01:31"	3154.0	0	5.89	0.0567	191	2.39	4.13	35.29	6	1.42	1	2.84	40.97	35.29	45.19	400.01	379.59	9.029	16.093	11.55	20.58	199.7	1700	1	99.86	-0.376	-0.469	0.101	0.00698	0.0225	0.000634	1.0	-0.22	2.74	1.00	0.00	0.16	111115
193	"11:01:31"	3154.5	0	5.86	0.0566	192	2.39	4.14	35.31	6	1.42	1	2.84	40.98	35.31	45.19	399.97	379.63	9.029	16.091	11.55	20.58	199.6	1700	1	99.86	-0.376	-0.469	0.101	0.00698	0.0225	0.000634	1.0	-0.22	2.74	1.00	0.00	0.16	111115
194	"11:01:32"	3155.0	0	5.86	0.0566	191	2.39	4.14	35.32	6	1.42	1	2.84	40.98	35.32	45.19	399.99	379.65	9.029	16.090	11.54	20.57	199.6	1700	1	99.86	-0.376	-0.469	0.101	0.00698	0.0225	0.000634	1.0	-0.22	2.74	1.00	0.00	0.16	111115
195	"11:01:32"	3155.5	0	5.88	0.0565	191	2.39	4.15	35.34	6	1.42	1	2.84	40.98	35.34	45.18	399.99	379.61	9.029	16.087	11.54	20.57	199.7	1700	1	99.86	-0.376	-0.469	0.101	0.00698	0.0225	0.000634	1.0	-0.22	2.74	1.00	0.00	0.16	111115
"11:01:45 Coolers: Tblock -> 50.00 C"
"11:10:42 Flow: Fixed -> 200 umol/s"
196	"11:11:01"	3724.0	0	4.4	0.0453	202	2.36	5.07	38.00	6	1.42	1	2.84	45.07	38.00	49.91	399.66	383.73	8.955	15.934	9.24	16.45	199.5	1699	1	99.87	-0.501	-0.472	0.0617	0.0243	0.0457	0.0222	1.0	-0.22	2.74	1.00	0.00	0.16	111115
197	"11:11:01"	3724.0	0	4.4	0.0453	202	2.36	5.07	38.00	6	1.42	1	2.84	45.07	38.00	49.91	399.66	383.73	8.955	15.934	9.24	16.45	199.5	1699	1	99.87	-0.501	-0.472	0.0617	0.0243	0.0457	0.0222	1.0	-0.22	2.74	1.00	0.00	0.16	111115
198	"11:11:01"	3724.5	0	4.37	0.0453	203	2.36	5.07	38.01	6	1.42	1	2.84	45.08	38.01	49.91	399.64	383.78	8.954	15.939	9.24	16.45	199.5	1699	1	99.87	-0.501	-0.472	0.0617	0.0243	0.0457	0.0222	1.0	-0.22	2.74	1.00	0.00	0.16	111115
199	"11:11:02"	3725.0	0	4.33	0.0453	204	2.36	5.07	38.01	6	1.42	1	2.84	45.08	38.01	49.91	399.61	383.88	8.953	15.939	9.24	16.44	199.5	1699	1	99.87	-0.501	-0.472	0.0617	0.0243	0.0457	0.0222	1.0	-0.22	2.74	1.00	0.00	0.16	111115
200	"11:11:02"	3725.5	0	4.32	0.0453	204	2.36	5.07	38.02	6	1.42	1	2.84	45.09	38.02	49.91	399.62	383.89	8.953	15.940	9.23	16.44	199.5	1699	1	99.87	-0.501	-0.472	0.0617	0.0243	0.0457	0.0222	1.0	-0.22	2.74	1.00	0.00	0.16	111115
201	"11:11:03"	3726.0	0	4.29	0.0453	205	2.36	5.08	38.03	6	1.42	1	2.84	45.09	38.03	49.91	399.61	383.97	8.953	15.941	9.23	16.44	199.5	1699	1	99.87	-0.501	-0.472	0.0617	0.0243	0.0457	0.0222	1.0	-0.22	2.74	1.00	0.00	0.16	111115
202	"11:11:03"	3726.5	0	4.28	0.0452	206	2.36	5.08	38.03	6	1.42	1	2.84	45.10	38.03	49.91	399.60	384.01	8.953	15.942	9.23	16.43	199.6	1699	1	99.87	-0.501	-0.472	0.0617	0.0243	0.0457	0.0222	1.0	-0.22	2.74	1.00	0.00	0.16	111115
203	"11:11:04"	3727.0	0	4.27	0.0452	206	2.36	5.08	38.05	6	1.42	1	2.84	45.11	38.05	49.91	399.59	384.03	8.953	15.946	9.23	16.43	199.6	1699	1	99.87	-0.501	-0.472	0.0617	0.0243	0.0457	0.0222	1.0	-0.22	2.74	1.00	0.00	0.16	111115
204	"11:11:05"	3727.5	0	4.28	0.0452	205	2.36	5.09	38.07	6	1.42	1	2.84	45.11	38.07	49.91	399.59	383.98	8.953	15.948	9.22	16.43	199.6	1699	1	99.87	-0.501	-0.472	0.0617	0.0243	0.0457	0.0222	1.0	-0.22	2.74	1.00	0.00	0.16	111115
205	"11:11:05"	3728.0	0	4.27	0.0452	205	2.36	5.09	38.08	6	1.42	1	2.84	45.12	38.08	49.91	399.58	384.00	8.953	15.948	9.22	16.42	199.6	1699	1	99.87	-0.501	-0.472	0.0617	0.0243	0.0457	0.0222	1.0	-0.22	2.74	1.00	0.00	0.16	111115
206	"11:11:06"	3728.5	0	4.3	0.0451	205	2.36	5.1	38.09	6	1.42	1	2.84	45.12	38.09	49.91	399.60	383.95	8.954	15.950	9.22	16.42	199.6	1699	1	99.87	-0.501	-0.472	0.0617	0.0243	0.0457	0.0222	1.0	-0.22	2.74	1.00	0.00	0.16	111115
207	"11:11:06"	3729.0	0	4.33	0.0451	203	2.37	5.1	38.10	6	1.42	1	2.84	45.13	38.10	49.92	399.62	383.86	8.954	15.954	9.22	16.42	199.6	1699	1	99.87	-0.501	-0.472	0.0617	0.0243	0.0457	0.0222	1.0	-0.22	2.74	1.00	0.00	0.16	111115
208	"11:11:07"	3729.5	0	4.34	0.0451	203	2.37	5.1	38.11	6	1.42	1	2.84	45.13	38.11	49.92	399.64	383.85	8.954	15.958	9.21	16.42	199.6	1699	1	99.87	-0.501	-0.472	0.0617	0.0243	0.0457	0.0222	1.0	-0.22	2.74	1.00	0.00	0.16	111115
209	"11:11:07"	3730.0	0	4.32	0.0451	203	2.37	5.11	38.12	6	1.42	1	2.84	45.14	38.12	49.92	399.57	383.85	8.955	15.954	9.21	16.41	199.6	1699	1	99.87	-0.501	-0.472	0.0617	0.0243	0.0457	0.0222	1.0	-0.22	2.74	1.00	0.00	0.16	111115
210	"11:11:08"	3730.5	0	4.34	0.045	202	2.37	5.11	38.13	6	1.42	1	2.84	45.14	38.13	49.92	399.60	383.83	8.955	15.952	9.21	16.41	199.6	1699	1	99.87	-0.501	-0.472	0.0617	0.0243	0.0457	0.0222	1.0	-0.22	2.74	1.00	0.00	0.16	111115
211	"11:11:08"	3731.0	0	4.36	0.045	202	2.37	5.11	38.13	6	1.42	1	2.84	45.15	38.13	49.92	399.63	383.80	8.955	15.952	9.21	16.40	199.7	1698	1	99.87	-0.501	-0.472	0.0617	0.0243	0.0457	0.0222	1.0	-0.22	2.74	1.00	0.00	0.16	111115
212	"11:11:09"	3731.5	0	4.33	0.045	203	2.37	5.12	38.15	6	1.42	1	2.84	45.15	38.15	49.92	399.62	383.87	8.956	15.955	9.21	16.40	199.6	1698	1	99.87	-0.501	-0.472	0.0617	0.0243	0.0457	0.0222	1.0	-0.22	2.74	1.00	0.00	0.16	111115
213	"11:11:09"	3732.0	0	4.31	0.0449	203	2.37	5.12	38.17	6	1.42	1	2.84	45.16	38.17	49.92	399.61	383.93	8.955	15.960	9.20	16.40	199.6	1698	1	99.87	-0.501	-0.472	0.0617	0.0243	0.0457	0.0222	1.0	-0.22	2.74	1.00	0.00	0.16	111115
214	"11:11:10"	3732.5	0	4.32	0.0449	203	2.37	5.13	38.18	6	1.42	1	2.84	45.16	38.18	49.92	399.63	383.91	8.954	15.959	9.20	16.40	199.6	1698	1	99.87	-0.501	-0.472	0.0617	0.0243	0.0457	0.0222	1.0	-0.22	2.74	1.00	0.00	0.16	111115
