"OPEN 6.3.3"
"Tue Jul 24 2018 13:22:25"
<open><version>"6.3.3"</version></open>
<open><configfile>"/User/Configs/UserPrefs/2x3 LED.xml"</configfile></open>
<open><light><source>"6400-02 or -02B LED Source"</source><par_in>1<sensor>"SI-4027"<cal>-1.00<actinity>1.00</actinity><transm>1.00</transm></cal></sensor><transm>1</transm></par_in><par_out>1<sensor>"Q51318"<cal>6.49</cal></sensor></par_out></light></open>
<open><comps><file>"/User/Configs/Comps/StdComps_6.3"<header>""</header><extras></extras></file><energybal>no<f_parIn>1</f_parIn><f_parOut>0</f_parOut><alphaK>0.16</alphaK></energybal><bc_total>2.840<stomatal_ratio>1</stomatal_ratio><bc_oneside>1.420<type>2</type><table>"/Sys/Lib/StdBLCTable"</table><area>6</area><slope>-0.219565</slope><offset>2.73739</offset><fan>5</fan></bc_oneside></bc_total></comps></open>
<open><prompts><onlog>off</onlog><items>"Default (none)"</items></prompts></open>
<open><constants><oxygen>21 %</oxygen><bb_vapor>1.5</bb_vapor><bb_oxy>0.9</bb_oxy></constants></open>
<open><stability><items>"Std Stability"<items[1]><id>-2</id><size>15</size><pcv><onoff>0</onoff><value>1</value></pcv><std><onoff>0</onoff><value>1</value></std><slp><onoff>1</onoff><value>1</value></slp></items[1]><items[2]><id>-5</id><size>15</size><pcv><onoff>0</onoff><value>1</value></pcv><std><onoff>0</onoff><value>1</value></std><slp><onoff>1</onoff><value>1</value></slp></items[2]><items[3]><id>-7</id><size>15</size><pcv><onoff>0</onoff><value>1</value></pcv><std><onoff>0</onoff><value>1</value></std><slp><onoff>1</onoff><value>1</value></slp></items[3]></items></stability></open>
<open><log><format>"StdLogFmt_6.3"<items>{ -35 -21 -36 -76 30 23 36 21 25 221 -33 111 -34 11 -9 -10 -8 -1 -2 -4 -5 -14 -15 -7 -12 -13 -11 -65 -66 -117 -119 -116 -118 -72 -18 -19 -77 -78 -79 -23  }<hdr>{  }</hdr></items></format><options><beep>on</beep><match>"never"<time>30</time><co2>100</co2><delta>10</delta></match><hdr>normal</hdr><rem>normal</rem><stab>no</stab><stats>no<mean>no</mean><file>no</file><period>15</period></stats><excel>yes</excel><controls>yes</controls><comm>no</comm></options><datafile>"/User/0000-AAW8078-240718"</datafile><button><action>"Normal Log"<code>" LogOneObsManual "</code></action></button><autoprog>"/User/Configs/AutoProgs/AutoLog2"<active>no</active></autoprog></log></open>
<open><a2d><avgtime>4.0 secs</avgtime><userchans><ch20>"Off"</ch20><ch21>"Off"</ch21><ch22>"Off"</ch22><ch23>"Off"</ch23></userchans></a2d></open>
<open><matching><type>0</type><disp>'a'</disp><settings>><CO2Limit>10.0</CO2Limit><H2OLimit>1.0</H2OLimit><MaxAutoTime>60</MaxAutoTime><AverageTime>10</AverageTime></settings></matching></open>
<li6400><factory><unit>"PSC-4123"</unit><serviced>"19.01.2017"</serviced><fuseaware>0</fuseaware><co2mixer>yes</co2mixer><co2><coeffs>{ 0 0.219912 1.60869e-05 2.42627e-08 -3.602e-12 2.3711e-16  }</coeffs><dvdt>-4.1</dvdt><xs>{ -0.00117 -1.14e-05  }</xs></co2><h2o><coeffs>{ 0 0.00612804 1.69186e-06 1.49192e-10  }</coeffs><dvdt>-2.5</dvdt><xs>{ -0.000351 -0.00239  }</xs></h2o><flow>{ 0 0.3738  }</flow><press>{ 87.734 0.00547  }</press></factory></li6400>
<li6400><user><flow_zero>-976.9</flow_zero><irga_zero><co2>-79.5 -79.5<at>32.3675</at></co2><h2o>37.6 -1.4<at>33.9874</at></h2o></irga_zero><irga_span><co2>{ 0.985904 0.986618  }</co2><h2o>{ 1.00683 0.993449  }</h2o></irga_span><irga_match><co2>{ -1.70314 -0.362344  }</co2><h2o>{ -0.0708174 -0.316587  }</h2o></irga_match><co2_mixer><pump_mv>4500</pump_mv><ppm>{ 2330.31 1136.88 449.46 273.386 125.406 73.118 48.0557 40.3927  }</ppm><mv>{ 5000 3000 1500 1000 500 300 200 100  }</mv></co2_mixer><parin_offset>0</parin_offset><led_cal><unit>"SI-4027"</unit><mv>{ 10 25 50 100 1000 2000 3000 4000 5000  }</mv><qntm>{ 3.39689 11.1502 23.8626 52.4799 561.717 1093.55 1598.71 2081.76 2538.89  }</qntm></led_cal><lcf_cal><unit>"unknown"</unit><red><mv>{ 50 100 500 1000 1500 5000  }</mv><qntm>{ 50 100 500 1000 2000 5000  }</qntm></red><blue><mv>{ 100 200 500 1000 2000 5000  }</mv><qntm>{ 10 20 50 100 200 500  }</qntm></blue></lcf_cal></user></li6400>
"13:22:27 "
$STARTOFDATA$
"Obs"	"HHMMSS"	"FTime"	"EBal?"	"Photo"	"Cond"	"Ci"	"Trmmol"	"VpdL"	"CTleaf"	"Area"	"BLC_1"	"StmRat"	"BLCond"	"Tair"	"Tleaf"	"TBlk"	"CO2R"	"CO2S"	"H2OR"	"H2OS"	"RH_R"	"RH_S"	"Flow"	"PARi"	"PARo"	"Press"	"CsMch"	"HsMch"	"CsMchSD"	"HsMchSD"	"CrMchSD"	"HrMchSD"	"StableF"	"BLCslope"	"BLCoffst"	"f_parin"	"f_parout"	"alphaK"	"Status"
"13:22:39 Coolers: Tblock -> 0.00 C"
"13:22:50 Lamp: ParIn ->  1700 uml"
"13:26:31 Coolers: Tblock -> 14.00 C"
"13:38:05 Flow: Fixed -> 500 umol/s"
"13:40:08 CO2 Mixer: CO2R -> 400 uml"
"13:42:31 Flow: Fixed -> 300 umol/s"
"13:44:08 Flow: Fixed -> 300 umol/s"
"13:44:15 Coolers: Tblock -> 0.00 C"
"13:55:29 Flow: Fixed -> 300 umol/s"
1	"13:55:46"	2023.5	0	4.88	0.113	313	0.897	0.822	7.65	6	1.42	1	2.84	2.42	7.65	0.07	399.99	389.57	0.516	2.300	7.06	31.51	301.0	1700	2	100	1.13	-0.196	0.0948	0.00305	0.0391	0.001	1.0	-0.22	2.74	1.00	0.00	0.16	111115
2	"13:55:46"	2023.5	0	4.88	0.113	313	0.897	0.822	7.65	6	1.42	1	2.84	2.42	7.65	0.07	399.99	389.57	0.516	2.300	7.06	31.51	301.0	1700	2	100	1.13	-0.196	0.0948	0.00305	0.0391	0.001	1.0	-0.22	2.74	1.00	0.00	0.16	111115
3	"13:55:46"	2024.0	0	4.87	0.113	314	0.898	0.821	7.65	6	1.42	1	2.84	2.41	7.65	0.07	399.92	389.52	0.515	2.301	7.06	31.52	301.1	1700	2	100	1.13	-0.196	0.0948	0.00305	0.0391	0.001	1.0	-0.22	2.74	1.00	0.00	0.16	111115
4	"13:55:47"	2024.5	0	4.83	0.113	314	0.897	0.821	7.64	6	1.42	1	2.84	2.41	7.64	0.07	399.88	389.55	0.516	2.299	7.07	31.50	301.0	1700	2	100	1.13	-0.196	0.0948	0.00305	0.0391	0.001	1.0	-0.22	2.74	1.00	0.00	0.16	111115
5	"13:55:48"	2025.0	0	4.8	0.113	315	0.897	0.82	7.63	6	1.42	1	2.84	2.41	7.63	0.06	399.82	389.56	0.516	2.299	7.08	31.51	301.1	1700	2	100	1.13	-0.196	0.0948	0.00305	0.0391	0.001	1.0	-0.22	2.74	1.00	0.00	0.16	111115
6	"13:55:48"	2025.5	0	4.75	0.113	315	0.897	0.82	7.63	6	1.42	1	2.84	2.41	7.63	0.06	399.76	389.60	0.516	2.299	7.07	31.50	301.1	1700	2	100	1.13	-0.196	0.0948	0.00305	0.0391	0.001	1.0	-0.22	2.74	1.00	0.00	0.16	111115
7	"13:55:49"	2026.0	0	4.73	0.113	316	0.897	0.82	7.63	6	1.42	1	2.84	2.41	7.63	0.06	399.71	389.60	0.516	2.299	7.07	31.51	301.1	1700	2	100	1.13	-0.196	0.0948	0.00305	0.0391	0.001	1.0	-0.22	2.74	1.00	0.00	0.16	111115
8	"13:55:49"	2026.5	0	4.7	0.113	316	0.896	0.82	7.63	6	1.42	1	2.84	2.41	7.63	0.06	399.68	389.61	0.515	2.297	7.06	31.48	301.1	1700	2	100	1.13	-0.196	0.0948	0.00305	0.0391	0.001	1.0	-0.22	2.74	1.00	0.00	0.16	111115
9	"13:55:50"	2027.0	0	4.71	0.113	316	0.895	0.821	7.63	6	1.42	1	2.84	2.41	7.63	0.06	399.63	389.55	0.515	2.295	7.06	31.45	301.0	1700	2	100	1.13	-0.196	0.0948	0.00305	0.0391	0.001	1.0	-0.22	2.74	1.00	0.00	0.16	111115
10	"13:55:50"	2027.5	0	4.7	0.113	316	0.896	0.82	7.63	6	1.42	1	2.84	2.41	7.63	0.06	399.61	389.54	0.515	2.297	7.05	31.48	301.0	1700	2	100	1.13	-0.196	0.0948	0.00305	0.0391	0.001	1.0	-0.22	2.74	1.00	0.00	0.16	111115
11	"13:55:51"	2028.0	0	4.67	0.113	317	0.896	0.82	7.63	6	1.42	1	2.84	2.41	7.63	0.06	399.62	389.62	0.514	2.296	7.05	31.47	301.0	1700	2	100	1.13	-0.196	0.0948	0.00305	0.0391	0.001	1.0	-0.22	2.74	1.00	0.00	0.16	111115
12	"13:55:51"	2028.5	0	4.69	0.113	316	0.896	0.821	7.63	6	1.42	1	2.84	2.41	7.63	0.06	399.60	389.57	0.514	2.295	7.04	31.45	301.0	1700	2	100	1.13	-0.196	0.0948	0.00305	0.0391	0.001	1.0	-0.22	2.74	1.00	0.00	0.16	111115
13	"13:55:52"	2029.5	0	4.71	0.113	316	0.896	0.82	7.62	6	1.42	1	2.84	2.41	7.62	0.06	399.61	389.54	0.514	2.296	7.04	31.48	301.0	1700	2	100	1.13	-0.196	0.0948	0.00305	0.0391	0.001	1.0	-0.22	2.74	1.00	0.00	0.16	111115
14	"13:55:52"	2030.0	0	4.76	0.113	315	0.895	0.819	7.61	6	1.42	1	2.84	2.40	7.61	0.06	399.63	389.45	0.513	2.294	7.04	31.45	301.0	1700	2	100	1.13	-0.196	0.0948	0.00305	0.0391	0.001	1.0	-0.22	2.74	1.00	0.00	0.16	111115
15	"13:55:53"	2030.5	0	4.77	0.113	315	0.895	0.819	7.61	6	1.42	1	2.84	2.40	7.61	0.06	399.65	389.44	0.514	2.294	7.05	31.46	301.0	1700	2	100	1.13	-0.196	0.0948	0.00305	0.0391	0.001	1.0	-0.22	2.74	1.00	0.00	0.16	111115
16	"13:55:53"	2031.0	0	4.76	0.113	315	0.895	0.819	7.61	6	1.42	1	2.84	2.40	7.61	0.06	399.65	389.47	0.515	2.294	7.06	31.46	301.1	1700	2	100	1.13	-0.196	0.0948	0.00305	0.0391	0.001	1.0	-0.22	2.74	1.00	0.00	0.16	111115
17	"13:55:54"	2031.5	0	4.8	0.113	315	0.895	0.819	7.61	6	1.42	1	2.84	2.40	7.61	0.06	399.68	389.43	0.515	2.294	7.06	31.46	301.1	1700	2	100	1.13	-0.196	0.0948	0.00305	0.0391	0.001	1.0	-0.22	2.74	1.00	0.00	0.16	111115
18	"13:55:54"	2032.0	0	4.79	0.113	314	0.895	0.819	7.61	6	1.42	1	2.84	2.40	7.61	0.06	399.64	389.39	0.515	2.294	7.07	31.47	301.1	1700	2	100	1.13	-0.196	0.0948	0.00305	0.0391	0.001	1.0	-0.22	2.74	1.00	0.00	0.16	111115
19	"13:55:55"	2032.5	0	4.79	0.113	315	0.894	0.819	7.61	6	1.42	1	2.84	2.40	7.61	0.06	399.65	389.42	0.516	2.294	7.08	31.47	301.1	1700	2	100	1.13	-0.196	0.0948	0.00305	0.0391	0.001	1.0	-0.22	2.74	1.00	0.00	0.16	111115
20	"13:55:56"	2033.0	0	4.78	0.113	315	0.894	0.819	7.61	6	1.42	1	2.84	2.39	7.61	0.06	399.66	389.44	0.516	2.294	7.08	31.46	301.1	1700	2	100	1.13	-0.196	0.0948	0.00305	0.0391	0.001	1.0	-0.22	2.74	1.00	0.00	0.16	111115
"13:56:16 Coolers: Tblock -> 5.00 C"
"13:58:39 Flow: Fixed -> 300 umol/s"
21	"13:58:55"	2212.5	0	5.43	0.106	299	0.888	0.863	9.49	6	1.42	1	2.84	5.93	9.49	5.09	399.91	388.40	1.511	3.275	16.18	35.06	301.0	1701	2	100	0.509	-0.214	0.0516	0.00303	0.0751	0.00466	1.0	-0.22	2.74	1.00	0.00	0.16	111115
22	"13:58:55"	2212.5	0	5.43	0.106	299	0.888	0.863	9.49	6	1.42	1	2.84	5.93	9.49	5.09	399.91	388.40	1.511	3.275	16.18	35.06	301.0	1701	2	100	0.509	-0.214	0.0516	0.00303	0.0751	0.00466	1.0	-0.22	2.74	1.00	0.00	0.16	111115
23	"13:58:56"	2213.0	0	5.47	0.106	298	0.888	0.863	9.48	6	1.42	1	2.84	5.93	9.48	5.09	399.99	388.39	1.512	3.277	16.18	35.08	301.0	1701	2	100	0.509	-0.214	0.0516	0.00303	0.0751	0.00466	1.0	-0.22	2.74	1.00	0.00	0.16	111115
24	"13:58:56"	2213.5	0	5.49	0.106	298	0.89	0.862	9.48	6	1.42	1	2.84	5.93	9.48	5.09	400.01	388.38	1.512	3.279	16.18	35.10	301.0	1701	2	100	0.509	-0.214	0.0516	0.00303	0.0751	0.00466	1.0	-0.22	2.74	1.00	0.00	0.16	111115
25	"13:58:57"	2214.0	0	5.52	0.106	298	0.89	0.862	9.48	6	1.42	1	2.84	5.93	9.48	5.09	400.07	388.37	1.512	3.280	16.18	35.11	301.0	1701	2	100	0.509	-0.214	0.0516	0.00303	0.0751	0.00466	1.0	-0.22	2.74	1.00	0.00	0.16	111115
26	"13:58:57"	2214.5	0	5.59	0.106	297	0.891	0.862	9.48	6	1.42	1	2.84	5.93	9.48	5.09	400.16	388.32	1.511	3.281	16.17	35.11	301.0	1701	2	100	0.509	-0.214	0.0516	0.00303	0.0751	0.00466	1.0	-0.22	2.74	1.00	0.00	0.16	111115
27	"13:58:58"	2215.0	0	5.65	0.106	296	0.89	0.862	9.48	6	1.42	1	2.84	5.94	9.48	5.08	400.21	388.26	1.512	3.280	16.17	35.10	301.0	1701	2	100	0.509	-0.214	0.0516	0.00303	0.0751	0.00466	1.0	-0.22	2.74	1.00	0.00	0.16	111115
28	"13:58:59"	2215.5	0	5.71	0.106	295	0.89	0.863	9.48	6	1.42	1	2.84	5.94	9.48	5.08	400.25	388.17	1.512	3.279	16.18	35.09	301.0	1701	2	100	0.509	-0.214	0.0516	0.00303	0.0751	0.00466	1.0	-0.22	2.74	1.00	0.00	0.16	111115
29	"13:58:59"	2216.5	0	5.69	0.106	295	0.89	0.863	9.49	6	1.42	1	2.84	5.94	9.49	5.08	400.24	388.22	1.512	3.280	16.17	35.08	301.1	1701	2	100	0.509	-0.214	0.0516	0.00303	0.0751	0.00466	1.0	-0.22	2.74	1.00	0.00	0.16	111115
30	"13:59:00"	2217.0	0	5.64	0.106	296	0.889	0.864	9.49	6	1.42	1	2.84	5.94	9.49	5.08	400.24	388.31	1.512	3.277	16.17	35.05	301.1	1701	2	100	0.509	-0.214	0.0516	0.00303	0.0751	0.00466	1.0	-0.22	2.74	1.00	0.00	0.16	111115
31	"13:59:00"	2217.5	0	5.68	0.106	295	0.887	0.864	9.50	6	1.42	1	2.84	5.94	9.50	5.08	400.28	388.28	1.512	3.273	16.17	35.01	301.1	1701	2	100	0.509	-0.214	0.0516	0.00303	0.0751	0.00466	1.0	-0.22	2.74	1.00	0.00	0.16	111115
32	"13:59:01"	2218.0	0	5.67	0.106	295	0.888	0.865	9.50	6	1.42	1	2.84	5.94	9.50	5.08	400.28	388.30	1.512	3.276	16.17	35.04	301.1	1701	2	100	0.509	-0.214	0.0516	0.00303	0.0751	0.00466	1.0	-0.22	2.74	1.00	0.00	0.16	111115
33	"13:59:01"	2218.5	0	5.62	0.106	296	0.888	0.865	9.51	6	1.42	1	2.84	5.94	9.51	5.08	400.25	388.36	1.512	3.276	16.17	35.03	301.1	1701	2	100	0.509	-0.214	0.0516	0.00303	0.0751	0.00466	1.0	-0.22	2.74	1.00	0.00	0.16	111115
34	"13:59:02"	2219.0	0	5.63	0.106	296	0.889	0.865	9.52	6	1.42	1	2.84	5.95	9.52	5.07	400.25	388.35	1.512	3.279	16.17	35.06	301.1	1701	2	100	0.509	-0.214	0.0516	0.00303	0.0751	0.00466	1.0	-0.22	2.74	1.00	0.00	0.16	111115
35	"13:59:02"	2219.5	0	5.57	0.106	297	0.891	0.865	9.51	6	1.42	1	2.84	5.95	9.51	5.07	400.26	388.46	1.512	3.281	16.17	35.08	301.1	1701	2	100	0.509	-0.214	0.0516	0.00303	0.0751	0.00466	1.0	-0.22	2.74	1.00	0.00	0.16	111115
36	"13:59:03"	2220.0	0	5.54	0.106	297	0.89	0.865	9.51	6	1.42	1	2.84	5.95	9.51	5.07	400.25	388.51	1.513	3.282	16.18	35.09	301.1	1701	2	100	0.509	-0.214	0.0516	0.00303	0.0751	0.00466	1.0	-0.22	2.74	1.00	0.00	0.16	111115
37	"13:59:03"	2220.5	0	5.56	0.106	297	0.891	0.865	9.52	6	1.42	1	2.84	5.95	9.52	5.07	400.28	388.50	1.512	3.282	16.17	35.09	301.0	1701	2	100	0.509	-0.214	0.0516	0.00303	0.0751	0.00466	1.0	-0.22	2.74	1.00	0.00	0.16	111115
"13:59:13 Coolers: Tblock -> 10.00 C"
"14:01:03 Flow: Fixed -> 300 umol/s"
38	"14:01:18"	2355.5	0	5.74	0.105	292	0.996	0.976	11.55	6	1.42	1	2.84	9.75	11.55	10.13	399.83	387.61	1.933	3.912	15.96	32.29	301.0	1700	2	100	0.106	-0.229	0.0356	0.00716	0.0407	0.00874	1.0	-0.22	2.74	1.00	0.00	0.16	111115
39	"14:01:18"	2355.5	0	5.74	0.105	292	0.996	0.976	11.55	6	1.42	1	2.84	9.75	11.55	10.13	399.83	387.61	1.933	3.912	15.96	32.29	301.0	1700	2	100	0.106	-0.229	0.0356	0.00716	0.0407	0.00874	1.0	-0.22	2.74	1.00	0.00	0.16	111115
40	"14:01:19"	2356.0	0	5.75	0.105	292	0.997	0.976	11.56	6	1.42	1	2.84	9.75	11.56	10.13	399.79	387.56	1.933	3.913	15.95	32.29	301.0	1700	2	100	0.106	-0.229	0.0356	0.00716	0.0407	0.00874	1.0	-0.22	2.74	1.00	0.00	0.16	111115
41	"14:01:19"	2356.5	0	5.72	0.105	292	0.996	0.977	11.57	6	1.42	1	2.84	9.75	11.57	10.13	399.75	387.57	1.934	3.912	15.95	32.27	301.0	1700	2	100	0.106	-0.229	0.0356	0.00716	0.0407	0.00874	1.0	-0.22	2.74	1.00	0.00	0.16	111115
42	"14:01:20"	2357.0	0	5.72	0.105	292	0.997	0.976	11.56	6	1.42	1	2.84	9.76	11.56	10.13	399.71	387.54	1.934	3.913	15.95	32.28	300.9	1700	2	100	0.106	-0.229	0.0356	0.00716	0.0407	0.00874	1.0	-0.22	2.74	1.00	0.00	0.16	111115
43	"14:01:20"	2357.5	0	5.72	0.105	292	0.997	0.977	11.57	6	1.42	1	2.84	9.76	11.57	10.13	399.68	387.52	1.934	3.915	15.95	32.28	301.0	1700	2	100	0.106	-0.229	0.0356	0.00716	0.0407	0.00874	1.0	-0.22	2.74	1.00	0.00	0.16	111115
44	"14:01:21"	2358.0	0	5.72	0.105	292	0.999	0.977	11.58	6	1.42	1	2.84	9.76	11.58	10.13	399.67	387.50	1.934	3.918	15.95	32.30	301.0	1700	2	100	0.106	-0.229	0.0356	0.00716	0.0407	0.00874	1.0	-0.22	2.74	1.00	0.00	0.16	111115
45	"14:01:21"	2358.5	0	5.7	0.105	293	0.999	0.977	11.58	6	1.42	1	2.84	9.77	11.58	10.13	399.65	387.51	1.934	3.919	15.94	32.30	300.9	1700	2	100	0.106	-0.229	0.0356	0.00716	0.0407	0.00874	1.0	-0.22	2.74	1.00	0.00	0.16	111115
46	"14:01:22"	2359.0	0	5.7	0.105	293	1	0.977	11.58	6	1.42	1	2.84	9.77	11.58	10.13	399.65	387.52	1.934	3.920	15.94	32.31	301.0	1700	2	100	0.106	-0.229	0.0356	0.00716	0.0407	0.00874	1.0	-0.22	2.74	1.00	0.00	0.16	111115
47	"14:01:22"	2359.5	0	5.63	0.105	294	1	0.977	11.58	6	1.42	1	2.84	9.77	11.58	10.13	399.60	387.59	1.934	3.922	15.94	32.32	301.0	1700	2	100	0.106	-0.229	0.0356	0.00716	0.0407	0.00874	1.0	-0.22	2.74	1.00	0.00	0.16	111115
48	"14:01:23"	2360.0	0	5.64	0.105	294	1	0.978	11.59	6	1.42	1	2.84	9.78	11.59	10.13	399.56	387.54	1.935	3.923	15.94	32.31	301.0	1700	2	100	0.106	-0.229	0.0356	0.00716	0.0407	0.00874	1.0	-0.22	2.74	1.00	0.00	0.16	111115
49	"14:01:23"	2360.5	0	5.65	0.105	294	1	0.978	11.60	6	1.42	1	2.84	9.78	11.60	10.13	399.50	387.47	1.934	3.925	15.93	32.33	301.1	1700	2	100	0.106	-0.229	0.0356	0.00716	0.0407	0.00874	1.0	-0.22	2.74	1.00	0.00	0.16	111115
50	"14:01:24"	2361.0	0	5.69	0.105	293	1	0.979	11.60	6	1.42	1	2.84	9.78	11.60	10.13	399.47	387.37	1.934	3.925	15.93	32.32	301.1	1700	2	100	0.106	-0.229	0.0356	0.00716	0.0407	0.00874	1.0	-0.22	2.74	1.00	0.00	0.16	111115
51	"14:01:24"	2361.5	0	5.69	0.105	293	1	0.979	11.61	6	1.42	1	2.84	9.78	11.61	10.13	399.47	387.36	1.935	3.926	15.93	32.32	301.0	1700	2	100	0.106	-0.229	0.0356	0.00716	0.0407	0.00874	0.7	-0.22	2.74	1.00	0.00	0.16	111115
52	"14:01:25"	2362.0	0	5.66	0.105	293	1	0.98	11.62	6	1.42	1	2.84	9.79	11.62	10.13	399.41	387.35	1.935	3.924	15.93	32.30	301.0	1700	2	100	0.106	-0.229	0.0356	0.00716	0.0407	0.00874	0.7	-0.22	2.74	1.00	0.00	0.16	111115
53	"14:01:26"	2362.5	0	5.68	0.105	293	1	0.98	11.62	6	1.42	1	2.84	9.79	11.62	10.13	399.39	387.30	1.935	3.925	15.93	32.30	301.1	1700	2	100	0.106	-0.229	0.0356	0.00716	0.0407	0.00874	0.7	-0.22	2.74	1.00	0.00	0.16	111115
54	"14:01:26"	2363.5	0	5.73	0.105	292	1	0.981	11.63	6	1.42	1	2.84	9.80	11.63	10.13	399.40	387.20	1.935	3.927	15.92	32.31	301.1	1700	2	100	0.106	-0.229	0.0356	0.00716	0.0407	0.00874	0.7	-0.22	2.74	1.00	0.00	0.16	111115
55	"14:01:27"	2364.0	0	5.75	0.105	292	1.01	0.981	11.63	6	1.42	1	2.84	9.80	11.63	10.13	399.45	387.20	1.935	3.930	15.91	32.33	301.0	1700	2	100	0.106	-0.229	0.0356	0.00716	0.0407	0.00874	0.7	-0.22	2.74	1.00	0.00	0.16	111115
56	"14:01:27"	2364.5	0	5.77	0.105	291	1.01	0.981	11.64	6	1.42	1	2.84	9.80	11.64	10.13	399.48	387.19	1.934	3.932	15.91	32.33	301.0	1700	2	100	0.106	-0.229	0.0356	0.00716	0.0407	0.00874	0.7	-0.22	2.74	1.00	0.00	0.16	111115
57	"14:01:28"	2365.0	0	5.73	0.105	292	1.01	0.982	11.65	6	1.42	1	2.84	9.80	11.65	10.13	399.47	387.28	1.935	3.932	15.91	32.33	301.0	1700	2	100	0.106	-0.229	0.0356	0.00716	0.0407	0.00874	0.7	-0.22	2.74	1.00	0.00	0.16	111115
58	"14:01:28"	2365.5	0	5.72	0.105	292	1.01	0.982	11.65	6	1.42	1	2.84	9.81	11.65	10.13	399.45	387.27	1.934	3.933	15.90	32.33	301.0	1700	2	100	0.106	-0.229	0.0356	0.00716	0.0407	0.00874	0.7	-0.22	2.74	1.00	0.00	0.16	111115
59	"14:01:29"	2366.0	0	5.75	0.105	292	1.01	0.983	11.66	6	1.42	1	2.84	9.81	11.66	10.13	399.47	387.23	1.934	3.935	15.90	32.34	301.0	1700	2	100	0.106	-0.229	0.0356	0.00716	0.0407	0.00874	0.7	-0.22	2.74	1.00	0.00	0.16	111115
"14:01:39 Coolers: Tblock -> 15.00 C"
"14:03:46 Flow: Fixed -> 300 umol/s"
60	"14:04:03"	2521.0	0	6.28	0.101	278	1.09	1.11	14.26	6	1.42	1	2.84	13.94	14.26	15.14	399.73	386.36	3.064	5.233	19.17	32.75	301.0	1699	2	100	-0.268	-0.261	0.0532	0.0139	0.0312	0.018	1.0	-0.22	2.74	1.00	0.00	0.16	111115
61	"14:04:03"	2521.0	0	6.28	0.101	278	1.09	1.11	14.26	6	1.42	1	2.84	13.94	14.26	15.14	399.73	386.36	3.064	5.233	19.17	32.75	301.0	1699	2	100	-0.268	-0.261	0.0532	0.0139	0.0312	0.018	1.0	-0.22	2.74	1.00	0.00	0.16	111115
62	"14:04:04"	2521.5	0	6.29	0.101	278	1.09	1.11	14.27	6	1.42	1	2.84	13.95	14.27	15.14	399.71	386.34	3.064	5.232	19.17	32.73	301.0	1699	2	100	-0.268	-0.261	0.0532	0.0139	0.0312	0.018	1.0	-0.22	2.74	1.00	0.00	0.16	111115
63	"14:04:04"	2522.0	0	6.27	0.101	278	1.1	1.11	14.28	6	1.42	1	2.84	13.95	14.28	15.14	399.66	386.31	3.064	5.236	19.16	32.75	301.0	1699	2	100	-0.268	-0.261	0.0532	0.0139	0.0312	0.018	1.0	-0.22	2.74	1.00	0.00	0.16	111115
64	"14:04:05"	2522.5	0	6.31	0.101	277	1.1	1.11	14.28	6	1.42	1	2.84	13.95	14.28	15.14	399.64	386.20	3.063	5.237	19.16	32.75	300.9	1699	2	100	-0.268	-0.261	0.0532	0.0139	0.0312	0.018	1.0	-0.22	2.74	1.00	0.00	0.16	111115
65	"14:04:05"	2523.0	0	6.31	0.101	277	1.1	1.11	14.29	6	1.42	1	2.84	13.96	14.29	15.14	399.62	386.18	3.063	5.237	19.15	32.74	301.0	1699	2	100	-0.268	-0.261	0.0532	0.0139	0.0312	0.018	1.0	-0.22	2.74	1.00	0.00	0.16	111115
66	"14:04:06"	2523.5	0	6.34	0.101	277	1.1	1.11	14.30	6	1.42	1	2.84	13.96	14.30	15.14	399.60	386.12	3.063	5.239	19.15	32.74	301.0	1699	2	100	-0.268	-0.261	0.0532	0.0139	0.0312	0.018	1.0	-0.22	2.74	1.00	0.00	0.16	111115
67	"14:04:06"	2524.0	0	6.33	0.101	277	1.1	1.11	14.30	6	1.42	1	2.84	13.96	14.30	15.14	399.59	386.12	3.063	5.241	19.14	32.75	301.0	1699	2	100	-0.268	-0.261	0.0532	0.0139	0.0312	0.018	1.0	-0.22	2.74	1.00	0.00	0.16	111115
68	"14:04:07"	2524.5	0	6.33	0.101	277	1.1	1.11	14.31	6	1.42	1	2.84	13.97	14.31	15.14	399.58	386.11	3.063	5.244	19.14	32.76	301.0	1699	2	100	-0.268	-0.261	0.0532	0.0139	0.0312	0.018	1.0	-0.22	2.74	1.00	0.00	0.16	111115
69	"14:04:07"	2525.0	0	6.33	0.101	277	1.1	1.11	14.31	6	1.42	1	2.84	13.97	14.31	15.14	399.63	386.16	3.064	5.245	19.14	32.76	301.0	1699	2	100	-0.268	-0.261	0.0532	0.0139	0.0312	0.018	1.0	-0.22	2.74	1.00	0.00	0.16	111115
70	"14:04:08"	2525.5	0	6.34	0.101	277	1.1	1.11	14.32	6	1.42	1	2.84	13.97	14.32	15.14	399.68	386.18	3.064	5.248	19.14	32.77	301.0	1699	2	100	-0.268	-0.261	0.0532	0.0139	0.0312	0.018	1.0	-0.22	2.74	1.00	0.00	0.16	111115
71	"14:04:08"	2526.0	0	6.34	0.101	277	1.1	1.11	14.32	6	1.42	1	2.84	13.98	14.32	15.14	399.71	386.22	3.065	5.246	19.14	32.75	301.0	1699	2	100	-0.268	-0.261	0.0532	0.0139	0.0312	0.018	1.0	-0.22	2.74	1.00	0.00	0.16	111115
72	"14:04:09"	2526.5	0	6.34	0.101	277	1.1	1.11	14.33	6	1.42	1	2.84	13.98	14.33	15.14	399.74	386.26	3.065	5.248	19.14	32.76	301.0	1698	2	100	-0.268	-0.261	0.0532	0.0139	0.0312	0.018	1.0	-0.22	2.74	1.00	0.00	0.16	111115
73	"14:04:09"	2527.0	0	6.31	0.101	277	1.1	1.12	14.34	6	1.42	1	2.84	13.98	14.34	15.14	399.75	386.32	3.066	5.248	19.13	32.76	301.0	1698	2	100	-0.268	-0.261	0.0532	0.0139	0.0312	0.018	1.0	-0.22	2.74	1.00	0.00	0.16	111115
74	"14:04:10"	2527.5	0	6.31	0.101	278	1.1	1.12	14.34	6	1.42	1	2.84	13.98	14.34	15.14	399.79	386.37	3.065	5.250	19.13	32.76	301.0	1698	2	100	-0.268	-0.261	0.0532	0.0139	0.0312	0.018	1.0	-0.22	2.74	1.00	0.00	0.16	111115
75	"14:04:11"	2528.0	0	6.31	0.101	278	1.1	1.12	14.34	6	1.42	1	2.84	13.99	14.34	15.14	399.82	386.39	3.066	5.251	19.13	32.76	301.0	1699	2	100	-0.268	-0.261	0.0532	0.0139	0.0312	0.018	1.0	-0.22	2.74	1.00	0.00	0.16	111115
76	"14:04:11"	2528.5	0	6.35	0.101	277	1.1	1.12	14.35	6	1.42	1	2.84	13.99	14.35	15.14	399.89	386.38	3.066	5.252	19.13	32.76	301.0	1698	2	100	-0.268	-0.261	0.0532	0.0139	0.0312	0.018	1.0	-0.22	2.74	1.00	0.00	0.16	111115
77	"14:04:12"	2529.0	0	6.38	0.101	277	1.1	1.12	14.35	6	1.42	1	2.84	13.99	14.35	15.14	399.88	386.30	3.066	5.255	19.12	32.77	301.0	1698	2	100	-0.268	-0.261	0.0532	0.0139	0.0312	0.018	1.0	-0.22	2.74	1.00	0.00	0.16	111115
78	"14:04:12"	2530.0	0	6.4	0.102	276	1.11	1.12	14.37	6	1.42	1	2.84	14.00	14.37	15.14	399.91	386.30	3.066	5.260	19.11	32.79	301.0	1699	2	100	-0.268	-0.261	0.0532	0.0139	0.0312	0.018	1.0	-0.22	2.74	1.00	0.00	0.16	111115
79	"14:04:13"	2530.5	0	6.37	0.102	277	1.11	1.12	14.37	6	1.42	1	2.84	14.01	14.37	15.14	399.95	386.39	3.066	5.262	19.11	32.79	301.0	1699	2	100	-0.268	-0.261	0.0532	0.0139	0.0312	0.018	1.0	-0.22	2.74	1.00	0.00	0.16	111115
80	"14:04:13"	2531.0	0	6.44	0.102	276	1.11	1.12	14.38	6	1.42	1	2.84	14.01	14.38	15.14	399.99	386.31	3.066	5.262	19.11	32.79	301.0	1699	2	100	-0.268	-0.261	0.0532	0.0139	0.0312	0.018	1.0	-0.22	2.74	1.00	0.00	0.16	111115
"14:04:24 Coolers: Tblock -> 20.00 C"
"14:07:32 Flow: Fixed -> 300 umol/s"
81	"14:07:34"	2732.0	0	6.18	0.0877	263	1.14	1.33	17.41	6	1.42	1	2.84	18.34	17.41	20.14	398.93	385.73	4.435	6.697	20.96	31.65	301.1	1699	2	100	-0.333	-0.3	0.101	0.0298	0.0651	0.0343	1.0	-0.22	2.74	1.00	0.00	0.16	111115
82	"14:07:35"	2732.0	0	6.18	0.0877	263	1.14	1.33	17.41	6	1.42	1	2.84	18.34	17.41	20.14	398.93	385.73	4.435	6.697	20.96	31.65	301.1	1699	2	100	-0.333	-0.3	0.101	0.0298	0.0651	0.0343	1.0	-0.22	2.74	1.00	0.00	0.16	111115
83	"14:07:35"	2732.5	0	6.28	0.0897	264	1.17	1.33	17.42	6	1.42	1	2.84	18.35	17.42	20.15	399.18	385.76	4.387	6.702	20.73	31.67	301.0	1699	2	100	-0.333	-0.3	0.101	0.0298	0.0651	0.0343	1.0	-0.22	2.74	1.00	0.00	0.16	111115
84	"14:07:36"	2733.0	0	6.3	0.0909	265	1.18	1.33	17.43	6	1.42	1	2.84	18.35	17.43	20.15	399.28	385.81	4.358	6.704	20.59	31.67	301.0	1699	2	100	-0.333	-0.3	0.101	0.0298	0.0651	0.0343	1.0	-0.22	2.74	1.00	0.00	0.16	111115
85	"14:07:36"	2733.5	0	6.36	0.0916	265	1.19	1.33	17.43	6	1.42	1	2.84	18.35	17.43	20.15	399.41	385.81	4.340	6.704	20.50	31.67	301.0	1699	2	100	-0.333	-0.3	0.101	0.0298	0.0651	0.0343	1.0	-0.22	2.74	1.00	0.00	0.16	111115
86	"14:07:37"	2734.0	0	6.43	0.0923	264	1.2	1.33	17.43	6	1.42	1	2.84	18.35	17.43	20.15	399.54	385.80	4.326	6.707	20.43	31.68	301.0	1699	2	100	-0.333	-0.3	0.101	0.0298	0.0651	0.0343	1.0	-0.22	2.74	1.00	0.00	0.16	111115
87	"14:07:37"	2734.5	0	6.44	0.0928	265	1.21	1.33	17.43	6	1.42	1	2.84	18.35	17.43	20.14	399.61	385.83	4.316	6.709	20.38	31.69	301.0	1699	2	100	-0.333	-0.3	0.101	0.0298	0.0651	0.0343	1.0	-0.22	2.74	1.00	0.00	0.16	111115
88	"14:07:38"	2735.0	0	6.62	0.0954	265	1.24	1.33	17.44	6	1.42	1	2.84	18.36	17.44	20.14	399.97	385.82	4.251	6.711	20.07	31.69	301.0	1699	2	100	-0.333	-0.3	0.101	0.0298	0.0651	0.0343	1.0	-0.22	2.74	1.00	0.00	0.16	111115
89	"14:07:38"	2735.5	0	6.64	0.0959	265	1.25	1.33	17.44	6	1.42	1	2.84	18.36	17.44	20.14	400.02	385.82	4.244	6.715	20.04	31.70	301.0	1699	2	100	-0.333	-0.3	0.101	0.0298	0.0651	0.0343	1.0	-0.22	2.74	1.00	0.00	0.16	111115
90	"14:07:39"	2736.0	0	6.62	0.0961	265	1.25	1.33	17.45	6	1.42	1	2.84	18.36	17.45	20.14	400.02	385.87	4.242	6.719	20.03	31.72	301.0	1699	2	100	-0.333	-0.3	0.101	0.0298	0.0651	0.0343	1.0	-0.22	2.74	1.00	0.00	0.16	111115
91	"14:07:39"	2736.5	0	6.64	0.0963	265	1.25	1.33	17.44	6	1.42	1	2.84	18.37	17.44	20.14	400.04	385.84	4.242	6.722	20.02	31.72	301.0	1699	2	100	-0.333	-0.3	0.101	0.0298	0.0651	0.0343	1.0	-0.22	2.74	1.00	0.00	0.16	111115
92	"14:07:40"	2737.0	0	6.66	0.0964	265	1.25	1.33	17.44	6	1.42	1	2.84	18.37	17.44	20.13	400.08	385.83	4.241	6.724	20.01	31.73	301.1	1699	2	100	-0.333	-0.3	0.101	0.0298	0.0651	0.0343	1.0	-0.22	2.74	1.00	0.00	0.16	111115
93	"14:07:40"	2737.5	0	6.67	0.0966	265	1.26	1.33	17.45	6	1.42	1	2.84	18.37	17.45	20.13	400.07	385.82	4.240	6.729	20.00	31.75	301.1	1699	2	100	-0.333	-0.3	0.101	0.0298	0.0651	0.0343	1.0	-0.22	2.74	1.00	0.00	0.16	111115
94	"14:07:41"	2738.0	0	6.65	0.0967	265	1.26	1.33	17.46	6	1.42	1	2.84	18.37	17.46	20.13	400.04	385.82	4.240	6.731	20.00	31.75	301.1	1699	2	100	-0.333	-0.3	0.101	0.0298	0.0651	0.0343	1.0	-0.22	2.74	1.00	0.00	0.16	111115
95	"14:07:41"	2738.5	0	6.66	0.0967	265	1.26	1.33	17.47	6	1.42	1	2.84	18.38	17.47	20.13	400.02	385.79	4.239	6.734	19.99	31.76	301.0	1699	2	100	-0.333	-0.3	0.101	0.0298	0.0651	0.0343	1.0	-0.22	2.74	1.00	0.00	0.16	111115
96	"14:07:42"	2739.5	0	6.67	0.0969	265	1.26	1.33	17.47	6	1.42	1	2.84	18.38	17.47	20.13	400.01	385.75	4.239	6.739	19.99	31.78	301.0	1699	2	100	-0.333	-0.3	0.101	0.0298	0.0651	0.0343	1.0	-0.22	2.74	1.00	0.00	0.16	111115
97	"14:07:42"	2740.0	0	6.69	0.097	265	1.26	1.33	17.49	6	1.42	1	2.84	18.38	17.49	20.13	400.01	385.71	4.239	6.743	19.98	31.79	301.0	1699	2	100	-0.333	-0.3	0.101	0.0298	0.0651	0.0343	1.0	-0.22	2.74	1.00	0.00	0.16	111115
98	"14:07:43"	2740.5	0	6.66	0.0969	266	1.26	1.33	17.49	6	1.42	1	2.84	18.38	17.49	20.13	400.00	385.74	4.240	6.743	19.98	31.78	301.0	1699	2	100	-0.333	-0.3	0.101	0.0298	0.0651	0.0343	1.0	-0.22	2.74	1.00	0.00	0.16	111115
"14:07:57 Coolers: Tblock -> 25.00 C"
"14:11:07 Flow: Fixed -> 300 umol/s"
99	"14:11:09"	2947.5	0	6.31	0.0925	265	1.51	1.65	20.34	6	1.42	1	2.84	22.55	20.34	25.14	399.34	385.60	4.442	7.421	16.20	27.05	301.0	1699	2	100	-0.513	-0.311	0.0895	0.00957	0.0177	0.00735	1.0	-0.22	2.74	1.00	0.00	0.16	111115
100	"14:11:09"	2947.5	0	6.31	0.0925	265	1.51	1.65	20.34	6	1.42	1	2.84	22.55	20.34	25.14	399.34	385.60	4.442	7.421	16.20	27.05	301.0	1699	2	100	-0.513	-0.311	0.0895	0.00957	0.0177	0.00735	1.0	-0.22	2.74	1.00	0.00	0.16	111115
101	"14:11:10"	2948.0	0	6.39	0.0936	265	1.52	1.65	20.33	6	1.42	1	2.84	22.55	20.33	25.14	399.47	385.55	4.409	7.420	16.07	27.05	301.0	1699	2	100	-0.513	-0.311	0.0895	0.00957	0.0177	0.00735	1.0	-0.22	2.74	1.00	0.00	0.16	111115
102	"14:11:10"	2948.5	0	6.44	0.0944	265	1.53	1.65	20.32	6	1.42	1	2.84	22.55	20.32	25.14	399.55	385.53	4.385	7.418	15.99	27.04	301.0	1699	2	100	-0.513	-0.311	0.0895	0.00957	0.0177	0.00735	1.0	-0.22	2.74	1.00	0.00	0.16	111115
103	"14:11:11"	2949.0	0	6.42	0.0948	266	1.54	1.65	20.33	6	1.42	1	2.84	22.56	20.33	25.13	399.58	385.60	4.368	7.418	15.92	27.03	301.0	1699	2	100	-0.513	-0.311	0.0895	0.00957	0.0177	0.00735	1.0	-0.22	2.74	1.00	0.00	0.16	111115
104	"14:11:11"	2949.5	0	6.45	0.0953	266	1.55	1.65	20.33	6	1.42	1	2.84	22.56	20.33	25.13	399.60	385.57	4.356	7.420	15.87	27.04	301.0	1699	2	100	-0.513	-0.311	0.0895	0.00957	0.0177	0.00735	1.0	-0.22	2.74	1.00	0.00	0.16	111115
105	"14:11:12"	2950.0	0	6.59	0.0978	266	1.59	1.65	20.34	6	1.42	1	2.84	22.56	20.34	25.13	399.94	385.59	4.278	7.421	15.59	27.04	301.0	1699	2	100	-0.513	-0.311	0.0895	0.00957	0.0177	0.00735	1.0	-0.22	2.74	1.00	0.00	0.16	111115
106	"14:11:12"	2950.5	0	6.61	0.098	266	1.59	1.65	20.34	6	1.42	1	2.84	22.57	20.34	25.13	399.94	385.53	4.272	7.421	15.56	27.03	301.0	1699	2	100	-0.513	-0.311	0.0895	0.00957	0.0177	0.00735	1.0	-0.22	2.74	1.00	0.00	0.16	111115
107	"14:11:13"	2951.0	0	6.61	0.0983	266	1.59	1.65	20.33	6	1.42	1	2.84	22.57	20.33	25.13	399.95	385.55	4.269	7.424	15.55	27.03	301.0	1699	2	100	-0.513	-0.311	0.0895	0.00957	0.0177	0.00735	1.0	-0.22	2.74	1.00	0.00	0.16	111115
108	"14:11:13"	2951.5	0	6.66	0.0983	265	1.59	1.65	20.33	6	1.42	1	2.84	22.57	20.33	25.13	400.00	385.50	4.269	7.424	15.54	27.03	301.0	1699	2	100	-0.513	-0.311	0.0895	0.00957	0.0177	0.00735	1.0	-0.22	2.74	1.00	0.00	0.16	111115
109	"14:11:14"	2952.0	0	6.67	0.0983	265	1.6	1.65	20.34	6	1.42	1	2.84	22.58	20.34	25.13	400.02	385.50	4.268	7.425	15.53	27.02	301.0	1699	2	100	-0.513	-0.311	0.0895	0.00957	0.0177	0.00735	1.0	-0.22	2.74	1.00	0.00	0.16	111115
110	"14:11:15"	2952.5	0	6.7	0.0983	264	1.6	1.66	20.35	6	1.42	1	2.84	22.58	20.35	25.14	400.08	385.49	4.267	7.428	15.52	27.02	301.0	1699	2	100	-0.513	-0.311	0.0895	0.00957	0.0177	0.00735	1.0	-0.22	2.74	1.00	0.00	0.16	111115
111	"14:11:15"	2953.0	0	6.76	0.0983	264	1.6	1.66	20.36	6	1.42	1	2.84	22.59	20.36	25.14	400.13	385.44	4.266	7.428	15.52	27.02	301.0	1699	2	100	-0.513	-0.311	0.0895	0.00957	0.0177	0.00735	1.0	-0.22	2.74	1.00	0.00	0.16	111115
112	"14:11:16"	2953.5	0	6.8	0.0982	263	1.6	1.66	20.36	6	1.42	1	2.84	22.59	20.36	25.14	400.18	385.41	4.266	7.426	15.51	27.01	301.0	1699	2	100	-0.513	-0.311	0.0895	0.00957	0.0177	0.00735	1.0	-0.22	2.74	1.00	0.00	0.16	111115
113	"14:11:16"	2954.0	0	6.81	0.0983	263	1.6	1.66	20.36	6	1.42	1	2.84	22.59	20.36	25.14	400.18	385.38	4.266	7.428	15.51	27.01	301.0	1699	2	100	-0.513	-0.311	0.0895	0.00957	0.0177	0.00735	1.0	-0.22	2.74	1.00	0.00	0.16	111115
114	"14:11:17"	2955.0	0	6.8	0.0981	262	1.6	1.66	20.38	6	1.42	1	2.84	22.60	20.38	25.14	400.16	385.37	4.265	7.428	15.50	26.99	301.0	1699	2	100	-0.513	-0.311	0.0895	0.00957	0.0177	0.00735	1.0	-0.22	2.74	1.00	0.00	0.16	111115
115	"14:11:17"	2955.5	0	6.76	0.098	263	1.6	1.66	20.39	6	1.42	1	2.84	22.61	20.39	25.14	400.12	385.41	4.265	7.427	15.49	26.98	301.0	1699	2	100	-0.513	-0.311	0.0895	0.00957	0.0177	0.00735	1.0	-0.22	2.74	1.00	0.00	0.16	111115
116	"14:11:18"	2956.0	0	6.74	0.0979	263	1.6	1.66	20.40	6	1.42	1	2.84	22.61	20.40	25.15	400.13	385.46	4.264	7.428	15.49	26.98	301.0	1699	2	100	-0.513	-0.311	0.0895	0.00957	0.0177	0.00735	1.0	-0.22	2.74	1.00	0.00	0.16	111115
"14:11:28 Coolers: Tblock -> 30.00 C"
"14:14:53 Flow: Fixed -> 300 umol/s"
117	"14:14:56"	3175.0	0	6.59	0.0875	251	1.82	2.1	24.11	6	1.42	1	2.84	27.29	24.11	30.10	399.61	385.07	5.579	9.168	15.33	25.20	300.9	1699	2	100	-0.613	-0.361	0.101	0.0492	0.0262	0.0496	1.0	-0.22	2.74	1.00	0.00	0.16	111115
118	"14:14:57"	3175.0	0	6.59	0.0875	251	1.82	2.1	24.11	6	1.42	1	2.84	27.29	24.11	30.10	399.61	385.07	5.579	9.168	15.33	25.20	300.9	1699	2	100	-0.613	-0.361	0.101	0.0492	0.0262	0.0496	1.0	-0.22	2.74	1.00	0.00	0.16	111115
119	"14:14:57"	3175.5	0	6.62	0.0879	251	1.82	2.1	24.11	6	1.42	1	2.84	27.29	24.11	30.10	399.67	385.06	5.566	9.170	15.30	25.20	300.9	1699	2	100	-0.613	-0.361	0.101	0.0492	0.0262	0.0496	1.0	-0.22	2.74	1.00	0.00	0.16	111115
120	"14:14:58"	3176.0	0	6.81	0.0903	250	1.87	2.09	24.09	6	1.42	1	2.84	27.29	24.09	30.10	400.07	385.05	5.482	9.173	15.06	25.21	300.9	1699	2	100	-0.613	-0.361	0.101	0.0492	0.0262	0.0496	1.0	-0.22	2.74	1.00	0.00	0.16	111115
121	"14:14:58"	3176.5	0	6.95	0.0905	248	1.87	2.09	24.09	6	1.42	1	2.84	27.29	24.09	30.10	400.31	385.02	5.477	9.174	15.05	25.21	300.9	1699	2	100	-0.613	-0.361	0.101	0.0492	0.0262	0.0496	1.0	-0.22	2.74	1.00	0.00	0.16	111115
122	"14:14:59"	3177.0	0	7.1	0.0906	246	1.87	2.09	24.09	6	1.42	1	2.84	27.29	24.09	30.09	400.59	385.00	5.476	9.178	15.04	25.21	300.9	1699	2	100	-0.613	-0.361	0.101	0.0492	0.0262	0.0496	1.0	-0.22	2.74	1.00	0.00	0.16	111115
123	"14:15:00"	3177.5	0	7.23	0.0905	243	1.87	2.09	24.09	6	1.42	1	2.84	27.30	24.09	30.09	400.83	384.98	5.481	9.180	15.06	25.22	300.9	1699	2	100	-0.613	-0.361	0.101	0.0492	0.0262	0.0496	1.0	-0.22	2.74	1.00	0.00	0.16	111115
124	"14:15:00"	3178.0	0	7.32	0.0902	241	1.87	2.1	24.10	6	1.42	1	2.84	27.30	24.10	30.09	401.05	385.03	5.491	9.182	15.08	25.22	301.0	1699	2	100	-0.613	-0.361	0.101	0.0492	0.0262	0.0496	1.0	-0.22	2.74	1.00	0.00	0.16	111115
125	"14:15:01"	3179.0	0	7.45	0.0895	238	1.85	2.09	24.10	6	1.42	1	2.84	27.30	24.10	30.09	401.31	385.03	5.523	9.185	15.17	25.22	301.0	1699	2	100	-0.613	-0.361	0.101	0.0492	0.0262	0.0496	1.0	-0.22	2.74	1.00	0.00	0.16	111115
126	"14:15:01"	3179.5	0	7.49	0.0891	236	1.84	2.09	24.10	6	1.42	1	2.84	27.30	24.10	30.09	401.39	385.04	5.545	9.188	15.23	25.23	301.0	1699	2	100	-0.613	-0.361	0.101	0.0492	0.0262	0.0496	1.0	-0.22	2.74	1.00	0.00	0.16	111115
127	"14:15:02"	3180.0	0	7.53	0.0885	235	1.83	2.09	24.11	6	1.42	1	2.84	27.30	24.11	30.09	401.39	384.97	5.572	9.192	15.30	25.24	301.0	1699	2	100	-0.613	-0.361	0.101	0.0492	0.0262	0.0496	1.0	-0.22	2.74	1.00	0.00	0.16	111115
128	"14:15:03"	3180.5	0	7.42	0.0878	236	1.82	2.1	24.12	6	1.42	1	2.84	27.30	24.12	30.09	401.22	385.02	5.601	9.197	15.38	25.25	301.0	1699	2	100	-0.613	-0.361	0.101	0.0492	0.0262	0.0496	1.0	-0.22	2.74	1.00	0.00	0.16	111115
129	"14:15:03"	3181.0	0	7.34	0.087	236	1.81	2.1	24.13	6	1.42	1	2.84	27.30	24.13	30.10	401.04	385.01	5.633	9.201	15.46	25.26	301.0	1699	2	100	-0.613	-0.361	0.101	0.0492	0.0262	0.0496	1.0	-0.22	2.74	1.00	0.00	0.16	111115
130	"14:15:04"	3181.5	0	7.23	0.0864	237	1.79	2.1	24.12	6	1.42	1	2.84	27.31	24.12	30.10	400.85	385.06	5.662	9.203	15.54	25.26	301.0	1699	2	100	-0.613	-0.361	0.101	0.0492	0.0262	0.0496	1.0	-0.22	2.74	1.00	0.00	0.16	111115
131	"14:15:04"	3182.0	0	7.15	0.0859	238	1.78	2.1	24.12	6	1.42	1	2.84	27.31	24.12	30.10	400.68	385.07	5.689	9.206	15.62	25.27	301.0	1699	2	100	-0.613	-0.361	0.101	0.0492	0.0262	0.0496	1.0	-0.22	2.74	1.00	0.00	0.16	111115
132	"14:15:05"	3183.0	0	6.91	0.0852	242	1.77	2.09	24.12	6	1.42	1	2.84	27.31	24.12	30.11	400.48	385.34	5.735	9.224	15.74	25.31	301.1	1699	2	100	-0.613	-0.361	0.101	0.0492	0.0262	0.0496	1.0	-0.22	2.74	1.00	0.00	0.16	111115
133	"14:15:05"	3183.5	0	6.85	0.0848	242	1.76	2.1	24.14	6	1.42	1	2.84	27.31	24.14	30.11	400.42	385.42	5.753	9.230	15.79	25.33	301.0	1698	2	100	-0.613	-0.361	0.101	0.0492	0.0262	0.0496	1.0	-0.22	2.74	1.00	0.00	0.16	111115
134	"14:15:06"	3184.0	0	6.8	0.0847	243	1.76	2.1	24.14	6	1.42	1	2.84	27.32	24.14	30.11	400.38	385.48	5.768	9.240	15.82	25.35	301.0	1698	2	100	-0.613	-0.361	0.101	0.0492	0.0262	0.0496	1.0	-0.22	2.74	1.00	0.00	0.16	111115
135	"14:15:07"	3184.5	0	6.76	0.0846	244	1.76	2.1	24.14	6	1.42	1	2.84	27.32	24.14	30.12	400.36	385.54	5.780	9.248	15.86	25.37	301.1	1698	2	100	-0.613	-0.361	0.101	0.0492	0.0262	0.0496	1.0	-0.22	2.74	1.00	0.00	0.16	111115
136	"14:15:07"	3185.0	0	6.71	0.0846	245	1.75	2.1	24.14	6	1.42	1	2.84	27.32	24.14	30.12	400.31	385.59	5.790	9.254	15.88	25.38	301.1	1698	2	100	-0.613	-0.361	0.101	0.0492	0.0262	0.0496	1.0	-0.22	2.74	1.00	0.00	0.16	111115
137	"14:15:08"	3185.5	0	6.62	0.0846	247	1.76	2.1	24.15	6	1.42	1	2.84	27.33	24.15	30.12	400.24	385.70	5.798	9.265	15.90	25.40	301.1	1698	2	100	-0.613	-0.361	0.101	0.0492	0.0262	0.0496	1.0	-0.22	2.74	1.00	0.00	0.16	111115
138	"14:15:08"	3186.0	0	6.61	0.0847	247	1.76	2.1	24.16	6	1.42	1	2.84	27.33	24.16	30.12	400.23	385.71	5.805	9.276	15.91	25.43	301.1	1698	2	100	-0.613	-0.361	0.101	0.0492	0.0262	0.0496	1.0	-0.22	2.74	1.00	0.00	0.16	111115
"14:15:23 Coolers: Tblock -> 35.00 C"
"14:20:47 Flow: Fixed -> 300 umol/s"
139	"14:20:48"	3527.0	0	6.15	0.0817	250	1.9	2.34	27.16	6	1.42	1	2.84	31.78	27.16	35.13	398.91	385.19	8.981	12.730	19.05	27.00	301.0	1699	2	100	-0.541	-0.419	0.112	0.00539	0.0431	0.00578	1.0	-0.22	2.74	1.00	0.00	0.16	111115
140	"14:20:49"	3527.0	0	6.15	0.0817	250	1.9	2.34	27.16	6	1.42	1	2.84	31.78	27.16	35.13	398.91	385.19	8.981	12.730	19.05	27.00	301.0	1699	2	100	-0.541	-0.419	0.112	0.00539	0.0431	0.00578	1.0	-0.22	2.74	1.00	0.00	0.16	111115
141	"14:20:49"	3527.5	0	6.27	0.0833	250	1.94	2.34	27.15	6	1.42	1	2.84	31.78	27.15	35.13	399.18	385.20	8.915	12.731	18.91	27.00	301.0	1699	2	100	-0.541	-0.419	0.112	0.00539	0.0431	0.00578	1.0	-0.22	2.74	1.00	0.00	0.16	111115
142	"14:20:50"	3528.0	0	6.35	0.0842	249	1.96	2.34	27.15	6	1.42	1	2.84	31.78	27.15	35.12	399.37	385.20	8.876	12.732	18.82	27.00	301.0	1699	2	100	-0.541	-0.419	0.112	0.00539	0.0431	0.00578	1.0	-0.22	2.74	1.00	0.00	0.16	111115
143	"14:20:50"	3528.5	0	6.41	0.0848	249	1.97	2.34	27.16	6	1.42	1	2.84	31.78	27.16	35.12	399.48	385.17	8.849	12.732	18.77	27.00	301.0	1699	2	100	-0.541	-0.419	0.112	0.00539	0.0431	0.00578	1.0	-0.22	2.74	1.00	0.00	0.16	111115
144	"14:20:51"	3529.0	0	6.46	0.0852	249	1.98	2.34	27.16	6	1.42	1	2.84	31.79	27.16	35.12	399.54	385.13	8.830	12.733	18.72	27.00	301.0	1699	2	100	-0.541	-0.419	0.112	0.00539	0.0431	0.00578	1.0	-0.22	2.74	1.00	0.00	0.16	111115
145	"14:20:51"	3529.5	0	6.5	0.0856	248	1.99	2.34	27.15	6	1.42	1	2.84	31.79	27.15	35.12	399.60	385.12	8.817	12.733	18.69	27.00	301.0	1699	2	100	-0.541	-0.419	0.112	0.00539	0.0431	0.00578	1.0	-0.22	2.74	1.00	0.00	0.16	111115
146	"14:20:52"	3530.0	0	6.65	0.0877	249	2.04	2.34	27.15	6	1.42	1	2.84	31.79	27.15	35.12	399.97	385.15	8.725	12.734	18.50	27.00	301.0	1699	2	100	-0.541	-0.419	0.112	0.00539	0.0431	0.00578	1.0	-0.22	2.74	1.00	0.00	0.16	111115
147	"14:20:52"	3530.5	0	6.68	0.0878	248	2.04	2.34	27.15	6	1.42	1	2.84	31.79	27.15	35.12	399.99	385.11	8.720	12.735	18.49	27.00	300.9	1699	2	100	-0.541	-0.419	0.112	0.00539	0.0431	0.00578	1.0	-0.22	2.74	1.00	0.00	0.16	111115
148	"14:20:53"	3531.0	0	6.7	0.0879	248	2.04	2.34	27.15	6	1.42	1	2.84	31.79	27.15	35.12	400.04	385.12	8.718	12.738	18.48	27.00	301.0	1699	2	100	-0.541	-0.419	0.112	0.00539	0.0431	0.00578	1.0	-0.22	2.74	1.00	0.00	0.16	111115
149	"14:20:54"	3531.5	0	6.68	0.0879	248	2.04	2.34	27.15	6	1.42	1	2.84	31.79	27.15	35.12	400.04	385.16	8.718	12.739	18.48	27.00	301.0	1699	2	100	-0.541	-0.419	0.112	0.00539	0.0431	0.00578	1.0	-0.22	2.74	1.00	0.00	0.16	111115
150	"14:20:54"	3532.0	0	6.66	0.0881	249	2.04	2.34	27.15	6	1.42	1	2.84	31.79	27.15	35.12	400.02	385.17	8.717	12.742	18.48	27.01	301.0	1699	2	100	-0.541	-0.419	0.112	0.00539	0.0431	0.00578	1.0	-0.22	2.74	1.00	0.00	0.16	111115
151	"14:20:55"	3532.5	0	6.68	0.0881	249	2.05	2.33	27.14	6	1.42	1	2.84	31.79	27.14	35.12	400.03	385.13	8.716	12.742	18.47	27.00	301.0	1699	2	100	-0.541	-0.419	0.112	0.00539	0.0431	0.00578	1.0	-0.22	2.74	1.00	0.00	0.16	111115
152	"14:20:55"	3533.0	0	6.66	0.0882	249	2.05	2.33	27.14	6	1.42	1	2.84	31.80	27.14	35.12	400.03	385.19	8.716	12.744	18.47	27.01	301.0	1699	2	100	-0.541	-0.419	0.112	0.00539	0.0431	0.00578	1.0	-0.22	2.74	1.00	0.00	0.16	111115
153	"14:20:56"	3533.5	0	6.63	0.0882	250	2.05	2.34	27.15	6	1.42	1	2.84	31.80	27.15	35.12	400.03	385.24	8.715	12.745	18.47	27.01	301.0	1699	2	100	-0.541	-0.419	0.112	0.00539	0.0431	0.00578	1.0	-0.22	2.74	1.00	0.00	0.16	111115
154	"14:20:56"	3534.0	0	6.62	0.0882	250	2.05	2.34	27.15	6	1.42	1	2.84	31.80	27.15	35.12	400.04	385.27	8.715	12.743	18.46	27.00	301.0	1699	2	100	-0.541	-0.419	0.112	0.00539	0.0431	0.00578	1.0	-0.22	2.74	1.00	0.00	0.16	111115
155	"14:20:57"	3534.5	0	6.62	0.0882	250	2.05	2.34	27.16	6	1.42	1	2.84	31.80	27.16	35.12	400.06	385.29	8.714	12.748	18.46	27.00	301.0	1699	2	100	-0.541	-0.419	0.112	0.00539	0.0431	0.00578	1.0	-0.22	2.74	1.00	0.00	0.16	111115
"14:21:09 Coolers: Tblock -> 40.00 C"
"14:24:20 Flow: Fixed -> 300 umol/s"
156	"14:24:29"	3746.5	0	6.37	0.0844	247	2.33	2.76	29.32	6	1.42	1	2.84	35.76	29.32	40.14	399.89	385.40	8.753	13.331	14.86	22.64	300.9	1699	2	100	-0.717	-0.45	0.0596	0.0136	0.0156	0.0125	1.0	-0.22	2.74	1.00	0.00	0.16	111115
157	"14:24:29"	3746.5	0	6.37	0.0844	247	2.33	2.76	29.32	6	1.42	1	2.84	35.76	29.32	40.14	399.89	385.40	8.753	13.331	14.86	22.64	300.9	1699	2	100	-0.717	-0.45	0.0596	0.0136	0.0156	0.0125	1.0	-0.22	2.74	1.00	0.00	0.16	111115
158	"14:24:29"	3747.0	0	6.37	0.0843	247	2.33	2.76	29.33	6	1.42	1	2.84	35.77	29.33	40.14	399.89	385.40	8.754	13.331	14.86	22.63	300.9	1699	2	100	-0.717	-0.45	0.0596	0.0136	0.0156	0.0125	1.0	-0.22	2.74	1.00	0.00	0.16	111115
159	"14:24:30"	3747.5	0	6.37	0.0843	247	2.33	2.77	29.33	6	1.42	1	2.84	35.77	29.33	40.14	399.86	385.37	8.754	13.331	14.86	22.62	300.9	1699	2	100	-0.717	-0.45	0.0596	0.0136	0.0156	0.0125	1.0	-0.22	2.74	1.00	0.00	0.16	111115
160	"14:24:31"	3748.0	0	6.35	0.0843	248	2.33	2.77	29.34	6	1.42	1	2.84	35.78	29.34	40.14	399.86	385.42	8.754	13.335	14.85	22.63	301.0	1699	2	100	-0.717	-0.45	0.0596	0.0136	0.0156	0.0125	1.0	-0.22	2.74	1.00	0.00	0.16	111115
161	"14:24:31"	3748.5	0	6.32	0.0843	248	2.33	2.77	29.34	6	1.42	1	2.84	35.78	29.34	40.14	399.86	385.46	8.755	13.338	14.85	22.63	301.0	1699	2	100	-0.717	-0.45	0.0596	0.0136	0.0156	0.0125	1.0	-0.22	2.74	1.00	0.00	0.16	111115
162	"14:24:32"	3749.0	0	6.34	0.0844	248	2.33	2.77	29.35	6	1.42	1	2.84	35.79	29.35	40.14	399.84	385.41	8.755	13.342	14.85	22.62	301.0	1699	2	100	-0.717	-0.45	0.0596	0.0136	0.0156	0.0125	1.0	-0.22	2.74	1.00	0.00	0.16	111115
163	"14:24:32"	3749.5	0	6.34	0.0844	248	2.33	2.77	29.35	6	1.42	1	2.84	35.79	29.35	40.14	399.82	385.38	8.756	13.342	14.84	22.62	301.0	1699	2	100	-0.717	-0.45	0.0596	0.0136	0.0156	0.0125	1.0	-0.22	2.74	1.00	0.00	0.16	111115
164	"14:24:33"	3750.0	0	6.34	0.0843	248	2.33	2.77	29.35	6	1.42	1	2.84	35.80	29.35	40.14	399.76	385.34	8.756	13.338	14.84	22.61	301.0	1699	2	100	-0.717	-0.45	0.0596	0.0136	0.0156	0.0125	1.0	-0.22	2.74	1.00	0.00	0.16	111115
165	"14:24:33"	3750.5	0	6.27	0.0843	249	2.33	2.77	29.35	6	1.42	1	2.84	35.80	29.35	40.14	399.72	385.44	8.757	13.340	14.84	22.60	301.0	1699	2	100	-0.717	-0.45	0.0596	0.0136	0.0156	0.0125	1.0	-0.22	2.74	1.00	0.00	0.16	111115
166	"14:24:34"	3751.0	0	6.29	0.0843	249	2.33	2.77	29.36	6	1.42	1	2.84	35.81	29.36	40.14	399.71	385.39	8.757	13.344	14.83	22.60	301.0	1699	2	100	-0.717	-0.45	0.0596	0.0136	0.0156	0.0125	1.0	-0.22	2.74	1.00	0.00	0.16	111115
167	"14:24:34"	3751.5	0	6.26	0.0843	249	2.33	2.77	29.36	6	1.42	1	2.84	35.81	29.36	40.14	399.73	385.46	8.757	13.346	14.83	22.60	301.0	1699	2	100	-0.717	-0.45	0.0596	0.0136	0.0156	0.0125	1.0	-0.22	2.74	1.00	0.00	0.16	111115
168	"14:24:35"	3752.0	0	6.23	0.0843	250	2.33	2.77	29.37	6	1.42	1	2.84	35.82	29.37	40.15	399.75	385.53	8.757	13.349	14.82	22.60	301.0	1699	2	100	-0.717	-0.45	0.0596	0.0136	0.0156	0.0125	1.0	-0.22	2.74	1.00	0.00	0.16	111115
169	"14:24:35"	3752.5	0	6.26	0.0844	249	2.34	2.77	29.38	6	1.42	1	2.84	35.82	29.38	40.15	399.78	385.50	8.756	13.353	14.82	22.60	301.0	1699	2	100	-0.717	-0.45	0.0596	0.0136	0.0156	0.0125	1.0	-0.22	2.74	1.00	0.00	0.16	111115
170	"14:24:36"	3753.0	0	6.26	0.0843	249	2.34	2.78	29.39	6	1.42	1	2.84	35.83	29.39	40.15	399.82	385.55	8.756	13.350	14.81	22.59	301.0	1699	2	100	-0.717	-0.45	0.0596	0.0136	0.0156	0.0125	1.0	-0.22	2.74	1.00	0.00	0.16	111115
171	"14:24:37"	3754.0	0	6.36	0.0843	247	2.34	2.78	29.40	6	1.42	1	2.84	35.84	29.40	40.15	400.04	385.56	8.756	13.357	14.80	22.58	301.0	1699	2	100	-0.717	-0.45	0.0596	0.0136	0.0156	0.0125	0.7	-0.22	2.74	1.00	0.00	0.16	111115
172	"14:24:37"	3754.5	0	6.41	0.0844	246	2.34	2.78	29.40	6	1.42	1	2.84	35.84	29.40	40.15	400.11	385.53	8.755	13.358	14.80	22.58	301.0	1699	2	100	-0.717	-0.45	0.0596	0.0136	0.0156	0.0125	0.7	-0.22	2.74	1.00	0.00	0.16	111115
173	"14:24:38"	3755.0	0	6.43	0.0843	246	2.34	2.78	29.41	6	1.42	1	2.84	35.85	29.41	40.15	400.17	385.54	8.755	13.358	14.79	22.57	301.0	1699	2	100	-0.717	-0.45	0.0596	0.0136	0.0156	0.0125	0.7	-0.22	2.74	1.00	0.00	0.16	111115
174	"14:24:38"	3755.5	0	6.49	0.0842	245	2.34	2.78	29.42	6	1.42	1	2.84	35.86	29.42	40.16	400.22	385.49	8.755	13.358	14.79	22.56	301.0	1699	2	100	-0.717	-0.45	0.0596	0.0136	0.0156	0.0125	0.7	-0.22	2.74	1.00	0.00	0.16	111115
175	"14:24:39"	3756.0	0	6.54	0.0843	244	2.34	2.78	29.42	6	1.42	1	2.84	35.86	29.42	40.16	400.28	385.44	8.756	13.361	14.78	22.56	301.0	1699	2	100	-0.717	-0.45	0.0596	0.0136	0.0156	0.0125	0.7	-0.22	2.74	1.00	0.00	0.16	111115
176	"14:24:39"	3756.5	0	6.52	0.0842	244	2.34	2.78	29.42	6	1.42	1	2.84	35.87	29.42	40.16	400.29	385.50	8.756	13.359	14.78	22.55	301.0	1699	2	100	-0.717	-0.45	0.0596	0.0136	0.0156	0.0125	1.0	-0.22	2.74	1.00	0.00	0.16	111115
177	"14:24:40"	3757.0	0	6.48	0.0843	245	2.34	2.78	29.42	6	1.42	1	2.84	35.88	29.42	40.16	400.26	385.55	8.757	13.363	14.78	22.55	301.0	1699	2	100	-0.717	-0.45	0.0596	0.0136	0.0156	0.0125	1.0	-0.22	2.74	1.00	0.00	0.16	111115
178	"14:24:40"	3757.5	0	6.44	0.0843	246	2.34	2.79	29.43	6	1.42	1	2.84	35.88	29.43	40.16	400.22	385.58	8.757	13.368	14.77	22.55	301.0	1699	2	100	-0.717	-0.45	0.0596	0.0136	0.0156	0.0125	1.0	-0.22	2.74	1.00	0.00	0.16	111115
179	"14:24:41"	3758.0	0	6.43	0.0842	246	2.34	2.79	29.45	6	1.42	1	2.84	35.89	29.45	40.16	400.23	385.61	8.757	13.369	14.77	22.55	301.0	1699	2	100	-0.717	-0.45	0.0596	0.0136	0.0156	0.0125	1.0	-0.22	2.74	1.00	0.00	0.16	111115
"14:24:52 Coolers: Tblock -> 45.00 C"
"14:26:37 Flow: Fixed -> 300 umol/s"
180	"14:26:39"	3876.5	0	5.52	0.0721	243	2.54	3.5	32.54	6	1.42	1	2.84	40.21	32.54	45.19	398.90	385.95	9.277	14.267	12.38	19.03	301.0	1698	2	100	-1.38	-0.499	0.143	0.0145	0.0729	0.014	1.0	-0.22	2.74	1.00	0.00	0.16	111115
181	"14:26:39"	3876.5	0	5.52	0.0721	243	2.54	3.5	32.54	6	1.42	1	2.84	40.21	32.54	45.19	398.90	385.95	9.277	14.267	12.38	19.03	301.0	1698	2	100	-1.38	-0.499	0.143	0.0145	0.0729	0.014	1.0	-0.22	2.74	1.00	0.00	0.16	111115
182	"14:26:40"	3877.0	0	5.65	0.0744	244	2.62	3.5	32.54	6	1.42	1	2.84	40.21	32.54	45.18	399.18	385.91	9.121	14.264	12.17	19.03	301.0	1698	2	100	-1.38	-0.499	0.143	0.0145	0.0729	0.014	1.0	-0.22	2.74	1.00	0.00	0.16	111115
183	"14:26:40"	3877.5	0	5.74	0.0756	244	2.66	3.5	32.54	6	1.42	1	2.84	40.22	32.54	45.18	399.37	385.89	9.041	14.267	12.06	19.03	301.0	1698	2	100	-1.38	-0.499	0.143	0.0145	0.0729	0.014	0.7	-0.22	2.74	1.00	0.00	0.16	111115
184	"14:26:41"	3878.0	0	5.75	0.0763	244	2.69	3.5	32.56	6	1.42	1	2.84	40.22	32.56	45.19	399.52	385.98	8.992	14.270	11.99	19.03	301.0	1698	2	100	-1.38	-0.499	0.143	0.0145	0.0729	0.014	0.7	-0.22	2.74	1.00	0.00	0.16	111115
185	"14:26:41"	3878.5	0	5.76	0.0768	245	2.7	3.5	32.57	6	1.42	1	2.84	40.22	32.57	45.19	399.60	386.03	8.960	14.273	11.95	19.03	301.0	1698	2	100	-1.38	-0.499	0.143	0.0145	0.0729	0.014	0.7	-0.22	2.74	1.00	0.00	0.16	111115
186	"14:26:42"	3879.0	0	5.82	0.0771	244	2.72	3.5	32.57	6	1.42	1	2.84	40.23	32.57	45.19	399.69	386.00	8.937	14.273	11.91	19.03	301.0	1698	2	100	-1.38	-0.499	0.143	0.0145	0.0729	0.014	0.7	-0.22	2.74	1.00	0.00	0.16	111115
187	"14:26:42"	3880.0	0	5.95	0.079	244	2.78	3.51	32.58	6	1.42	1	2.84	40.23	32.58	45.19	400.02	386.01	8.807	14.278	11.74	19.03	300.9	1699	2	100	-1.38	-0.499	0.143	0.0145	0.0729	0.014	0.7	-0.22	2.74	1.00	0.00	0.16	111115
188	"14:26:43"	3880.5	0	5.96	0.0791	244	2.79	3.51	32.59	6	1.42	1	2.84	40.24	32.59	45.19	400.04	386.00	8.799	14.279	11.72	19.02	300.9	1699	2	100	-1.38	-0.499	0.143	0.0145	0.0729	0.014	0.7	-0.22	2.74	1.00	0.00	0.16	111115
189	"14:26:44"	3881.0	0	5.97	0.0791	244	2.79	3.51	32.60	6	1.42	1	2.84	40.25	32.60	45.19	400.07	386.02	8.797	14.281	11.71	19.02	300.9	1699	2	100	-1.38	-0.499	0.143	0.0145	0.0729	0.014	0.7	-0.22	2.74	1.00	0.00	0.16	111115
190	"14:26:44"	3881.5	0	5.96	0.0791	244	2.79	3.51	32.61	6	1.42	1	2.84	40.25	32.61	45.19	400.06	386.03	8.795	14.283	11.71	19.02	300.9	1699	2	100	-1.38	-0.499	0.143	0.0145	0.0729	0.014	0.7	-0.22	2.74	1.00	0.00	0.16	111115
191	"14:26:45"	3882.0	0	5.98	0.0791	244	2.79	3.51	32.61	6	1.42	1	2.84	40.26	32.61	45.18	400.06	385.98	8.796	14.283	11.71	19.01	300.9	1699	2	100	-1.38	-0.499	0.143	0.0145	0.0729	0.014	0.7	-0.22	2.74	1.00	0.00	0.16	111115
192	"14:26:45"	3882.5	0	6.02	0.079	243	2.79	3.51	32.61	6	1.42	1	2.84	40.26	32.61	45.18	400.08	385.94	8.796	14.280	11.70	19.00	300.9	1700	2	100	-1.38	-0.499	0.143	0.0145	0.0729	0.014	0.7	-0.22	2.74	1.00	0.00	0.16	111115
193	"14:26:46"	3883.0	0	6	0.079	243	2.79	3.52	32.62	6	1.42	1	2.84	40.27	32.62	45.18	400.07	385.96	8.795	14.280	11.70	18.99	300.9	1700	2	100	-1.38	-0.499	0.143	0.0145	0.0729	0.014	0.7	-0.22	2.74	1.00	0.00	0.16	111115
194	"14:26:46"	3883.5	0	5.98	0.0789	244	2.79	3.52	32.64	6	1.42	1	2.84	40.27	32.64	45.18	400.07	386.00	8.795	14.281	11.69	18.99	300.9	1700	2	100	-1.38	-0.499	0.143	0.0145	0.0729	0.014	0.7	-0.22	2.74	1.00	0.00	0.16	111115
195	"14:26:47"	3884.0	0	5.98	0.0789	244	2.79	3.52	32.64	6	1.42	1	2.84	40.28	32.64	45.18	400.08	386.01	8.795	14.282	11.69	18.99	300.9	1700	2	100	-1.38	-0.499	0.143	0.0145	0.0729	0.014	0.7	-0.22	2.74	1.00	0.00	0.16	111115
196	"14:26:48"	3884.5	0	5.96	0.0789	244	2.79	3.52	32.64	6	1.42	1	2.84	40.28	32.64	45.18	400.05	386.02	8.795	14.283	11.69	18.98	300.9	1700	2	100	-1.38	-0.499	0.143	0.0145	0.0729	0.014	0.7	-0.22	2.74	1.00	0.00	0.16	111115
197	"14:26:48"	3885.0	0	6	0.0789	243	2.79	3.52	32.64	6	1.42	1	2.84	40.29	32.64	45.18	400.12	386.01	8.795	14.282	11.69	18.98	301.0	1700	2	100	-1.38	-0.499	0.143	0.0145	0.0729	0.014	0.7	-0.22	2.74	1.00	0.00	0.16	111115
198	"14:26:49"	3886.0	0	5.98	0.0788	243	2.79	3.53	32.66	6	1.42	1	2.84	40.30	32.66	45.18	400.14	386.06	8.795	14.284	11.68	18.97	301.0	1699	2	100	-1.38	-0.499	0.143	0.0145	0.0729	0.014	0.7	-0.22	2.74	1.00	0.00	0.16	111115
"14:27:00 Coolers: Tblock -> 50.00 C"
"14:35:38 Flow: Fixed -> 300 umol/s"
199	"14:35:39"	4418.0	0	4.27	0.061	253	2.56	4.14	34.71	6	1.42	1	2.84	44.63	34.71	49.93	399.08	388.59	9.150	14.182	9.68	15.00	300.9	1699	2	100	-1.05	-0.476	0.0456	0.00641	0.0213	0.00904	0.7	-0.22	2.74	1.00	0.00	0.16	111115
200	"14:35:40"	4418.0	0	4.27	0.061	253	2.56	4.14	34.71	6	1.42	1	2.84	44.63	34.71	49.93	399.08	388.59	9.150	14.182	9.68	15.00	300.9	1699	2	100	-1.05	-0.476	0.0456	0.00641	0.0213	0.00904	0.7	-0.22	2.74	1.00	0.00	0.16	111115
201	"14:35:40"	4418.5	0	4.34	0.0619	252	2.6	4.14	34.72	6	1.42	1	2.84	44.63	34.72	49.93	399.22	388.55	9.073	14.183	9.60	15.00	300.8	1698	2	100	-1.05	-0.476	0.0456	0.00641	0.0213	0.00904	0.7	-0.22	2.74	1.00	0.00	0.16	111115
202	"14:35:41"	4419.0	0	4.4	0.0624	252	2.62	4.14	34.72	6	1.42	1	2.84	44.63	34.72	49.93	399.31	388.50	9.028	14.179	9.55	15.00	300.8	1698	2	100	-1.05	-0.476	0.0456	0.00641	0.0213	0.00904	0.7	-0.22	2.74	1.00	0.00	0.16	111115
203	"14:35:41"	4419.5	0	4.46	0.0628	251	2.64	4.14	34.72	6	1.42	1	2.84	44.63	34.72	49.93	399.42	388.48	8.997	14.179	9.52	15.00	300.8	1698	2	100	-1.05	-0.476	0.0456	0.00641	0.0213	0.00904	0.7	-0.22	2.74	1.00	0.00	0.16	111115
204	"14:35:42"	4420.0	0	4.52	0.063	250	2.65	4.14	34.72	6	1.42	1	2.84	44.64	34.72	49.93	399.51	388.43	8.975	14.180	9.49	15.00	300.8	1699	2	100	-1.05	-0.476	0.0456	0.00641	0.0213	0.00904	0.7	-0.22	2.74	1.00	0.00	0.16	111115
205	"14:35:42"	4420.5	0	4.51	0.0633	251	2.66	4.14	34.72	6	1.42	1	2.84	44.64	34.72	49.93	399.54	388.50	8.958	14.181	9.47	14.99	300.8	1699	2	100	-1.05	-0.476	0.0456	0.00641	0.0213	0.00904	0.7	-0.22	2.74	1.00	0.00	0.16	111115
206	"14:35:43"	4421.0	0	4.63	0.0647	250	2.71	4.14	34.72	6	1.42	1	2.84	44.64	34.72	49.93	399.80	388.47	8.851	14.184	9.36	14.99	300.8	1699	2	100	-1.05	-0.476	0.0456	0.00641	0.0213	0.00904	0.7	-0.22	2.74	1.00	0.00	0.16	111115
207	"14:35:43"	4421.5	0	4.65	0.0648	249	2.72	4.14	34.73	6	1.42	1	2.84	44.65	34.73	49.93	399.82	388.44	8.844	14.188	9.35	15.00	300.8	1699	2	100	-1.05	-0.476	0.0456	0.00641	0.0213	0.00904	0.7	-0.22	2.74	1.00	0.00	0.16	111115
208	"14:35:44"	4422.0	0	4.64	0.0648	250	2.72	4.15	34.73	6	1.42	1	2.84	44.65	34.73	49.92	399.86	388.50	8.843	14.189	9.34	14.99	300.8	1699	2	100	-1.05	-0.476	0.0456	0.00641	0.0213	0.00904	0.7	-0.22	2.74	1.00	0.00	0.16	111115
209	"14:35:44"	4422.5	0	4.64	0.0648	250	2.72	4.14	34.72	6	1.42	1	2.84	44.66	34.72	49.92	399.90	388.54	8.842	14.189	9.34	14.99	300.8	1699	2	100	-1.05	-0.476	0.0456	0.00641	0.0213	0.00904	0.7	-0.22	2.74	1.00	0.00	0.16	111115
210	"14:35:45"	4423.0	0	4.6	0.0649	251	2.72	4.14	34.73	6	1.42	1	2.84	44.66	34.73	49.92	399.89	388.62	8.842	14.194	9.34	14.99	300.9	1700	2	100	-1.05	-0.476	0.0456	0.00641	0.0213	0.00904	0.7	-0.22	2.74	1.00	0.00	0.16	111115
211	"14:35:46"	4423.5	0	4.58	0.0649	252	2.72	4.15	34.74	6	1.42	1	2.84	44.67	34.74	49.92	399.89	388.65	8.841	14.197	9.33	14.99	300.9	1700	2	100	-1.05	-0.476	0.0456	0.00641	0.0213	0.00904	0.7	-0.22	2.74	1.00	0.00	0.16	111115
212	"14:35:46"	4424.0	0	4.54	0.0649	252	2.73	4.15	34.75	6	1.42	1	2.84	44.67	34.75	49.92	399.86	388.68	8.841	14.201	9.33	14.99	300.9	1700	2	100	-1.05	-0.476	0.0456	0.00641	0.0213	0.00904	0.7	-0.22	2.74	1.00	0.00	0.16	111115
213	"14:35:47"	4424.5	0	4.56	0.0649	252	2.73	4.15	34.76	6	1.42	1	2.84	44.68	34.76	49.91	399.85	388.64	8.841	14.202	9.33	14.99	300.9	1700	2	100	-1.05	-0.476	0.0456	0.00641	0.0213	0.00904	0.7	-0.22	2.74	1.00	0.00	0.16	111115
214	"14:35:47"	4425.0	0	4.57	0.0648	252	2.73	4.16	34.77	6	1.42	1	2.84	44.68	34.77	49.91	399.85	388.62	8.841	14.200	9.33	14.98	300.9	1700	2	100	-1.05	-0.476	0.0456	0.00641	0.0213	0.00904	0.7	-0.22	2.74	1.00	0.00	0.16	111115
215	"14:35:48"	4425.5	0	4.58	0.0647	251	2.72	4.16	34.77	6	1.42	1	2.84	44.69	34.77	49.91	399.86	388.61	8.840	14.197	9.33	14.98	300.8	1700	2	100	-1.05	-0.476	0.0456	0.00641	0.0213	0.00904	0.7	-0.22	2.74	1.00	0.00	0.16	111115
