"OPEN 6.3.3"
"Sat Jul 21 2018 10:22:19"
<open><version>"6.3.3"</version></open>
<open><configfile>"/User/Configs/UserPrefs/2x3 LED.xml"</configfile></open>
<open><light><source>"6400-02 or -02B LED Source"</source><par_in>1<sensor>"SI-4027"<cal>-1.00<actinity>1.00</actinity><transm>1.00</transm></cal></sensor><transm>1</transm></par_in><par_out>1<sensor>"Q51318"<cal>6.49</cal></sensor></par_out></light></open>
<open><comps><file>"/User/Configs/Comps/StdComps_6.3"<header>""</header><extras></extras></file><energybal>no<f_parIn>1</f_parIn><f_parOut>0</f_parOut><alphaK>0.16</alphaK></energybal><bc_total>2.840<stomatal_ratio>1</stomatal_ratio><bc_oneside>1.420<type>2</type><table>"/Sys/Lib/StdBLCTable"</table><area>6</area><slope>-0.219565</slope><offset>2.73739</offset><fan>5</fan></bc_oneside></bc_total></comps></open>
<open><prompts><onlog>off</onlog><items>"Default (none)"</items></prompts></open>
<open><constants><oxygen>21 %</oxygen><bb_vapor>1.5</bb_vapor><bb_oxy>0.9</bb_oxy></constants></open>
<open><stability><items>"Std Stability"<items[1]><id>-2</id><size>15</size><pcv><onoff>0</onoff><value>1</value></pcv><std><onoff>0</onoff><value>1</value></std><slp><onoff>1</onoff><value>1</value></slp></items[1]><items[2]><id>-5</id><size>15</size><pcv><onoff>0</onoff><value>1</value></pcv><std><onoff>0</onoff><value>1</value></std><slp><onoff>1</onoff><value>1</value></slp></items[2]><items[3]><id>-7</id><size>15</size><pcv><onoff>0</onoff><value>1</value></pcv><std><onoff>0</onoff><value>1</value></std><slp><onoff>1</onoff><value>1</value></slp></items[3]></items></stability></open>
<open><log><format>"StdLogFmt_6.3"<items>{ -35 -21 -36 -76 30 23 36 21 25 221 -33 111 -34 11 -9 -10 -8 -1 -2 -4 -5 -14 -15 -7 -12 -13 -11 -65 -66 -117 -119 -116 -118 -72 -18 -19 -77 -78 -79 -23  }<hdr>{  }</hdr></items></format><options><beep>on</beep><match>"never"<time>30</time><co2>100</co2><delta>10</delta></match><hdr>normal</hdr><rem>normal</rem><stab>no</stab><stats>no<mean>no</mean><file>no</file><period>15</period></stats><excel>yes</excel><controls>yes</controls><comm>no</comm></options><datafile>"/User/0000-AAE2671-210718"</datafile><button><action>"Normal Log"<code>" LogOneObsManual "</code></action></button><autoprog>"/User/Configs/AutoProgs/AutoLog2"<active>no</active></autoprog></log></open>
<open><a2d><avgtime>4.0 secs</avgtime><userchans><ch20>"Off"</ch20><ch21>"Off"</ch21><ch22>"Off"</ch22><ch23>"Off"</ch23></userchans></a2d></open>
<open><matching><type>0</type><disp>'a'</disp><settings>><CO2Limit>10.0</CO2Limit><H2OLimit>1.0</H2OLimit><MaxAutoTime>60</MaxAutoTime><AverageTime>10</AverageTime></settings></matching></open>
<li6400><factory><unit>"PSC-4123"</unit><serviced>"19.01.2017"</serviced><fuseaware>0</fuseaware><co2mixer>yes</co2mixer><co2><coeffs>{ 0 0.219912 1.60869e-05 2.42627e-08 -3.602e-12 2.3711e-16  }</coeffs><dvdt>-4.1</dvdt><xs>{ -0.00117 -1.14e-05  }</xs></co2><h2o><coeffs>{ 0 0.00612804 1.69186e-06 1.49192e-10  }</coeffs><dvdt>-2.5</dvdt><xs>{ -0.000351 -0.00239  }</xs></h2o><flow>{ 0 0.3738  }</flow><press>{ 87.734 0.00547  }</press></factory></li6400>
<li6400><user><flow_zero>-547.7</flow_zero><irga_zero><co2>-79.5 -79.5<at>32.3675</at></co2><h2o>37.6 -1.4<at>33.9874</at></h2o></irga_zero><irga_span><co2>{ 0.985904 0.986618  }</co2><h2o>{ 1.00683 0.993449  }</h2o></irga_span><irga_match><co2>{ -1.70314 0.351306  }</co2><h2o>{ -0.0708174 -0.347503  }</h2o></irga_match><co2_mixer><pump_mv>4500</pump_mv><ppm>{ 2330.31 1136.88 449.46 273.386 125.406 73.118 48.0557 40.3927  }</ppm><mv>{ 5000 3000 1500 1000 500 300 200 100  }</mv></co2_mixer><parin_offset>0</parin_offset><led_cal><unit>"SI-4027"</unit><mv>{ 10 25 50 100 1000 2000 3000 4000 5000  }</mv><qntm>{ 3.39689 11.1502 23.8626 52.4799 561.717 1093.55 1598.71 2081.76 2538.89  }</qntm></led_cal><lcf_cal><unit>"unknown"</unit><red><mv>{ 50 100 500 1000 1500 5000  }</mv><qntm>{ 50 100 500 1000 2000 5000  }</qntm></red><blue><mv>{ 100 200 500 1000 2000 5000  }</mv><qntm>{ 10 20 50 100 200 500  }</qntm></blue></lcf_cal></user></li6400>
$STARTOFDATA$
"Obs"	"HHMMSS"	"FTime"	"EBal?"	"Photo"	"Cond"	"Ci"	"Trmmol"	"VpdL"	"CTleaf"	"Area"	"BLC_1"	"StmRat"	"BLCond"	"Tair"	"Tleaf"	"TBlk"	"CO2R"	"CO2S"	"H2OR"	"H2OS"	"RH_R"	"RH_S"	"Flow"	"PARi"	"PARo"	"Press"	"CsMch"	"HsMch"	"CsMchSD"	"HsMchSD"	"CrMchSD"	"HrMchSD"	"StableF"	"BLCslope"	"BLCoffst"	"f_parin"	"f_parout"	"alphaK"	"Status"
"10:23:29 Coolers: Tblock -> 14.00 C"
"10:42:11 Flow: Fixed -> 500 umol/s"
"10:42:21 Coolers: Tblock -> 0.00 C"
"11:02:36 Flow: Fixed -> 500 umol/s"
1	"11:02:56"	2477.5	0	6.45	0.186	327	1.51	0.861	8.66	6	1.42	1	2.84	2.49	8.66	0.06	399.34	390.91	0.839	2.638	11.48	36.12	500.8	1701	2	100.5	1.73	-0.127	0.0507	0.00311	0.0444	0.00129	1.0	-0.22	2.74	1.00	0.00	0.16	111115
2	"11:02:56"	2477.5	0	6.45	0.186	327	1.51	0.861	8.66	6	1.42	1	2.84	2.49	8.66	0.06	399.34	390.91	0.839	2.638	11.48	36.12	500.8	1701	2	100.5	1.73	-0.127	0.0507	0.00311	0.0444	0.00129	1.0	-0.22	2.74	1.00	0.00	0.16	111115
3	"11:02:56"	2478.0	0	6.4	0.186	328	1.51	0.861	8.66	6	1.42	1	2.84	2.49	8.66	0.06	399.34	390.96	0.839	2.637	11.49	36.11	500.8	1701	2	100.5	1.73	-0.127	0.0507	0.00311	0.0444	0.00129	1.0	-0.22	2.74	1.00	0.00	0.16	111115
4	"11:02:57"	2478.5	0	6.41	0.186	328	1.51	0.86	8.65	6	1.42	1	2.84	2.49	8.65	0.06	399.37	390.98	0.839	2.638	11.49	36.13	500.8	1701	2	100.5	1.73	-0.127	0.0507	0.00311	0.0444	0.00129	1.0	-0.22	2.74	1.00	0.00	0.16	111115
5	"11:02:57"	2479.0	0	6.37	0.186	328	1.51	0.86	8.64	6	1.42	1	2.84	2.49	8.64	0.06	399.36	391.03	0.839	2.638	11.49	36.12	500.8	1701	2	100.5	1.73	-0.127	0.0507	0.00311	0.0444	0.00129	1.0	-0.22	2.74	1.00	0.00	0.16	111115
6	"11:02:58"	2479.5	0	6.42	0.186	328	1.51	0.86	8.64	6	1.42	1	2.84	2.49	8.64	0.06	399.36	390.95	0.840	2.638	11.50	36.13	500.8	1701	2	100.5	1.73	-0.127	0.0507	0.00311	0.0444	0.00129	1.0	-0.22	2.74	1.00	0.00	0.16	111115
7	"11:02:58"	2480.0	0	6.42	0.186	328	1.5	0.859	8.63	6	1.42	1	2.84	2.49	8.63	0.06	399.36	390.96	0.839	2.636	11.49	36.10	500.8	1701	2	100.5	1.73	-0.127	0.0507	0.00311	0.0444	0.00129	0.7	-0.22	2.74	1.00	0.00	0.16	111115
8	"11:02:59"	2480.5	0	6.46	0.186	327	1.5	0.858	8.62	6	1.42	1	2.84	2.49	8.62	0.06	399.34	390.90	0.839	2.634	11.49	36.08	500.8	1701	2	100.5	1.73	-0.127	0.0507	0.00311	0.0444	0.00129	0.7	-0.22	2.74	1.00	0.00	0.16	111115
9	"11:02:59"	2481.0	0	6.56	0.187	327	1.5	0.857	8.60	6	1.42	1	2.84	2.49	8.60	0.06	399.39	390.82	0.839	2.635	11.48	36.09	500.8	1701	2	100.5	1.73	-0.127	0.0507	0.00311	0.0444	0.00129	0.7	-0.22	2.74	1.00	0.00	0.16	111115
10	"11:03:00"	2481.5	0	6.59	0.187	326	1.5	0.856	8.59	6	1.42	1	2.84	2.49	8.59	0.06	399.38	390.79	0.839	2.633	11.48	36.06	500.8	1701	2	100.5	1.73	-0.127	0.0507	0.00311	0.0444	0.00129	0.7	-0.22	2.74	1.00	0.00	0.16	111115
11	"11:03:01"	2482.0	0	6.6	0.187	326	1.5	0.856	8.59	6	1.42	1	2.84	2.49	8.59	0.06	399.38	390.77	0.838	2.636	11.48	36.09	500.8	1701	2	100.5	1.73	-0.127	0.0507	0.00311	0.0444	0.00129	0.7	-0.22	2.74	1.00	0.00	0.16	111115
12	"11:03:01"	2482.5	0	6.58	0.187	326	1.5	0.857	8.60	6	1.42	1	2.84	2.49	8.60	0.06	399.34	390.76	0.838	2.636	11.47	36.11	500.7	1701	2	100.5	1.73	-0.127	0.0507	0.00311	0.0444	0.00129	0.7	-0.22	2.74	1.00	0.00	0.16	111115
13	"11:03:02"	2483.0	0	6.63	0.187	326	1.5	0.858	8.61	6	1.42	1	2.84	2.49	8.61	0.06	399.35	390.70	0.837	2.635	11.47	36.09	500.8	1701	2	100.5	1.73	-0.127	0.0507	0.00311	0.0444	0.00129	0.7	-0.22	2.74	1.00	0.00	0.16	111115
14	"11:03:02"	2484.0	0	6.47	0.186	327	1.5	0.859	8.63	6	1.42	1	2.84	2.49	8.63	0.06	399.33	390.87	0.837	2.633	11.47	36.07	500.8	1701	2	100.5	1.73	-0.127	0.0507	0.00311	0.0444	0.00129	0.7	-0.22	2.74	1.00	0.00	0.16	111115
15	"11:03:03"	2484.5	0	6.51	0.186	327	1.5	0.86	8.64	6	1.42	1	2.84	2.48	8.64	0.06	399.35	390.85	0.837	2.634	11.47	36.08	500.8	1701	2	100.5	1.73	-0.127	0.0507	0.00311	0.0444	0.00129	0.7	-0.22	2.74	1.00	0.00	0.16	111115
16	"11:03:04"	2485.0	0	6.45	0.186	327	1.5	0.861	8.66	6	1.42	1	2.84	2.48	8.66	0.06	399.32	390.90	0.837	2.634	11.46	36.07	500.8	1701	2	100.5	1.73	-0.127	0.0507	0.00311	0.0444	0.00129	1.0	-0.22	2.74	1.00	0.00	0.16	111115
"11:03:34 Coolers: Tblock -> 5.00 C"
"11:04:54 Flow: Fixed -> 500 umol/s"
17	"11:05:07"	2609.5	0	7.18	0.182	319	1.64	0.957	10.08	6	1.42	1	2.84	5.87	10.08	5.09	399.83	390.46	0.842	2.806	9.09	30.31	500.7	1701	2	100.5	1.25	-0.134	0.0765	0.00375	0.0235	0.0043	1.0	-0.22	2.74	1.00	0.00	0.16	111115
18	"11:05:08"	2610.0	0	7.11	0.182	319	1.65	0.957	10.08	6	1.42	1	2.84	5.87	10.08	5.09	399.81	390.52	0.841	2.807	9.09	30.32	500.7	1701	2	100.5	1.25	-0.134	0.0765	0.00375	0.0235	0.0043	1.0	-0.22	2.74	1.00	0.00	0.16	111115
19	"11:05:08"	2610.0	0	7.11	0.182	319	1.65	0.957	10.08	6	1.42	1	2.84	5.87	10.08	5.09	399.81	390.52	0.841	2.807	9.09	30.32	500.7	1701	2	100.5	1.25	-0.134	0.0765	0.00375	0.0235	0.0043	1.0	-0.22	2.74	1.00	0.00	0.16	111115
20	"11:05:08"	2610.0	0	7.11	0.182	319	1.65	0.957	10.08	6	1.42	1	2.84	5.87	10.08	5.09	399.81	390.52	0.841	2.807	9.09	30.32	500.7	1701	2	100.5	1.25	-0.134	0.0765	0.00375	0.0235	0.0043	1.0	-0.22	2.74	1.00	0.00	0.16	111115
21	"11:05:09"	2610.5	0	7.05	0.183	320	1.65	0.957	10.09	6	1.42	1	2.84	5.87	10.09	5.09	399.78	390.57	0.841	2.810	9.08	30.35	500.7	1701	2	100.5	1.25	-0.134	0.0765	0.00375	0.0235	0.0043	0.7	-0.22	2.74	1.00	0.00	0.16	111115
22	"11:05:10"	2611.0	0	7.03	0.183	320	1.65	0.958	10.09	6	1.42	1	2.84	5.88	10.09	5.09	399.76	390.56	0.841	2.809	9.08	30.33	500.7	1701	2	100.5	1.25	-0.134	0.0765	0.00375	0.0235	0.0043	0.7	-0.22	2.74	1.00	0.00	0.16	111115
23	"11:05:10"	2611.5	0	7	0.183	320	1.65	0.958	10.09	6	1.42	1	2.84	5.88	10.09	5.09	399.68	390.52	0.841	2.811	9.08	30.35	500.8	1700	2	100.5	1.25	-0.134	0.0765	0.00375	0.0235	0.0043	0.7	-0.22	2.74	1.00	0.00	0.16	111115
24	"11:05:11"	2612.0	0	6.94	0.183	321	1.65	0.958	10.10	6	1.42	1	2.84	5.88	10.10	5.09	399.60	390.51	0.841	2.812	9.08	30.34	500.7	1700	2	100.5	1.25	-0.134	0.0765	0.00375	0.0235	0.0043	0.7	-0.22	2.74	1.00	0.00	0.16	111115
25	"11:05:11"	2612.5	0	6.87	0.182	321	1.65	0.96	10.11	6	1.42	1	2.84	5.88	10.11	5.09	399.54	390.53	0.841	2.811	9.07	30.33	500.7	1700	2	100.5	1.25	-0.134	0.0765	0.00375	0.0235	0.0043	0.7	-0.22	2.74	1.00	0.00	0.16	111115
26	"11:05:12"	2613.5	0	6.96	0.182	321	1.65	0.961	10.14	6	1.42	1	2.84	5.89	10.14	5.09	399.53	390.42	0.840	2.811	9.06	30.31	500.7	1700	2	100.5	1.25	-0.134	0.0765	0.00375	0.0235	0.0043	0.7	-0.22	2.74	1.00	0.00	0.16	111115
27	"11:05:13"	2614.0	0	7.01	0.182	320	1.65	0.962	10.15	6	1.42	1	2.84	5.90	10.15	5.09	399.52	390.35	0.840	2.811	9.06	30.30	500.7	1700	2	100.5	1.25	-0.134	0.0765	0.00375	0.0235	0.0043	0.7	-0.22	2.74	1.00	0.00	0.16	111115
28	"11:05:13"	2615.0	0	7.09	0.181	319	1.65	0.964	10.17	6	1.42	1	2.84	5.90	10.17	5.08	399.51	390.24	0.839	2.809	9.04	30.28	500.7	1700	2	100.5	1.25	-0.134	0.0765	0.00375	0.0235	0.0043	0.7	-0.22	2.74	1.00	0.00	0.16	111115
29	"11:05:14"	2615.5	0	7.14	0.181	318	1.65	0.965	10.18	6	1.42	1	2.84	5.91	10.18	5.08	399.52	390.19	0.839	2.808	9.04	30.25	500.7	1701	2	100.5	1.25	-0.134	0.0765	0.00375	0.0235	0.0043	0.7	-0.22	2.74	1.00	0.00	0.16	111115
30	"11:05:15"	2616.0	0	7.21	0.181	318	1.65	0.966	10.19	6	1.42	1	2.84	5.91	10.19	5.08	399.55	390.14	0.839	2.809	9.04	30.26	500.8	1700	2	100.5	1.25	-0.134	0.0765	0.00375	0.0235	0.0043	0.7	-0.22	2.74	1.00	0.00	0.16	111115
31	"11:05:15"	2616.5	0	7.17	0.181	318	1.65	0.967	10.20	6	1.42	1	2.84	5.91	10.20	5.08	399.54	390.18	0.839	2.810	9.04	30.26	500.8	1700	2	100.5	1.25	-0.134	0.0765	0.00375	0.0235	0.0043	0.7	-0.22	2.74	1.00	0.00	0.16	111115
32	"11:05:16"	2617.0	0	7.17	0.181	318	1.65	0.967	10.20	6	1.42	1	2.84	5.92	10.20	5.08	399.54	390.17	0.839	2.809	9.04	30.25	500.7	1700	2	100.5	1.25	-0.134	0.0765	0.00375	0.0235	0.0043	0.7	-0.22	2.74	1.00	0.00	0.16	111115
33	"11:05:16"	2618.0	0	7.14	0.181	318	1.65	0.968	10.22	6	1.42	1	2.84	5.92	10.22	5.08	399.47	390.15	0.839	2.812	9.03	30.27	500.8	1700	2	100.5	1.25	-0.134	0.0765	0.00375	0.0235	0.0043	0.7	-0.22	2.74	1.00	0.00	0.16	111115
"11:06:00 Flow: Fixed -> 500 umol/s"
34	"11:06:45"	2706.5	0	7.54	0.158	304	1.39	0.928	10.75	6	1.42	1	2.84	6.25	10.75	5.08	398.62	388.93	1.993	3.658	20.96	38.47	500.7	1700	3	100.5	1.25	-0.134	0.0765	0.00375	0.0235	0.0043	0.3	-0.22	2.74	1.00	0.00	0.16	111115
35	"11:06:45"	2706.5	0	7.54	0.158	304	1.39	0.928	10.75	6	1.42	1	2.84	6.25	10.75	5.08	398.62	388.93	1.993	3.658	20.96	38.47	500.7	1700	3	100.5	1.25	-0.134	0.0765	0.00375	0.0235	0.0043	0.3	-0.22	2.74	1.00	0.00	0.16	111115
36	"11:06:46"	2707.0	0	7.55	0.159	304	1.4	0.928	10.76	6	1.42	1	2.84	6.25	10.76	5.08	398.64	388.94	1.994	3.664	20.97	38.54	500.7	1700	3	100.5	1.25	-0.134	0.0765	0.00375	0.0235	0.0043	0.3	-0.22	2.74	1.00	0.00	0.16	111115
37	"11:06:46"	2707.5	0	7.51	0.159	305	1.4	0.928	10.76	6	1.42	1	2.84	6.26	10.76	5.08	398.60	388.95	1.995	3.668	20.98	38.58	500.7	1700	3	100.5	1.25	-0.134	0.0765	0.00375	0.0235	0.0043	0.3	-0.22	2.74	1.00	0.00	0.16	111115
38	"11:06:47"	2708.0	0	7.52	0.159	305	1.4	0.927	10.76	6	1.42	1	2.84	6.26	10.76	5.08	398.60	388.93	1.996	3.673	20.99	38.63	500.7	1700	3	100.5	1.25	-0.134	0.0765	0.00375	0.0235	0.0043	0.3	-0.22	2.74	1.00	0.00	0.16	111115
39	"11:06:47"	2708.5	0	7.6	0.16	304	1.41	0.928	10.77	6	1.42	1	2.84	6.26	10.77	5.08	398.62	388.87	1.997	3.677	21.00	38.66	500.8	1700	3	100.5	1.25	-0.134	0.0765	0.00375	0.0235	0.0043	0.3	-0.22	2.74	1.00	0.00	0.16	111115
40	"11:06:48"	2709.0	0	7.62	0.16	304	1.41	0.927	10.77	6	1.42	1	2.84	6.26	10.77	5.08	398.63	388.84	1.997	3.683	21.00	38.73	500.8	1700	3	100.5	1.25	-0.134	0.0765	0.00375	0.0235	0.0043	0.7	-0.22	2.74	1.00	0.00	0.16	111115
41	"11:06:48"	2709.5	0	7.65	0.161	304	1.41	0.926	10.76	6	1.42	1	2.84	6.26	10.76	5.08	398.62	388.80	1.998	3.687	21.01	38.76	500.8	1700	3	100.5	1.25	-0.134	0.0765	0.00375	0.0235	0.0043	0.7	-0.22	2.74	1.00	0.00	0.16	111115
42	"11:06:49"	2710.0	0	7.64	0.162	304	1.42	0.925	10.75	6	1.42	1	2.84	6.26	10.75	5.08	398.60	388.78	1.999	3.693	21.01	38.82	500.8	1700	3	100.5	1.25	-0.134	0.0765	0.00375	0.0235	0.0043	0.7	-0.22	2.74	1.00	0.00	0.16	111115
43	"11:06:49"	2710.5	0	7.64	0.162	305	1.42	0.923	10.74	6	1.42	1	2.84	6.26	10.74	5.08	398.63	388.81	2.000	3.696	21.02	38.85	500.8	1700	3	100.5	1.25	-0.134	0.0765	0.00375	0.0235	0.0043	0.7	-0.22	2.74	1.00	0.00	0.16	111115
44	"11:06:50"	2711.0	0	7.63	0.162	305	1.42	0.923	10.73	6	1.42	1	2.84	6.26	10.73	5.08	398.60	388.80	2.000	3.698	21.03	38.87	500.8	1701	3	100.5	1.25	-0.134	0.0765	0.00375	0.0235	0.0043	0.7	-0.22	2.74	1.00	0.00	0.16	111115
45	"11:06:51"	2711.5	0	7.67	0.163	305	1.43	0.922	10.73	6	1.42	1	2.84	6.26	10.73	5.08	398.63	388.78	2.001	3.703	21.03	38.93	500.8	1700	3	100.5	1.25	-0.134	0.0765	0.00375	0.0235	0.0043	0.7	-0.22	2.74	1.00	0.00	0.16	111115
46	"11:06:51"	2712.0	0	7.73	0.163	304	1.43	0.921	10.73	6	1.42	1	2.84	6.26	10.73	5.08	398.67	388.75	2.002	3.707	21.04	38.96	500.9	1701	3	100.5	1.25	-0.134	0.0765	0.00375	0.0235	0.0043	0.7	-0.22	2.74	1.00	0.00	0.16	111115
47	"11:06:52"	2712.5	0	7.74	0.164	304	1.43	0.921	10.73	6	1.42	1	2.84	6.26	10.73	5.08	398.69	388.75	2.003	3.710	21.05	38.99	500.8	1701	3	100.5	1.25	-0.134	0.0765	0.00375	0.0235	0.0043	0.7	-0.22	2.74	1.00	0.00	0.16	111115
48	"11:06:52"	2713.5	0	7.63	0.164	306	1.44	0.921	10.74	6	1.42	1	2.84	6.27	10.74	5.08	398.69	388.88	2.005	3.719	21.07	39.08	500.8	1700	2	100.5	1.25	-0.134	0.0765	0.00375	0.0235	0.0043	1.0	-0.22	2.74	1.00	0.00	0.16	111115
49	"11:06:53"	2714.0	0	7.65	0.165	306	1.44	0.921	10.74	6	1.42	1	2.84	6.27	10.74	5.08	398.69	388.85	2.005	3.722	21.07	39.11	500.8	1700	3	100.5	1.25	-0.134	0.0765	0.00375	0.0235	0.0043	1.0	-0.22	2.74	1.00	0.00	0.16	111115
"11:07:11 Coolers: Tblock -> 10.00 C"
"11:09:05 Flow: Fixed -> 500 umol/s"
50	"11:09:14"	2855.0	0	8.24	0.174	304	1.73	1.05	12.58	6	1.42	1	2.84	10.07	12.58	10.12	400.18	389.50	2.046	4.107	16.61	33.33	500.7	1699	2	100.5	0.944	-0.151	0.039	0.00524	0.0193	0.00448	1.0	-0.22	2.74	1.00	0.00	0.16	111115
51	"11:09:14"	2855.0	0	8.24	0.174	304	1.73	1.05	12.58	6	1.42	1	2.84	10.07	12.58	10.12	400.18	389.50	2.046	4.107	16.61	33.33	500.7	1699	2	100.5	0.944	-0.151	0.039	0.00524	0.0193	0.00448	1.0	-0.22	2.74	1.00	0.00	0.16	111115
52	"11:09:15"	2855.5	0	8.31	0.174	303	1.73	1.05	12.58	6	1.42	1	2.84	10.07	12.58	10.12	400.18	389.43	2.046	4.107	16.60	33.32	500.7	1699	2	100.5	0.944	-0.151	0.039	0.00524	0.0193	0.00448	1.0	-0.22	2.74	1.00	0.00	0.16	111115
53	"11:09:15"	2856.0	0	8.29	0.174	303	1.73	1.05	12.58	6	1.42	1	2.84	10.08	12.58	10.12	400.16	389.42	2.046	4.107	16.60	33.32	500.7	1699	2	100.5	0.944	-0.151	0.039	0.00524	0.0193	0.00448	1.0	-0.22	2.74	1.00	0.00	0.16	111115
54	"11:09:16"	2856.5	0	8.32	0.174	303	1.73	1.05	12.59	6	1.42	1	2.84	10.08	12.59	10.12	400.17	389.39	2.045	4.107	16.59	33.31	500.7	1699	2	100.5	0.944	-0.151	0.039	0.00524	0.0193	0.00448	1.0	-0.22	2.74	1.00	0.00	0.16	111115
55	"11:09:16"	2857.0	0	8.3	0.174	303	1.73	1.05	12.60	6	1.42	1	2.84	10.08	12.60	10.12	400.16	389.40	2.044	4.109	16.58	33.32	500.7	1699	2	100.5	0.944	-0.151	0.039	0.00524	0.0193	0.00448	1.0	-0.22	2.74	1.00	0.00	0.16	111115
56	"11:09:17"	2857.5	0	8.34	0.174	303	1.73	1.05	12.61	6	1.42	1	2.84	10.09	12.61	10.12	400.17	389.37	2.045	4.108	16.58	33.31	500.7	1699	2	100.5	0.944	-0.151	0.039	0.00524	0.0193	0.00448	1.0	-0.22	2.74	1.00	0.00	0.16	111115
57	"11:09:17"	2858.0	0	8.34	0.174	303	1.73	1.05	12.62	6	1.42	1	2.84	10.09	12.62	10.13	400.16	389.36	2.045	4.109	16.57	33.31	500.7	1699	2	100.5	0.944	-0.151	0.039	0.00524	0.0193	0.00448	1.0	-0.22	2.74	1.00	0.00	0.16	111115
58	"11:09:18"	2858.5	0	8.42	0.174	302	1.73	1.05	12.62	6	1.42	1	2.84	10.09	12.62	10.13	400.19	389.29	2.044	4.110	16.57	33.31	500.8	1699	2	100.5	0.944	-0.151	0.039	0.00524	0.0193	0.00448	1.0	-0.22	2.74	1.00	0.00	0.16	111115
59	"11:09:19"	2859.5	0	8.44	0.174	302	1.73	1.05	12.62	6	1.42	1	2.84	10.10	12.62	10.13	400.20	389.28	2.043	4.113	16.55	33.31	500.7	1699	2	100.5	0.944	-0.151	0.039	0.00524	0.0193	0.00448	1.0	-0.22	2.74	1.00	0.00	0.16	111115
60	"11:09:20"	2860.0	0	8.44	0.174	302	1.73	1.05	12.63	6	1.42	1	2.84	10.10	12.63	10.14	400.17	389.24	2.043	4.113	16.55	33.31	500.7	1699	2	100.5	0.944	-0.151	0.039	0.00524	0.0193	0.00448	1.0	-0.22	2.74	1.00	0.00	0.16	111115
61	"11:09:20"	2860.5	0	8.5	0.174	301	1.74	1.05	12.63	6	1.42	1	2.84	10.11	12.63	10.14	400.17	389.18	2.042	4.114	16.54	33.31	500.8	1699	2	100.5	0.944	-0.151	0.039	0.00524	0.0193	0.00448	0.7	-0.22	2.74	1.00	0.00	0.16	111115
62	"11:09:21"	2861.5	0	8.55	0.174	301	1.74	1.05	12.64	6	1.42	1	2.84	10.11	12.64	10.14	400.22	389.16	2.042	4.114	16.53	33.29	500.8	1699	2	100.5	0.944	-0.151	0.039	0.00524	0.0193	0.00448	0.7	-0.22	2.74	1.00	0.00	0.16	111115
63	"11:09:22"	2862.5	0	8.43	0.173	302	1.73	1.06	12.65	6	1.42	1	2.84	10.12	12.65	10.14	400.24	389.33	2.042	4.110	16.52	33.25	500.8	1699	2	100.5	0.944	-0.151	0.039	0.00524	0.0193	0.00448	0.7	-0.22	2.74	1.00	0.00	0.16	111115
64	"11:09:22"	2863.0	0	8.39	0.173	302	1.73	1.06	12.65	6	1.42	1	2.84	10.12	12.65	10.14	400.24	389.38	2.042	4.110	16.51	33.24	500.8	1699	2	100.5	0.944	-0.151	0.039	0.00524	0.0193	0.00448	0.7	-0.22	2.74	1.00	0.00	0.16	111115
65	"11:09:23"	2863.5	0	8.42	0.173	302	1.73	1.06	12.65	6	1.42	1	2.84	10.12	12.65	10.15	400.31	389.42	2.042	4.110	16.52	33.24	500.8	1699	2	100.5	0.944	-0.151	0.039	0.00524	0.0193	0.00448	0.7	-0.22	2.74	1.00	0.00	0.16	111115
66	"11:09:24"	2864.5	0	8.55	0.173	301	1.74	1.06	12.67	6	1.42	1	2.84	10.13	12.67	10.14	400.48	389.43	2.042	4.113	16.51	33.25	500.8	1699	3	100.5	0.944	-0.151	0.039	0.00524	0.0193	0.00448	1.0	-0.22	2.74	1.00	0.00	0.16	111115
"11:09:38 Coolers: Tblock -> 15.00 C"
"11:12:10 Flow: Fixed -> 500 umol/s"
67	"11:12:14"	3036.0	0	8.53	0.156	290	1.74	1.17	15.16	6	1.42	1	2.84	14.37	15.16	15.13	399.39	388.36	3.458	5.537	21.15	33.86	500.7	1699	3	100.5	0.685	-0.172	0.09	0.00629	0.0278	0.00654	1.0	-0.22	2.74	1.00	0.00	0.16	111115
68	"11:12:14"	3036.0	0	8.53	0.156	290	1.74	1.17	15.16	6	1.42	1	2.84	14.37	15.16	15.13	399.39	388.36	3.458	5.537	21.15	33.86	500.7	1699	3	100.5	0.685	-0.172	0.09	0.00629	0.0278	0.00654	1.0	-0.22	2.74	1.00	0.00	0.16	111115
69	"11:12:15"	3036.5	0	9.01	0.165	290	1.84	1.17	15.16	6	1.42	1	2.84	14.37	15.16	15.13	399.91	388.26	3.354	5.541	20.51	33.88	500.7	1699	3	100.5	0.685	-0.172	0.09	0.00629	0.0278	0.00654	1.0	-0.22	2.74	1.00	0.00	0.16	111115
70	"11:12:15"	3037.0	0	9.07	0.166	290	1.85	1.17	15.16	6	1.42	1	2.84	14.38	15.16	15.13	399.99	388.26	3.335	5.544	20.39	33.89	500.7	1699	3	100.5	0.685	-0.172	0.09	0.00629	0.0278	0.00654	1.0	-0.22	2.74	1.00	0.00	0.16	111115
71	"11:12:16"	3037.5	0	9.11	0.167	290	1.86	1.17	15.15	6	1.42	1	2.84	14.38	15.15	15.13	400.05	388.27	3.330	5.546	20.36	33.90	500.7	1699	3	100.5	0.685	-0.172	0.09	0.00629	0.0278	0.00654	0.7	-0.22	2.74	1.00	0.00	0.16	111115
72	"11:12:16"	3038.0	0	9.12	0.167	290	1.86	1.17	15.16	6	1.42	1	2.84	14.38	15.16	15.13	400.11	388.31	3.328	5.549	20.34	33.91	500.7	1699	3	100.5	0.685	-0.172	0.09	0.00629	0.0278	0.00654	0.7	-0.22	2.74	1.00	0.00	0.16	111115
73	"11:12:17"	3038.5	0	9.2	0.168	290	1.87	1.17	15.16	6	1.42	1	2.84	14.39	15.16	15.13	400.19	388.30	3.326	5.554	20.32	33.93	500.7	1699	3	100.5	0.685	-0.172	0.09	0.00629	0.0278	0.00654	0.7	-0.22	2.74	1.00	0.00	0.16	111115
74	"11:12:18"	3039.0	0	9.22	0.168	290	1.87	1.17	15.16	6	1.42	1	2.84	14.39	15.16	15.13	400.23	388.31	3.325	5.556	20.31	33.94	500.8	1699	3	100.5	0.685	-0.172	0.09	0.00629	0.0278	0.00654	0.7	-0.22	2.74	1.00	0.00	0.16	111115
75	"11:12:18"	3039.5	0	9.25	0.168	290	1.87	1.17	15.16	6	1.42	1	2.84	14.39	15.16	15.13	400.27	388.31	3.324	5.557	20.30	33.94	500.7	1699	3	100.5	0.685	-0.172	0.09	0.00629	0.0278	0.00654	0.7	-0.22	2.74	1.00	0.00	0.16	111115
76	"11:12:19"	3040.5	0	9.06	0.168	292	1.87	1.17	15.19	6	1.42	1	2.84	14.40	15.19	15.13	400.26	388.53	3.324	5.558	20.29	33.93	500.7	1699	3	100.5	0.685	-0.172	0.09	0.00629	0.0278	0.00654	0.7	-0.22	2.74	1.00	0.00	0.16	111115
77	"11:12:20"	3041.0	0	9.03	0.168	292	1.88	1.17	15.20	6	1.42	1	2.84	14.40	15.20	15.13	400.24	388.56	3.324	5.558	20.29	33.93	500.7	1699	3	100.5	0.685	-0.172	0.09	0.00629	0.0278	0.00654	1.0	-0.22	2.74	1.00	0.00	0.16	111115
78	"11:12:20"	3041.5	0	8.95	0.168	293	1.88	1.17	15.20	6	1.42	1	2.84	14.41	15.20	15.13	400.18	388.57	3.323	5.558	20.28	33.92	500.7	1699	3	100.5	0.685	-0.172	0.09	0.00629	0.0278	0.00654	1.0	-0.22	2.74	1.00	0.00	0.16	111115
79	"11:12:21"	3042.0	0	8.91	0.168	293	1.88	1.18	15.20	6	1.42	1	2.84	14.41	15.20	15.13	400.12	388.57	3.322	5.558	20.27	33.92	500.7	1699	3	100.5	0.685	-0.172	0.09	0.00629	0.0278	0.00654	1.0	-0.22	2.74	1.00	0.00	0.16	111115
80	"11:12:21"	3042.5	0	8.85	0.168	294	1.88	1.18	15.21	6	1.42	1	2.84	14.41	15.21	15.13	400.03	388.56	3.322	5.558	20.27	33.91	500.8	1699	3	100.5	0.685	-0.172	0.09	0.00629	0.0278	0.00654	1.0	-0.22	2.74	1.00	0.00	0.16	111115
81	"11:12:22"	3043.0	0	8.86	0.168	293	1.88	1.18	15.21	6	1.42	1	2.84	14.41	15.21	15.13	400.00	388.51	3.323	5.559	20.27	33.91	500.7	1699	3	100.5	0.685	-0.172	0.09	0.00629	0.0278	0.00654	1.0	-0.22	2.74	1.00	0.00	0.16	111115
82	"11:12:23"	3044.0	0	8.89	0.168	293	1.88	1.18	15.21	6	1.42	1	2.84	14.42	15.21	15.13	399.95	388.42	3.321	5.561	20.25	33.91	500.8	1699	3	100.5	0.685	-0.172	0.09	0.00629	0.0278	0.00654	1.0	-0.22	2.74	1.00	0.00	0.16	111115
83	"11:12:24"	3045.0	0	9.02	0.168	292	1.88	1.18	15.22	6	1.42	1	2.84	14.42	15.22	15.13	399.95	388.27	3.322	5.564	20.25	33.92	500.8	1699	3	100.5	0.685	-0.172	0.09	0.00629	0.0278	0.00654	1.0	-0.22	2.74	1.00	0.00	0.16	111115
"11:13:23 Coolers: Tblock -> 20.00 C"
"11:16:21 Flow: Fixed -> 500 umol/s"
84	"11:16:26"	3287.5	0	9.48	0.158	281	2.04	1.35	18.06	6	1.42	1	2.84	18.83	18.06	20.14	401.11	388.80	4.801	7.230	22.12	33.31	500.8	1699	3	100.5	0.646	-0.198	0.0828	0.0087	0.0376	0.00892	0.7	-0.22	2.74	1.00	0.00	0.16	111115
85	"11:16:26"	3287.5	0	9.48	0.158	281	2.04	1.35	18.06	6	1.42	1	2.84	18.83	18.06	20.14	401.11	388.80	4.801	7.230	22.12	33.31	500.8	1699	3	100.5	0.646	-0.198	0.0828	0.0087	0.0376	0.00892	0.7	-0.22	2.74	1.00	0.00	0.16	111115
86	"11:16:27"	3288.0	0	9.57	0.159	281	2.06	1.35	18.06	6	1.42	1	2.84	18.83	18.06	20.14	401.17	388.75	4.784	7.229	22.04	33.30	500.8	1699	3	100.5	0.646	-0.198	0.0828	0.0087	0.0376	0.00892	0.7	-0.22	2.74	1.00	0.00	0.16	111115
87	"11:16:27"	3288.5	0	9.64	0.159	280	2.06	1.35	18.07	6	1.42	1	2.84	18.83	18.07	20.14	401.21	388.70	4.780	7.231	22.02	33.31	500.8	1699	3	100.5	0.646	-0.198	0.0828	0.0087	0.0376	0.00892	0.7	-0.22	2.74	1.00	0.00	0.16	111115
88	"11:16:28"	3289.0	0	9.61	0.16	281	2.06	1.35	18.06	6	1.42	1	2.84	18.83	18.06	20.14	401.21	388.74	4.777	7.231	22.00	33.30	500.8	1699	3	100.5	0.646	-0.198	0.0828	0.0087	0.0376	0.00892	0.7	-0.22	2.74	1.00	0.00	0.16	111115
89	"11:16:28"	3289.5	0	9.61	0.16	281	2.06	1.35	18.07	6	1.42	1	2.84	18.84	18.07	20.14	401.26	388.78	4.777	7.233	22.00	33.31	500.8	1699	3	100.5	0.646	-0.198	0.0828	0.0087	0.0376	0.00892	0.7	-0.22	2.74	1.00	0.00	0.16	111115
90	"11:16:29"	3290.0	0	9.58	0.16	281	2.07	1.35	18.08	6	1.42	1	2.84	18.84	18.08	20.14	401.30	388.85	4.776	7.235	21.99	33.31	500.8	1699	3	100.5	0.646	-0.198	0.0828	0.0087	0.0376	0.00892	0.7	-0.22	2.74	1.00	0.00	0.16	111115
91	"11:16:29"	3290.5	0	9.57	0.16	281	2.07	1.35	18.07	6	1.42	1	2.84	18.84	18.07	20.14	401.32	388.90	4.775	7.237	21.98	33.32	500.7	1699	3	100.5	0.646	-0.198	0.0828	0.0087	0.0376	0.00892	0.7	-0.22	2.74	1.00	0.00	0.16	111115
92	"11:16:30"	3291.0	0	9.57	0.16	281	2.07	1.35	18.08	6	1.42	1	2.84	18.84	18.08	20.14	401.37	388.93	4.775	7.239	21.98	33.32	500.7	1699	3	100.5	0.646	-0.198	0.0828	0.0087	0.0376	0.00892	0.7	-0.22	2.74	1.00	0.00	0.16	111115
93	"11:16:30"	3291.5	0	9.56	0.16	282	2.07	1.35	18.08	6	1.42	1	2.84	18.85	18.08	20.14	401.39	388.97	4.775	7.241	21.97	33.32	500.7	1699	3	100.5	0.646	-0.198	0.0828	0.0087	0.0376	0.00892	0.7	-0.22	2.74	1.00	0.00	0.16	111115
94	"11:16:31"	3292.0	0	9.53	0.16	282	2.07	1.35	18.08	6	1.42	1	2.84	18.85	18.08	20.14	401.43	389.04	4.775	7.242	21.97	33.32	500.7	1699	3	100.5	0.646	-0.198	0.0828	0.0087	0.0376	0.00892	0.7	-0.22	2.74	1.00	0.00	0.16	111115
95	"11:16:31"	3292.5	0	9.41	0.161	284	2.08	1.35	18.08	6	1.42	1	2.84	18.85	18.08	20.14	401.39	389.14	4.775	7.244	21.97	33.33	500.7	1699	3	100.5	0.646	-0.198	0.0828	0.0087	0.0376	0.00892	0.7	-0.22	2.74	1.00	0.00	0.16	111115
96	"11:16:32"	3293.0	0	9.42	0.161	283	2.08	1.35	18.09	6	1.42	1	2.84	18.85	18.09	20.14	401.40	389.14	4.775	7.246	21.97	33.33	500.7	1699	3	100.5	0.646	-0.198	0.0828	0.0087	0.0376	0.00892	0.7	-0.22	2.74	1.00	0.00	0.16	111115
97	"11:16:32"	3293.5	0	9.44	0.161	283	2.08	1.35	18.09	6	1.42	1	2.84	18.85	18.09	20.14	401.39	389.11	4.774	7.246	21.96	33.33	500.7	1699	3	100.5	0.646	-0.198	0.0828	0.0087	0.0376	0.00892	0.7	-0.22	2.74	1.00	0.00	0.16	111115
98	"11:16:33"	3294.0	0	9.46	0.161	283	2.08	1.35	18.09	6	1.42	1	2.84	18.85	18.09	20.14	401.38	389.08	4.774	7.246	21.96	33.33	500.8	1699	3	100.5	0.646	-0.198	0.0828	0.0087	0.0376	0.00892	0.7	-0.22	2.74	1.00	0.00	0.16	111115
99	"11:16:33"	3294.5	0	9.44	0.161	283	2.08	1.35	18.09	6	1.42	1	2.84	18.86	18.09	20.14	401.39	389.10	4.775	7.247	21.96	33.33	500.8	1699	3	100.5	0.646	-0.198	0.0828	0.0087	0.0376	0.00892	0.7	-0.22	2.74	1.00	0.00	0.16	111115
100	"11:16:34"	3295.0	0	9.39	0.161	284	2.08	1.36	18.10	6	1.42	1	2.84	18.86	18.10	20.14	401.34	389.13	4.775	7.248	21.95	33.33	500.8	1699	3	100.5	0.646	-0.198	0.0828	0.0087	0.0376	0.00892	0.7	-0.22	2.74	1.00	0.00	0.16	111115
101	"11:16:35"	3295.5	0	9.45	0.161	283	2.08	1.36	18.10	6	1.42	1	2.84	18.86	18.10	20.14	401.34	389.05	4.774	7.248	21.95	33.32	500.8	1699	3	100.5	0.646	-0.198	0.0828	0.0087	0.0376	0.00892	0.7	-0.22	2.74	1.00	0.00	0.16	111115
102	"11:16:35"	3296.0	0	9.46	0.161	283	2.08	1.36	18.11	6	1.42	1	2.84	18.86	18.11	20.14	401.33	389.02	4.774	7.249	21.94	33.32	500.8	1699	3	100.5	0.646	-0.198	0.0828	0.0087	0.0376	0.00892	0.7	-0.22	2.74	1.00	0.00	0.16	111115
"11:16:51 Coolers: Tblock -> 25.00 C"
"11:22:27 Flow: Fixed -> 500 umol/s"
103	"11:22:38"	3659.0	0	9.88	0.138	259	2.2	1.65	21.36	6	1.42	1	2.84	23.47	21.36	25.13	399.75	386.89	6.337	8.945	21.95	30.99	500.7	1699	3	100.5	0.672	-0.224	0.0941	0.00801	0.025	0.0109	1.0	-0.22	2.74	1.00	0.00	0.16	111115
104	"11:22:38"	3659.0	0	9.88	0.138	259	2.2	1.65	21.36	6	1.42	1	2.84	23.47	21.36	25.13	399.75	386.89	6.337	8.945	21.95	30.99	500.7	1699	3	100.5	0.672	-0.224	0.0941	0.00801	0.025	0.0109	1.0	-0.22	2.74	1.00	0.00	0.16	111115
105	"11:22:38"	3659.5	0	9.85	0.138	259	2.2	1.65	21.35	6	1.42	1	2.84	23.47	21.35	25.13	399.75	386.92	6.336	8.944	21.95	30.98	500.7	1699	3	100.5	0.672	-0.224	0.0941	0.00801	0.025	0.0109	1.0	-0.22	2.74	1.00	0.00	0.16	111115
106	"11:22:39"	3660.0	0	9.8	0.138	260	2.2	1.65	21.34	6	1.42	1	2.84	23.47	21.34	25.13	399.73	386.98	6.336	8.944	21.95	30.99	500.7	1699	3	100.5	0.672	-0.224	0.0941	0.00801	0.025	0.0109	1.0	-0.22	2.74	1.00	0.00	0.16	111115
107	"11:22:39"	3660.5	0	9.79	0.138	260	2.2	1.65	21.35	6	1.42	1	2.84	23.47	21.35	25.12	399.72	386.97	6.337	8.944	21.95	30.98	500.7	1699	3	100.5	0.672	-0.224	0.0941	0.00801	0.025	0.0109	1.0	-0.22	2.74	1.00	0.00	0.16	111115
108	"11:22:40"	3661.0	0	9.79	0.138	260	2.2	1.65	21.35	6	1.42	1	2.84	23.47	21.35	25.12	399.74	387.00	6.336	8.945	21.95	30.98	500.7	1699	3	100.5	0.672	-0.224	0.0941	0.00801	0.025	0.0109	1.0	-0.22	2.74	1.00	0.00	0.16	111115
109	"11:22:40"	3661.5	0	9.81	0.138	260	2.2	1.65	21.35	6	1.42	1	2.84	23.47	21.35	25.12	399.73	386.95	6.336	8.947	21.95	30.99	500.7	1699	3	100.5	0.672	-0.224	0.0941	0.00801	0.025	0.0109	1.0	-0.22	2.74	1.00	0.00	0.16	111115
110	"11:22:41"	3662.0	0	9.78	0.138	260	2.2	1.65	21.35	6	1.42	1	2.84	23.48	21.35	25.12	399.76	387.02	6.337	8.947	21.95	30.99	500.7	1699	3	100.5	0.672	-0.224	0.0941	0.00801	0.025	0.0109	1.0	-0.22	2.74	1.00	0.00	0.16	111115
111	"11:22:42"	3662.5	0	9.74	0.138	261	2.2	1.65	21.34	6	1.42	1	2.84	23.48	21.34	25.12	399.74	387.06	6.337	8.948	21.95	30.99	500.8	1699	3	100.5	0.672	-0.224	0.0941	0.00801	0.025	0.0109	1.0	-0.22	2.74	1.00	0.00	0.16	111115
112	"11:22:42"	3663.0	0	9.65	0.138	262	2.2	1.65	21.34	6	1.42	1	2.84	23.48	21.34	25.12	399.74	387.15	6.337	8.952	21.95	31.00	500.8	1699	3	100.5	0.672	-0.224	0.0941	0.00801	0.025	0.0109	1.0	-0.22	2.74	1.00	0.00	0.16	111115
113	"11:22:43"	3663.5	0	9.66	0.138	262	2.2	1.65	21.35	6	1.42	1	2.84	23.48	21.35	25.13	399.71	387.11	6.338	8.954	21.95	31.01	500.8	1699	3	100.5	0.672	-0.224	0.0941	0.00801	0.025	0.0109	1.0	-0.22	2.74	1.00	0.00	0.16	111115
114	"11:22:44"	3664.5	0	9.56	0.138	263	2.21	1.65	21.36	6	1.42	1	2.84	23.48	21.36	25.13	399.63	387.14	6.338	8.957	21.94	31.01	500.7	1699	3	100.5	0.672	-0.224	0.0941	0.00801	0.025	0.0109	1.0	-0.22	2.74	1.00	0.00	0.16	111115
115	"11:22:44"	3665.0	0	9.48	0.138	264	2.21	1.65	21.36	6	1.42	1	2.84	23.48	21.36	25.13	399.56	387.18	6.338	8.957	21.94	31.01	500.7	1699	3	100.5	0.672	-0.224	0.0941	0.00801	0.025	0.0109	1.0	-0.22	2.74	1.00	0.00	0.16	111115
116	"11:22:45"	3665.5	0	9.44	0.138	265	2.2	1.65	21.37	6	1.42	1	2.84	23.48	21.37	25.13	399.52	387.19	6.337	8.955	21.94	31.00	500.8	1699	3	100.5	0.672	-0.224	0.0941	0.00801	0.025	0.0109	1.0	-0.22	2.74	1.00	0.00	0.16	111115
117	"11:22:46"	3667.0	0	9.49	0.138	264	2.21	1.65	21.38	6	1.42	1	2.84	23.49	21.38	25.13	399.39	386.99	6.335	8.960	21.93	31.02	500.7	1699	3	100.5	0.672	-0.224	0.0941	0.00801	0.025	0.0109	1.0	-0.22	2.74	1.00	0.00	0.16	111115
"11:23:12 Coolers: Tblock -> 30.00 C"
"11:29:53 Flow: Fixed -> 500 umol/s"
118	"11:29:59"	4101.0	0	9.24	0.101	227	1.93	1.95	25.65	6	1.42	1	2.84	28.31	25.65	30.12	400.19	388.21	11.178	13.463	29.07	35.01	500.7	1699	3	100.5	0.2	-0.288	0.113	0.0116	0.0388	0.014	1.0	-0.22	2.74	1.00	0.00	0.16	111115
119	"11:29:59"	4101.0	0	9.24	0.101	227	1.93	1.95	25.65	6	1.42	1	2.84	28.31	25.65	30.12	400.19	388.21	11.178	13.463	29.07	35.01	500.7	1699	3	100.5	0.2	-0.288	0.113	0.0116	0.0388	0.014	1.0	-0.22	2.74	1.00	0.00	0.16	111115
120	"11:30:00"	4101.5	0	9.21	0.101	228	1.93	1.95	25.65	6	1.42	1	2.84	28.31	25.65	30.12	400.14	388.21	11.178	13.463	29.07	35.01	500.7	1699	3	100.5	0.2	-0.288	0.113	0.0116	0.0388	0.014	1.0	-0.22	2.74	1.00	0.00	0.16	111115
121	"11:30:00"	4102.0	0	9.18	0.101	228	1.93	1.95	25.66	6	1.42	1	2.84	28.32	25.66	30.12	400.15	388.24	11.178	13.463	29.07	35.01	500.7	1699	3	100.5	0.2	-0.288	0.113	0.0116	0.0388	0.014	1.0	-0.22	2.74	1.00	0.00	0.16	111115
122	"11:30:01"	4102.5	0	9.18	0.1	228	1.93	1.95	25.66	6	1.42	1	2.84	28.32	25.66	30.12	400.16	388.27	11.179	13.461	29.07	35.00	500.7	1699	3	100.5	0.2	-0.288	0.113	0.0116	0.0388	0.014	1.0	-0.22	2.74	1.00	0.00	0.16	111115
123	"11:30:01"	4103.0	0	9.26	0.101	227	1.93	1.95	25.66	6	1.42	1	2.84	28.32	25.66	30.12	400.19	388.20	11.179	13.463	29.07	35.01	500.7	1699	3	100.5	0.2	-0.288	0.113	0.0116	0.0388	0.014	1.0	-0.22	2.74	1.00	0.00	0.16	111115
124	"11:30:02"	4103.5	0	9.25	0.101	227	1.93	1.95	25.67	6	1.42	1	2.84	28.32	25.67	30.12	400.18	388.20	11.179	13.466	29.06	35.01	500.7	1699	3	100.5	0.2	-0.288	0.113	0.0116	0.0388	0.014	1.0	-0.22	2.74	1.00	0.00	0.16	111115
125	"11:30:03"	4104.0	0	9.2	0.101	228	1.93	1.96	25.67	6	1.42	1	2.84	28.32	25.67	30.12	400.21	388.29	11.180	13.467	29.06	35.01	500.7	1699	3	100.5	0.2	-0.288	0.113	0.0116	0.0388	0.014	1.0	-0.22	2.74	1.00	0.00	0.16	111115
126	"11:30:03"	4104.5	0	9.15	0.1	228	1.93	1.96	25.67	6	1.42	1	2.84	28.32	25.67	30.12	400.17	388.31	11.180	13.465	29.06	35.00	500.7	1699	3	100.5	0.2	-0.288	0.113	0.0116	0.0388	0.014	1.0	-0.22	2.74	1.00	0.00	0.16	111115
127	"11:30:04"	4105.0	0	9.12	0.101	229	1.94	1.96	25.68	6	1.42	1	2.84	28.32	25.68	30.12	400.20	388.37	11.181	13.469	29.06	35.01	500.7	1699	3	100.5	0.2	-0.288	0.113	0.0116	0.0388	0.014	1.0	-0.22	2.74	1.00	0.00	0.16	111115
128	"11:30:05"	4105.5	0	9.1	0.101	230	1.94	1.95	25.67	6	1.42	1	2.84	28.32	25.67	30.12	400.21	388.41	11.182	13.473	29.06	35.02	500.7	1699	3	100.5	0.2	-0.288	0.113	0.0116	0.0388	0.014	1.0	-0.22	2.74	1.00	0.00	0.16	111115
129	"11:30:05"	4106.5	0	9.09	0.101	230	1.94	1.96	25.68	6	1.42	1	2.84	28.33	25.68	30.12	400.21	388.41	11.183	13.481	29.06	35.03	500.8	1699	3	100.5	0.2	-0.288	0.113	0.0116	0.0388	0.014	1.0	-0.22	2.74	1.00	0.00	0.16	111115
130	"11:30:06"	4107.0	0	9.05	0.101	231	1.94	1.96	25.68	6	1.42	1	2.84	28.33	25.68	30.12	400.18	388.43	11.183	13.482	29.06	35.03	500.8	1699	3	100.5	0.2	-0.288	0.113	0.0116	0.0388	0.014	1.0	-0.22	2.74	1.00	0.00	0.16	111115
131	"11:30:06"	4108.0	0	9.1	0.101	230	1.94	1.96	25.69	6	1.42	1	2.84	28.33	25.69	30.12	400.16	388.35	11.185	13.482	29.06	35.03	500.7	1700	3	100.5	0.2	-0.288	0.113	0.0116	0.0388	0.014	1.0	-0.22	2.74	1.00	0.00	0.16	111115
"11:30:56 Coolers: Tblock -> 35.00 C"
"11:32:40 Flow: Fixed -> 500 umol/s"
132	"11:32:43"	4265.0	0	7.93	0.0879	229	2.05	2.36	27.81	6	1.42	1	2.84	32.14	27.81	35.14	399.00	388.55	11.464	13.890	23.94	29.00	500.8	1699	3	100.5	0.149	-0.301	0.147	0.00852	0.0235	0.00376	1.0	-0.22	2.74	1.00	0.00	0.16	111115
133	"11:32:43"	4265.5	0	8.04	0.0888	228	2.07	2.36	27.82	6	1.42	1	2.84	32.15	27.82	35.14	399.13	388.53	11.442	13.892	23.89	29.00	500.8	1699	3	100.5	0.149	-0.301	0.147	0.00852	0.0235	0.00376	1.0	-0.22	2.74	1.00	0.00	0.16	111115
134	"11:32:44"	4265.5	0	8.04	0.0888	228	2.07	2.36	27.82	6	1.42	1	2.84	32.15	27.82	35.14	399.13	388.53	11.442	13.892	23.89	29.00	500.8	1699	3	100.5	0.149	-0.301	0.147	0.00852	0.0235	0.00376	1.0	-0.22	2.74	1.00	0.00	0.16	111115
135	"11:32:44"	4266.0	0	8.1	0.0894	228	2.09	2.36	27.82	6	1.42	1	2.84	32.15	27.82	35.14	399.19	388.51	11.425	13.892	23.85	29.00	500.7	1699	3	100.5	0.149	-0.301	0.147	0.00852	0.0235	0.00376	1.0	-0.22	2.74	1.00	0.00	0.16	111115
136	"11:32:45"	4266.5	0	8.51	0.0934	227	2.18	2.36	27.82	6	1.42	1	2.84	32.15	27.82	35.15	399.66	388.44	11.322	13.895	23.63	29.00	500.8	1699	3	100.5	0.149	-0.301	0.147	0.00852	0.0235	0.00376	1.0	-0.22	2.74	1.00	0.00	0.16	111115
137	"11:32:45"	4267.0	0	8.6	0.0938	226	2.19	2.36	27.82	6	1.42	1	2.84	32.15	27.82	35.15	399.75	388.43	11.308	13.893	23.60	28.99	500.7	1699	3	100.5	0.149	-0.301	0.147	0.00852	0.0235	0.00376	1.0	-0.22	2.74	1.00	0.00	0.16	111115
138	"11:32:46"	4267.5	0	8.54	0.0939	227	2.19	2.36	27.82	6	1.42	1	2.84	32.16	27.82	35.15	399.74	388.49	11.305	13.894	23.59	28.99	500.7	1699	3	100.5	0.149	-0.301	0.147	0.00852	0.0235	0.00376	1.0	-0.22	2.74	1.00	0.00	0.16	111115
139	"11:32:46"	4268.0	0	8.53	0.0939	227	2.19	2.36	27.83	6	1.42	1	2.84	32.16	27.83	35.15	399.76	388.52	11.304	13.894	23.58	28.98	500.7	1699	3	100.5	0.149	-0.301	0.147	0.00852	0.0235	0.00376	1.0	-0.22	2.74	1.00	0.00	0.16	111115
140	"11:32:47"	4268.5	0	8.46	0.0941	229	2.2	2.36	27.83	6	1.42	1	2.84	32.16	27.83	35.15	399.78	388.61	11.303	13.898	23.58	28.99	500.7	1699	3	100.5	0.149	-0.301	0.147	0.00852	0.0235	0.00376	1.0	-0.22	2.74	1.00	0.00	0.16	111115
141	"11:32:47"	4269.0	0	8.38	0.0942	230	2.2	2.36	27.84	6	1.42	1	2.84	32.17	27.84	35.15	399.79	388.72	11.304	13.901	23.57	28.99	500.7	1699	3	100.5	0.149	-0.301	0.147	0.00852	0.0235	0.00376	1.0	-0.22	2.74	1.00	0.00	0.16	111115
142	"11:32:48"	4269.5	0	8.3	0.0941	232	2.2	2.36	27.84	6	1.42	1	2.84	32.17	27.84	35.15	399.77	388.81	11.302	13.899	23.57	28.98	500.7	1699	3	100.5	0.149	-0.301	0.147	0.00852	0.0235	0.00376	1.0	-0.22	2.74	1.00	0.00	0.16	111115
143	"11:32:48"	4270.0	0	8.27	0.0941	232	2.2	2.36	27.85	6	1.42	1	2.84	32.17	27.85	35.15	399.78	388.85	11.302	13.901	23.56	28.98	500.7	1699	3	100.5	0.149	-0.301	0.147	0.00852	0.0235	0.00376	1.0	-0.22	2.74	1.00	0.00	0.16	111115
144	"11:32:49"	4270.5	0	8.11	0.094	235	2.2	2.37	27.86	6	1.42	1	2.84	32.17	27.86	35.15	399.75	389.00	11.302	13.901	23.56	28.97	500.7	1699	3	100.5	0.149	-0.301	0.147	0.00852	0.0235	0.00376	1.0	-0.22	2.74	1.00	0.00	0.16	111115
145	"11:32:49"	4271.0	0	8.11	0.0942	235	2.2	2.37	27.87	6	1.42	1	2.84	32.18	27.87	35.15	399.78	389.04	11.302	13.908	23.55	28.98	500.7	1699	3	100.5	0.149	-0.301	0.147	0.00852	0.0235	0.00376	1.0	-0.22	2.74	1.00	0.00	0.16	111115
146	"11:32:50"	4271.5	0	8.09	0.094	235	2.2	2.37	27.88	6	1.42	1	2.84	32.18	27.88	35.15	399.79	389.08	11.304	13.905	23.55	28.97	500.7	1699	3	100.5	0.149	-0.301	0.147	0.00852	0.0235	0.00376	1.0	-0.22	2.74	1.00	0.00	0.16	111115
147	"11:32:51"	4272.0	0	8.12	0.0939	235	2.2	2.37	27.89	6	1.42	1	2.84	32.18	27.89	35.15	399.83	389.08	11.304	13.906	23.55	28.97	500.7	1698	3	100.5	0.149	-0.301	0.147	0.00852	0.0235	0.00376	1.0	-0.22	2.74	1.00	0.00	0.16	111115
148	"11:32:51"	4272.5	0	8.19	0.0939	233	2.2	2.37	27.89	6	1.42	1	2.84	32.19	27.89	35.15	399.83	388.98	11.304	13.906	23.54	28.96	500.7	1698	3	100.5	0.149	-0.301	0.147	0.00852	0.0235	0.00376	1.0	-0.22	2.74	1.00	0.00	0.16	111115
149	"11:32:52"	4273.0	0	8.18	0.0938	233	2.2	2.37	27.90	6	1.42	1	2.84	32.19	27.90	35.15	399.83	389.00	11.304	13.906	23.54	28.96	500.7	1698	3	100.5	0.149	-0.301	0.147	0.00852	0.0235	0.00376	1.0	-0.22	2.74	1.00	0.00	0.16	111115
150	"11:32:52"	4273.5	0	8.2	0.0938	233	2.2	2.38	27.90	6	1.42	1	2.84	32.19	27.90	35.15	399.82	388.97	11.304	13.906	23.54	28.96	500.7	1698	3	100.5	0.149	-0.301	0.147	0.00852	0.0235	0.00376	1.0	-0.22	2.74	1.00	0.00	0.16	111115
"11:33:12 Coolers: Tblock -> 40.00 C"
"11:36:02 Flow: Fixed -> 500 umol/s"
151	"11:36:04"	4466.0	0	6.68	0.071	222	2.09	2.95	30.45	6	1.42	1	2.84	36.64	30.45	40.13	399.15	390.17	11.641	14.115	18.93	22.96	500.7	1699	3	100.5	0.213	-0.297	0.109	0.00148	0.08	0.000986	1.0	-0.22	2.74	1.00	0.00	0.16	111115
152	"11:36:05"	4466.0	0	6.68	0.071	222	2.09	2.95	30.45	6	1.42	1	2.84	36.64	30.45	40.13	399.15	390.17	11.641	14.115	18.93	22.96	500.7	1699	3	100.5	0.213	-0.297	0.109	0.00148	0.08	0.000986	1.0	-0.22	2.74	1.00	0.00	0.16	111115
153	"11:36:05"	4466.5	0	6.75	0.0722	223	2.13	2.95	30.44	6	1.42	1	2.84	36.64	30.44	40.13	399.33	390.25	11.594	14.110	18.85	22.94	500.6	1699	3	100.5	0.213	-0.297	0.109	0.00148	0.08	0.000986	1.0	-0.22	2.74	1.00	0.00	0.16	111115
154	"11:36:06"	4467.0	0	6.88	0.0731	222	2.15	2.95	30.43	6	1.42	1	2.84	36.64	30.43	40.13	399.48	390.23	11.561	14.107	18.80	22.94	500.6	1699	3	100.5	0.213	-0.297	0.109	0.00148	0.08	0.000986	1.0	-0.22	2.74	1.00	0.00	0.16	111115
155	"11:36:06"	4467.5	0	7.01	0.0738	220	2.17	2.95	30.43	6	1.42	1	2.84	36.64	30.43	40.13	399.60	390.19	11.537	14.105	18.76	22.93	500.7	1699	3	100.5	0.213	-0.297	0.109	0.00148	0.08	0.000986	1.0	-0.22	2.74	1.00	0.00	0.16	111115
156	"11:36:07"	4468.0	0	7.11	0.0742	219	2.18	2.95	30.42	6	1.42	1	2.84	36.64	30.42	40.13	399.69	390.15	11.520	14.098	18.73	22.92	500.7	1699	3	100.5	0.213	-0.297	0.109	0.00148	0.08	0.000986	1.0	-0.22	2.74	1.00	0.00	0.16	111115
157	"11:36:08"	4468.5	0	7.35	0.0772	220	2.27	2.94	30.40	6	1.42	1	2.84	36.64	30.40	40.13	400.09	390.22	11.414	14.090	18.56	22.91	500.7	1699	3	100.5	0.213	-0.297	0.109	0.00148	0.08	0.000986	1.0	-0.22	2.74	1.00	0.00	0.16	111115
158	"11:36:08"	4469.0	0	7.42	0.0773	218	2.27	2.94	30.39	6	1.42	1	2.84	36.65	30.39	40.13	400.16	390.21	11.402	14.081	18.53	22.89	500.6	1699	2	100.5	0.213	-0.297	0.109	0.00148	0.08	0.000986	1.0	-0.22	2.74	1.00	0.00	0.16	111115
159	"11:36:09"	4469.5	0	7.44	0.0772	218	2.26	2.94	30.38	6	1.42	1	2.84	36.65	30.38	40.13	400.23	390.26	11.400	14.074	18.53	22.87	500.6	1699	2	100.5	0.213	-0.297	0.109	0.00148	0.08	0.000986	1.0	-0.22	2.74	1.00	0.00	0.16	111115
160	"11:36:09"	4470.0	0	7.47	0.0771	217	2.26	2.94	30.37	6	1.42	1	2.84	36.65	30.37	40.13	400.29	390.28	11.399	14.069	18.52	22.86	500.7	1699	2	100.5	0.213	-0.297	0.109	0.00148	0.08	0.000986	1.0	-0.22	2.74	1.00	0.00	0.16	111115
161	"11:36:10"	4470.5	0	7.52	0.077	216	2.26	2.94	30.38	6	1.42	1	2.84	36.65	30.38	40.13	400.34	390.26	11.398	14.066	18.52	22.85	500.7	1699	2	100.5	0.213	-0.297	0.109	0.00148	0.08	0.000986	1.0	-0.22	2.74	1.00	0.00	0.16	111115
162	"11:36:10"	4471.0	0	7.53	0.0768	215	2.26	2.94	30.39	6	1.42	1	2.84	36.65	30.39	40.13	400.36	390.28	11.398	14.062	18.52	22.85	500.7	1699	2	100.5	0.213	-0.297	0.109	0.00148	0.08	0.000986	1.0	-0.22	2.74	1.00	0.00	0.16	111115
163	"11:36:11"	4471.5	0	7.48	0.0766	216	2.25	2.95	30.41	6	1.42	1	2.84	36.66	30.41	40.13	400.38	390.36	11.399	14.061	18.52	22.84	500.6	1699	2	100.5	0.213	-0.297	0.109	0.00148	0.08	0.000986	1.0	-0.22	2.74	1.00	0.00	0.16	111115
164	"11:36:12"	4472.0	0	7.4	0.0765	217	2.26	2.96	30.44	6	1.42	1	2.84	36.66	30.44	40.13	400.39	390.46	11.398	14.064	18.51	22.84	500.6	1699	2	100.5	0.213	-0.297	0.109	0.00148	0.08	0.000986	1.0	-0.22	2.74	1.00	0.00	0.16	111115
165	"11:36:12"	4473.0	0	7.36	0.0762	218	2.26	2.97	30.51	6	1.42	1	2.84	36.66	30.51	40.13	400.40	390.52	11.398	14.068	18.51	22.84	500.7	1699	2	100.5	0.213	-0.297	0.109	0.00148	0.08	0.000986	1.0	-0.22	2.74	1.00	0.00	0.16	111115
166	"11:36:13"	4473.5	0	7.34	0.0761	218	2.26	2.98	30.54	6	1.42	1	2.84	36.66	30.54	40.13	400.37	390.51	11.398	14.072	18.51	22.85	500.7	1699	2	100.5	0.213	-0.297	0.109	0.00148	0.08	0.000986	1.0	-0.22	2.74	1.00	0.00	0.16	111115
167	"11:36:14"	4474.5	0	7.25	0.0757	219	2.27	3	30.61	6	1.42	1	2.84	36.67	30.61	40.13	400.29	390.54	11.399	14.076	18.50	22.85	500.7	1699	2	100.5	0.213	-0.297	0.109	0.00148	0.08	0.000986	1.0	-0.22	2.74	1.00	0.00	0.16	111115
168	"11:36:26"	4487.5	0	7.21	0.0756	219	2.32	3.07	30.94	6	1.42	1	2.84	36.72	30.94	40.14	400.37	390.64	11.403	14.145	18.46	22.89	500.7	1700	3	100.5	0.213	-0.297	0.109	0.00148	0.08	0.000986	1.0	-0.22	2.74	1.00	0.00	0.16	111115
169	"11:36:26"	4487.5	0	7.21	0.0756	219	2.32	3.07	30.94	6	1.42	1	2.84	36.72	30.94	40.14	400.37	390.64	11.403	14.145	18.46	22.89	500.7	1700	3	100.5	0.213	-0.297	0.109	0.00148	0.08	0.000986	1.0	-0.22	2.74	1.00	0.00	0.16	111115
170	"11:36:27"	4488.0	0	7.14	0.0755	221	2.32	3.08	30.95	6	1.42	1	2.84	36.72	30.95	40.14	400.37	390.72	11.404	14.144	18.46	22.89	500.7	1700	3	100.5	0.213	-0.297	0.109	0.00148	0.08	0.000986	1.0	-0.22	2.74	1.00	0.00	0.16	111115
171	"11:36:27"	4488.5	0	7.13	0.0756	221	2.32	3.07	30.94	6	1.42	1	2.84	36.73	30.94	40.14	400.39	390.76	11.404	14.145	18.45	22.89	500.7	1700	3	100.5	0.213	-0.297	0.109	0.00148	0.08	0.000986	1.0	-0.22	2.74	1.00	0.00	0.16	111115
172	"11:36:28"	4489.0	0	7.16	0.0755	220	2.32	3.08	30.95	6	1.42	1	2.84	36.73	30.95	40.14	400.40	390.74	11.405	14.146	18.45	22.89	500.7	1700	3	100.5	0.213	-0.297	0.109	0.00148	0.08	0.000986	1.0	-0.22	2.74	1.00	0.00	0.16	111115
173	"11:36:28"	4489.5	0	7.25	0.0754	218	2.32	3.08	30.96	6	1.42	1	2.84	36.73	30.96	40.14	400.46	390.69	11.406	14.145	18.45	22.88	500.7	1700	3	100.5	0.213	-0.297	0.109	0.00148	0.08	0.000986	1.0	-0.22	2.74	1.00	0.00	0.16	111115
174	"11:36:29"	4490.0	0	7.28	0.0753	217	2.32	3.08	30.97	6	1.42	1	2.84	36.73	30.97	40.14	400.47	390.66	11.407	14.144	18.45	22.88	500.7	1700	2	100.5	0.213	-0.297	0.109	0.00148	0.08	0.000986	1.0	-0.22	2.74	1.00	0.00	0.16	111115
175	"11:36:29"	4490.5	0	7.29	0.0754	217	2.32	3.08	30.97	6	1.42	1	2.84	36.74	30.97	40.14	400.45	390.63	11.407	14.150	18.45	22.89	500.6	1700	2	100.5	0.213	-0.297	0.109	0.00148	0.08	0.000986	1.0	-0.22	2.74	1.00	0.00	0.16	111115
176	"11:36:30"	4491.0	0	7.32	0.0754	216	2.32	3.08	30.98	6	1.42	1	2.84	36.74	30.98	40.14	400.49	390.63	11.408	14.151	18.45	22.88	500.6	1700	3	100.5	0.213	-0.297	0.109	0.00148	0.08	0.000986	1.0	-0.22	2.74	1.00	0.00	0.16	111115
177	"11:36:31"	4491.5	0	7.33	0.0754	216	2.32	3.09	30.99	6	1.42	1	2.84	36.74	30.99	40.14	400.52	390.65	11.410	14.153	18.45	22.89	500.6	1700	2	100.5	0.213	-0.297	0.109	0.00148	0.08	0.000986	1.0	-0.22	2.74	1.00	0.00	0.16	111115
178	"11:36:31"	4492.0	0	7.34	0.0754	216	2.32	3.09	31.00	6	1.42	1	2.84	36.74	31.00	40.14	400.53	390.64	11.410	14.156	18.45	22.89	500.6	1700	2	100.5	0.213	-0.297	0.109	0.00148	0.08	0.000986	1.0	-0.22	2.74	1.00	0.00	0.16	111115
179	"11:36:32"	4492.5	0	7.33	0.0753	216	2.32	3.09	31.01	6	1.42	1	2.84	36.74	31.01	40.14	400.51	390.64	11.410	14.156	18.45	22.89	500.6	1700	2	100.5	0.213	-0.297	0.109	0.00148	0.08	0.000986	1.0	-0.22	2.74	1.00	0.00	0.16	111115
180	"11:36:32"	4493.0	0	7.31	0.0753	216	2.33	3.09	31.02	6	1.42	1	2.84	36.74	31.02	40.14	400.52	390.67	11.409	14.157	18.44	22.89	500.6	1700	2	100.5	0.213	-0.297	0.109	0.00148	0.08	0.000986	1.0	-0.22	2.74	1.00	0.00	0.16	111115
181	"11:36:33"	4493.5	0	7.28	0.0753	217	2.33	3.1	31.03	6	1.42	1	2.84	36.75	31.03	40.14	400.48	390.67	11.409	14.159	18.44	22.89	500.6	1700	2	100.5	0.213	-0.297	0.109	0.00148	0.08	0.000986	1.0	-0.22	2.74	1.00	0.00	0.16	111115
182	"11:36:33"	4494.0	0	7.26	0.0753	217	2.33	3.1	31.04	6	1.42	1	2.84	36.75	31.04	40.14	400.48	390.68	11.410	14.161	18.44	22.89	500.6	1700	2	100.5	0.213	-0.297	0.109	0.00148	0.08	0.000986	1.0	-0.22	2.74	1.00	0.00	0.16	111115
183	"11:36:34"	4494.5	0	7.29	0.0752	217	2.33	3.1	31.05	6	1.42	1	2.84	36.75	31.05	40.14	400.52	390.69	11.410	14.162	18.44	22.89	500.6	1700	2	100.5	0.213	-0.297	0.109	0.00148	0.08	0.000986	1.0	-0.22	2.74	1.00	0.00	0.16	111115
184	"11:36:34"	4495.5	0	7.32	0.0753	216	2.33	3.1	31.05	6	1.42	1	2.84	36.75	31.05	40.14	400.54	390.68	11.410	14.165	18.44	22.89	500.6	1700	2	100.5	0.213	-0.297	0.109	0.00148	0.08	0.000986	1.0	-0.22	2.74	1.00	0.00	0.16	111115
185	"11:36:35"	4496.0	0	7.34	0.0752	215	2.33	3.1	31.06	6	1.42	1	2.84	36.76	31.06	40.14	400.52	390.63	11.411	14.163	18.43	22.88	500.6	1700	3	100.5	0.213	-0.297	0.109	0.00148	0.08	0.000986	1.0	-0.22	2.74	1.00	0.00	0.16	111115
186	"11:36:36"	4496.5	0	7.35	0.0751	215	2.33	3.1	31.07	6	1.42	1	2.84	36.76	31.07	40.14	400.53	390.63	11.413	14.164	18.44	22.88	500.7	1700	2	100.5	0.213	-0.297	0.109	0.00148	0.08	0.000986	1.0	-0.22	2.74	1.00	0.00	0.16	111115
187	"11:36:36"	4497.0	0	7.3	0.075	216	2.33	3.11	31.08	6	1.42	1	2.84	36.76	31.08	40.14	400.52	390.68	11.413	14.164	18.44	22.88	500.7	1700	2	100.5	0.213	-0.297	0.109	0.00148	0.08	0.000986	1.0	-0.22	2.74	1.00	0.00	0.16	111115
188	"11:36:37"	4497.5	0	7.29	0.075	216	2.33	3.11	31.08	6	1.42	1	2.84	36.76	31.08	40.14	400.52	390.70	11.414	14.164	18.43	22.88	500.7	1700	2	100.5	0.213	-0.297	0.109	0.00148	0.08	0.000986	1.0	-0.22	2.74	1.00	0.00	0.16	111115
189	"11:36:37"	4498.0	0	7.38	0.0749	214	2.33	3.11	31.09	6	1.42	1	2.84	36.76	31.09	40.14	400.54	390.60	11.413	14.163	18.43	22.87	500.6	1700	2	100.5	0.213	-0.297	0.109	0.00148	0.08	0.000986	1.0	-0.22	2.74	1.00	0.00	0.16	111115
190	"11:36:38"	4498.5	0	7.35	0.0751	215	2.33	3.11	31.09	6	1.42	1	2.84	36.77	31.09	40.14	400.54	390.64	11.413	14.169	18.43	22.88	500.6	1700	2	100.5	0.213	-0.297	0.109	0.00148	0.08	0.000986	1.0	-0.22	2.74	1.00	0.00	0.16	111115
191	"11:36:38"	4499.5	0	7.19	0.0751	219	2.33	3.11	31.10	6	1.42	1	2.84	36.77	31.10	40.14	400.49	390.78	11.413	14.170	18.43	22.88	500.7	1700	2	100.5	0.213	-0.297	0.109	0.00148	0.08	0.000986	1.0	-0.22	2.74	1.00	0.00	0.16	111115
192	"11:36:39"	4500.0	0	7.07	0.0751	221	2.33	3.11	31.10	6	1.42	1	2.84	36.77	31.10	40.14	400.42	390.86	11.414	14.173	18.43	22.88	500.7	1700	2	100.5	0.213	-0.297	0.109	0.00148	0.08	0.000986	1.0	-0.22	2.74	1.00	0.00	0.16	111115
193	"11:36:40"	4500.5	0	7	0.0751	223	2.34	3.11	31.11	6	1.42	1	2.84	36.77	31.11	40.14	400.37	390.89	11.413	14.175	18.42	22.88	500.6	1700	2	100.5	0.213	-0.297	0.109	0.00148	0.08	0.000986	1.0	-0.22	2.74	1.00	0.00	0.16	111115
194	"11:36:41"	4501.0	0	7.03	0.0751	222	2.34	3.11	31.11	6	1.42	1	2.84	36.77	31.11	40.14	400.36	390.85	11.413	14.174	18.42	22.88	500.6	1700	2	100.5	0.213	-0.297	0.109	0.00148	0.08	0.000986	1.0	-0.22	2.74	1.00	0.00	0.16	111115
195	"11:36:41"	4501.5	0	7.03	0.075	222	2.33	3.12	31.11	6	1.42	1	2.84	36.78	31.11	40.14	400.33	390.81	11.415	14.172	18.42	22.87	500.7	1700	2	100.5	0.213	-0.297	0.109	0.00148	0.08	0.000986	1.0	-0.22	2.74	1.00	0.00	0.16	111115
196	"11:36:42"	4502.5	0	6.83	0.0748	226	2.33	3.12	31.12	6	1.42	1	2.84	36.78	31.12	40.14	400.21	390.94	11.416	14.168	18.42	22.86	500.7	1700	3	100.5	0.213	-0.297	0.109	0.00148	0.08	0.000986	1.0	-0.22	2.74	1.00	0.00	0.16	111115
"11:36:59 Coolers: Tblock -> 45.00 C"
"11:40:49 Flow: Fixed -> 500 umol/s"
197	"11:40:59"	4760.5	0	5.39	0.0619	231	2.41	3.87	33.89	6	1.42	1	2.84	41.19	33.89	45.18	399.93	392.34	11.483	14.333	14.62	18.24	500.5	1700	3	100.5	0.306	-0.301	0.0523	0.00197	0.0616	0.000918	1.0	-0.22	2.74	1.00	0.00	0.16	111115
198	"11:40:59"	4760.5	0	5.39	0.0619	231	2.41	3.87	33.89	6	1.42	1	2.84	41.19	33.89	45.18	399.93	392.34	11.483	14.333	14.62	18.24	500.5	1700	3	100.5	0.306	-0.301	0.0523	0.00197	0.0616	0.000918	1.0	-0.22	2.74	1.00	0.00	0.16	111115
199	"11:41:00"	4761.0	0	5.42	0.0618	230	2.41	3.87	33.90	6	1.42	1	2.84	41.19	33.90	45.18	399.97	392.35	11.483	14.331	14.61	18.24	500.6	1699	3	100.5	0.306	-0.301	0.0523	0.00197	0.0616	0.000918	1.0	-0.22	2.74	1.00	0.00	0.16	111115
200	"11:41:00"	4761.5	0	5.46	0.0618	229	2.41	3.87	33.90	6	1.42	1	2.84	41.19	33.90	45.18	400.01	392.34	11.484	14.332	14.61	18.24	500.6	1699	3	100.5	0.306	-0.301	0.0523	0.00197	0.0616	0.000918	1.0	-0.22	2.74	1.00	0.00	0.16	111115
201	"11:41:01"	4762.0	0	5.6	0.0618	225	2.41	3.87	33.91	6	1.42	1	2.84	41.20	33.91	45.18	400.06	392.21	11.483	14.333	14.61	18.24	500.6	1699	3	100.5	0.306	-0.301	0.0523	0.00197	0.0616	0.000918	1.0	-0.22	2.74	1.00	0.00	0.16	111115
202	"11:41:01"	4762.5	0	5.54	0.0618	227	2.41	3.87	33.90	6	1.42	1	2.84	41.20	33.90	45.17	400.08	392.30	11.484	14.334	14.61	18.24	500.6	1699	3	100.5	0.306	-0.301	0.0523	0.00197	0.0616	0.000918	1.0	-0.22	2.74	1.00	0.00	0.16	111115
203	"11:41:02"	4763.0	0	5.66	0.0618	223	2.41	3.87	33.90	6	1.42	1	2.84	41.20	33.90	45.17	400.11	392.19	11.483	14.333	14.61	18.23	500.6	1699	3	100.5	0.306	-0.301	0.0523	0.00197	0.0616	0.000918	1.0	-0.22	2.74	1.00	0.00	0.16	111115
204	"11:41:03"	4763.5	0	5.72	0.0617	222	2.41	3.88	33.91	6	1.42	1	2.84	41.20	33.91	45.17	400.18	392.19	11.483	14.330	14.61	18.23	500.6	1699	3	100.5	0.306	-0.301	0.0523	0.00197	0.0616	0.000918	1.0	-0.22	2.74	1.00	0.00	0.16	111115
205	"11:41:03"	4764.0	0	5.74	0.0617	221	2.41	3.88	33.91	6	1.42	1	2.84	41.20	33.91	45.16	400.18	392.16	11.483	14.327	14.61	18.22	500.6	1699	3	100.5	0.306	-0.301	0.0523	0.00197	0.0616	0.000918	1.0	-0.22	2.74	1.00	0.00	0.16	111115
206	"11:41:04"	4764.5	0	5.73	0.0616	221	2.4	3.88	33.91	6	1.42	1	2.84	41.20	33.91	45.16	400.17	392.17	11.484	14.324	14.61	18.22	500.6	1699	3	100.5	0.306	-0.301	0.0523	0.00197	0.0616	0.000918	1.0	-0.22	2.74	1.00	0.00	0.16	111115
207	"11:41:04"	4765.0	0	5.76	0.0616	220	2.41	3.87	33.90	6	1.42	1	2.84	41.20	33.90	45.16	400.15	392.11	11.483	14.324	14.60	18.22	500.6	1699	3	100.5	0.306	-0.301	0.0523	0.00197	0.0616	0.000918	1.0	-0.22	2.74	1.00	0.00	0.16	111115
208	"11:41:05"	4765.5	0	5.72	0.0616	221	2.41	3.87	33.91	6	1.42	1	2.84	41.20	33.91	45.16	400.12	392.14	11.482	14.324	14.60	18.22	500.6	1699	3	100.5	0.306	-0.301	0.0523	0.00197	0.0616	0.000918	1.0	-0.22	2.74	1.00	0.00	0.16	111115
209	"11:41:05"	4766.0	0	5.68	0.0616	222	2.4	3.88	33.91	6	1.42	1	2.84	41.20	33.91	45.15	400.12	392.19	11.482	14.323	14.60	18.21	500.6	1699	3	100.5	0.306	-0.301	0.0523	0.00197	0.0616	0.000918	1.0	-0.22	2.74	1.00	0.00	0.16	111115
210	"11:41:06"	4766.5	0	5.73	0.0616	221	2.41	3.88	33.92	6	1.42	1	2.84	41.21	33.92	45.15	400.11	392.11	11.482	14.325	14.60	18.22	500.6	1699	3	100.5	0.306	-0.301	0.0523	0.00197	0.0616	0.000918	1.0	-0.22	2.74	1.00	0.00	0.16	111115
211	"11:41:06"	4767.0	0	5.69	0.0616	222	2.41	3.88	33.92	6	1.42	1	2.84	41.21	33.92	45.15	400.12	392.17	11.484	14.327	14.60	18.22	500.6	1699	3	100.5	0.306	-0.301	0.0523	0.00197	0.0616	0.000918	1.0	-0.22	2.74	1.00	0.00	0.16	111115
212	"11:41:07"	4767.5	0	5.68	0.0616	222	2.41	3.88	33.92	6	1.42	1	2.84	41.21	33.92	45.15	400.13	392.20	11.484	14.327	14.60	18.22	500.6	1699	3	100.5	0.306	-0.301	0.0523	0.00197	0.0616	0.000918	1.0	-0.22	2.74	1.00	0.00	0.16	111115
213	"11:41:07"	4768.0	0	5.65	0.0616	223	2.41	3.88	33.92	6	1.42	1	2.84	41.21	33.92	45.15	400.15	392.25	11.483	14.324	14.60	18.21	500.6	1699	3	100.5	0.306	-0.301	0.0523	0.00197	0.0616	0.000918	1.0	-0.22	2.74	1.00	0.00	0.16	111115
214	"11:41:08"	4769.5	0	5.65	0.0615	223	2.4	3.88	33.92	6	1.42	1	2.84	41.22	33.92	45.15	400.22	392.31	11.486	14.326	14.60	18.21	500.6	1699	2	100.5	0.306	-0.301	0.0523	0.00197	0.0616	0.000918	1.0	-0.22	2.74	1.00	0.00	0.16	111115
215	"11:41:09"	4769.5	0	5.65	0.0615	223	2.4	3.88	33.92	6	1.42	1	2.84	41.22	33.92	45.15	400.22	392.31	11.486	14.326	14.60	18.21	500.6	1699	2	100.5	0.306	-0.301	0.0523	0.00197	0.0616	0.000918	1.0	-0.22	2.74	1.00	0.00	0.16	111115
"11:41:22 Coolers: Tblock -> 50.00 C"
"11:47:44 Flow: Fixed -> 500 umol/s"
216	"11:47:48"	5169.5	0	4.23	0.0501	233	2.31	4.55	36.07	6	1.42	1	2.84	45.20	36.07	49.92	399.75	393.59	11.619	14.351	11.99	14.81	500.5	1698	3	100.5	0.28	-0.311	0.0797	0.00482	0.0223	0.00335	1.0	-0.22	2.74	1.00	0.00	0.16	111115
217	"11:47:49"	5169.5	0	4.23	0.0501	233	2.31	4.55	36.07	6	1.42	1	2.84	45.20	36.07	49.92	399.75	393.59	11.619	14.351	11.99	14.81	500.5	1698	3	100.5	0.28	-0.311	0.0797	0.00482	0.0223	0.00335	1.0	-0.22	2.74	1.00	0.00	0.16	111115
218	"11:47:49"	5170.0	0	4.25	0.0504	233	2.33	4.55	36.08	6	1.42	1	2.84	45.20	36.08	49.92	399.80	393.61	11.602	14.352	11.97	14.81	500.5	1698	3	100.5	0.28	-0.311	0.0797	0.00482	0.0223	0.00335	1.0	-0.22	2.74	1.00	0.00	0.16	111115
219	"11:47:50"	5170.5	0	4.41	0.0524	233	2.42	4.55	36.08	6	1.42	1	2.84	45.21	36.08	49.91	400.02	393.60	11.496	14.352	11.86	14.81	500.6	1698	3	100.5	0.28	-0.311	0.0797	0.00482	0.0223	0.00335	1.0	-0.22	2.74	1.00	0.00	0.16	111115
220	"11:47:50"	5171.0	0	4.4	0.0526	234	2.43	4.55	36.09	6	1.42	1	2.84	45.21	36.09	49.91	400.05	393.62	11.485	14.355	11.85	14.81	500.5	1699	3	100.5	0.28	-0.311	0.0797	0.00482	0.0223	0.00335	1.0	-0.22	2.74	1.00	0.00	0.16	111115
221	"11:47:51"	5171.5	0	4.35	0.0526	235	2.43	4.56	36.10	6	1.42	1	2.84	45.21	36.10	49.91	400.04	393.68	11.483	14.355	11.85	14.81	500.5	1699	3	100.5	0.28	-0.311	0.0797	0.00482	0.0223	0.00335	1.0	-0.22	2.74	1.00	0.00	0.16	111115
222	"11:47:51"	5172.0	0	4.32	0.0526	237	2.43	4.56	36.11	6	1.42	1	2.84	45.22	36.11	49.91	400.01	393.68	11.483	14.359	11.84	14.81	500.5	1699	3	100.5	0.28	-0.311	0.0797	0.00482	0.0223	0.00335	1.0	-0.22	2.74	1.00	0.00	0.16	111115
223	"11:47:52"	5172.5	0	4.32	0.0526	237	2.43	4.56	36.11	6	1.42	1	2.84	45.22	36.11	49.90	400.02	393.70	11.482	14.360	11.84	14.81	500.5	1699	3	100.5	0.28	-0.311	0.0797	0.00482	0.0223	0.00335	1.0	-0.22	2.74	1.00	0.00	0.16	111115
224	"11:47:53"	5173.0	0	4.3	0.0526	237	2.43	4.56	36.11	6	1.42	1	2.84	45.22	36.11	49.90	400.00	393.70	11.481	14.358	11.84	14.80	500.5	1699	3	100.5	0.28	-0.311	0.0797	0.00482	0.0223	0.00335	1.0	-0.22	2.74	1.00	0.00	0.16	111115
225	"11:47:53"	5174.0	0	4.24	0.0527	239	2.44	4.56	36.10	6	1.42	1	2.84	45.23	36.10	49.89	399.94	393.71	11.480	14.357	11.83	14.80	500.5	1700	3	100.5	0.28	-0.311	0.0797	0.00482	0.0223	0.00335	1.0	-0.22	2.74	1.00	0.00	0.16	111115
226	"11:47:54"	5174.5	0	4.2	0.0527	240	2.44	4.56	36.10	6	1.42	1	2.84	45.23	36.10	49.89	399.96	393.77	11.479	14.357	11.83	14.79	500.5	1700	3	100.5	0.28	-0.311	0.0797	0.00482	0.0223	0.00335	1.0	-0.22	2.74	1.00	0.00	0.16	111115
227	"11:47:54"	5175.0	0	4.28	0.0527	238	2.43	4.56	36.09	6	1.42	1	2.84	45.24	36.09	49.89	400.00	393.73	11.479	14.356	11.83	14.79	500.5	1700	3	100.5	0.28	-0.311	0.0797	0.00482	0.0223	0.00335	1.0	-0.22	2.74	1.00	0.00	0.16	111115
228	"11:47:55"	5175.5	0	4.34	0.0527	236	2.44	4.56	36.10	6	1.42	1	2.84	45.24	36.10	49.89	400.03	393.68	11.479	14.357	11.82	14.79	500.5	1700	3	100.5	0.28	-0.311	0.0797	0.00482	0.0223	0.00335	1.0	-0.22	2.74	1.00	0.00	0.16	111115
229	"11:47:55"	5176.0	0	4.44	0.0527	233	2.44	4.56	36.10	6	1.42	1	2.84	45.25	36.10	49.89	400.08	393.62	11.478	14.358	11.82	14.79	500.5	1700	3	100.5	0.28	-0.311	0.0797	0.00482	0.0223	0.00335	1.0	-0.22	2.74	1.00	0.00	0.16	111115
230	"11:47:56"	5176.5	0	4.34	0.0527	236	2.44	4.56	36.12	6	1.42	1	2.84	45.25	36.12	49.89	400.09	393.74	11.478	14.361	11.82	14.79	500.5	1700	3	100.5	0.28	-0.311	0.0797	0.00482	0.0223	0.00335	1.0	-0.22	2.74	1.00	0.00	0.16	111115
231	"11:47:56"	5177.0	0	4.31	0.0527	237	2.44	4.57	36.12	6	1.42	1	2.84	45.25	36.12	49.89	400.08	393.76	11.477	14.363	11.82	14.79	500.5	1700	3	100.5	0.28	-0.311	0.0797	0.00482	0.0223	0.00335	1.0	-0.22	2.74	1.00	0.00	0.16	111115
