"OPEN 6.3.4"
"Sat Jul 21 2018 06:02:43"
<open><version>"6.3.4"</version></open>
<open><configfile>"/User/Configs/UserPrefs/LED2x3.xml"</configfile></open>
<open><light><source>"6400-02 or -02B LED Source"</source><par_in>1<sensor>"SI-2503"<cal>-0.86<actinity>1.00</actinity><transm>1.00</transm></cal></sensor><transm>1</transm></par_in><par_out>1<sensor>"Q40491"<cal>6.5</cal></sensor></par_out></light></open>
<open><comps><file>"/User/Configs/Comps/StdComps_6.1"<header>""</header><extras></extras></file><energybal>no<f_parIn>1</f_parIn><f_parOut>0</f_parOut><alphaK>0.16</alphaK></energybal><bc_total>2.840<stomatal_ratio>1</stomatal_ratio><bc_oneside>1.420<type>2</type><table>"/Sys/Lib/StdBLCTable"</table><area>6</area><slope>-0.219565</slope><offset>2.73739</offset><fan>5</fan></bc_oneside></bc_total></comps></open>
<open><prompts><onlog>off</onlog><items>"Default (none)"</items></prompts></open>
<open><constants><oxygen>21 %</oxygen><bb_vapor>1.5</bb_vapor><bb_oxy>0.9</bb_oxy></constants></open>
<open><stability><items>"Std Stability"<items[1]><id>-2</id><size>15</size><pcv><onoff>0</onoff><value>1</value></pcv><std><onoff>0</onoff><value>1</value></std><slp><onoff>1</onoff><value>1</value></slp></items[1]><items[2]><id>-5</id><size>15</size><pcv><onoff>0</onoff><value>1</value></pcv><std><onoff>0</onoff><value>1</value></std><slp><onoff>1</onoff><value>1</value></slp></items[2]><items[3]><id>-7</id><size>15</size><pcv><onoff>0</onoff><value>1</value></pcv><std><onoff>0</onoff><value>1</value></std><slp><onoff>1</onoff><value>1</value></slp></items[3]></items></stability></open>
<open><log><format>"StdLogFmt_6.0"<items>{ -35 -21 -70 -69 -76 30 23 36 21 25 221 -33 111 -34 11 -9 -10 -8 -1 -2 -4 -5 -14 -15 -7 -12 -13 -11 -65 -66 -72 -18 -19 -77 -78 -79 -23  }<hdr>{  }</hdr></items></format><options><beep>on</beep><match>"never"<time>30</time><co2>100</co2><delta>10</delta></match><hdr>normal</hdr><rem>normal</rem><stab>no</stab><stats>no<mean>no</mean><file>no</file><period>15</period></stats><excel>yes</excel><controls>yes</controls><comm>no</comm></options><datafile>"/User/0000-AAB0454-210718"</datafile><button><action>"Normal Log"<code>" LogOneObsManual "</code></action></button><autoprog>"/User/Configs/AutoProgs/AutoLog2"<active>no</active></autoprog></log></open>
<open><a2d><avgtime>4.0 secs</avgtime><userchans><ch20>"Off"</ch20><ch21>"Off"</ch21><ch22>"Off"</ch22><ch23>"Off"</ch23></userchans></a2d></open>
<open><matching><type>0</type><disp>'a'</disp><settings>><CO2Limit>10.0</CO2Limit><H2OLimit>1.0</H2OLimit><MaxAutoTime>60</MaxAutoTime><AverageTime>10</AverageTime></settings></matching></open>
<li6400><factory><unit>"PSC-2470"</unit><serviced>"5 Feb 2018"</serviced><fuseaware>0</fuseaware><co2mixer>yes</co2mixer><co2><coeffs>{ 0 0.214772 2.55802e-05 1.93228e-08 -3.02262e-12 2.75724e-16  }</coeffs><dvdt>-4</dvdt><xs>{ 9.11e-05 0.00178  }</xs></co2><h2o><coeffs>{ 0 0.00581526 2.16703e-06 7.69607e-12  }</coeffs><dvdt>-2.9</dvdt><xs>{ -0.000111 -0.00256  }</xs></h2o><flow>{ 0 0.3696  }</flow><press>{ 86.913 0.00551  }</press></factory></li6400>
<li6400><user><flow_zero>35.5</flow_zero><irga_zero><co2>113.5 152.5<at>27.1329</at></co2><h2o>-3.5 -3.5<at>28.1091</at></h2o></irga_zero><irga_span><co2>{ 0.990134 0.992694  }</co2><h2o>{ 0.996743 0.99801  }</h2o></irga_span><irga_match><co2>{ 0.110267 5.15457  }</co2><h2o>{ -0.0816591 0.0288572  }</h2o></irga_match><co2_mixer><pump_mv>4500</pump_mv><ppm>{ 2352.67 1117.67 439.284 266.3 121.188 70.6751 48.8233 48.8102  }</ppm><mv>{ 5000 3000 1500 1000 500 300 200 100  }</mv></co2_mixer><parin_offset>-0.211894</parin_offset><led_cal><unit>"SI-2503"</unit><mv>{ 10 25 50 100 1000 2000 3000 4000 5000  }</mv><qntm>{ 1.83047 9.20354 23.3042 57.5395 736.221 1467.2 2160.1 2821.48 3447.04  }</qntm></led_cal><lcf_cal><unit>"LCF-0981"</unit><red><mv>{ 50 100 200 400 800 1500  }</mv><qntm>{ 64.6036 145.758 312.409 661.73 1377.94 2641.23  }</qntm></red><blue><mv>{ 100 500 1000 2000 3000 4000 5000  }</mv><qntm>{ 11.107 44.4539 81.9578 145.168 203.372 256.093 300.56  }</qntm></blue></lcf_cal></user></li6400>
"06:02:45 "
$STARTOFDATA$
"Obs"	"HHMMSS"	"YYYYMMDD"	"DOY"	"EBal?"	"Photo"	"Cond"	"Ci"	"Trmmol"	"VpdL"	"CTleaf"	"Area"	"BLC_1"	"StmRat"	"BLCond"	"Tair"	"Tleaf"	"TBlk"	"CO2R"	"CO2S"	"H2OR"	"H2OS"	"RH_R"	"RH_S"	"Flow"	"PARi"	"PARo"	"Press"	"CsMch"	"HsMch"	"StableF"	"BLCslope"	"BLCoffst"	"f_parin"	"f_parout"	"alphaK"	"Status"
"06:02:54 Coolers: Tblock -> 0.00 C"
"06:11:55 Coolers: Tblock -> 0.24 C"
"06:14:00 Flow: Fixed -> 300 umol/s"
1	"06:14:09"	20180721	202	0	5.53	0.0466	193	0.333	0.726	6.97	6	1.42	1	2.84	2.45	6.97	0.31	400.17	388.85	2.098	2.762	28.86	37.98	300.2	1700	4	100.6	5.15	0.0289	1.0	-0.22	2.74	1.00	0.00	0.16	111115
2	"06:14:10"	20180721	202	0	5.53	0.0466	193	0.333	0.726	6.97	6	1.42	1	2.84	2.45	6.97	0.31	400.17	388.85	2.098	2.762	28.86	37.98	300.2	1700	4	100.6	5.15	0.0289	1.0	-0.22	2.74	1.00	0.00	0.16	111115
3	"06:14:10"	20180721	202	0	5.52	0.0466	193	0.333	0.725	6.96	6	1.42	1	2.84	2.45	6.96	0.31	400.16	388.87	2.099	2.762	28.86	37.98	300.1	1701	4	100.6	5.15	0.0289	1.0	-0.22	2.74	1.00	0.00	0.16	111115
4	"06:14:10"	20180721	202	0	5.52	0.0466	193	0.333	0.725	6.96	6	1.42	1	2.84	2.45	6.96	0.31	400.16	388.87	2.099	2.762	28.86	37.98	300.1	1701	4	100.6	5.15	0.0289	1.0	-0.22	2.74	1.00	0.00	0.16	111115
5	"06:14:11"	20180721	202	0	5.54	0.0466	193	0.333	0.726	6.97	6	1.42	1	2.84	2.45	6.97	0.31	400.19	388.86	2.099	2.763	28.87	38.00	300.1	1700	4	100.6	5.15	0.0289	1.0	-0.22	2.74	1.00	0.00	0.16	111115
6	"06:14:11"	20180721	202	0	5.54	0.0467	193	0.333	0.726	6.98	6	1.42	1	2.84	2.45	6.98	0.31	400.21	388.88	2.100	2.764	28.88	38.02	300.1	1701	4	100.6	5.15	0.0289	1.0	-0.22	2.74	1.00	0.00	0.16	111115
7	"06:14:12"	20180721	202	0	5.52	0.0467	194	0.333	0.726	6.97	6	1.42	1	2.84	2.45	6.97	0.31	400.21	388.90	2.100	2.765	28.89	38.02	300.1	1701	4	100.6	5.15	0.0289	1.0	-0.22	2.74	1.00	0.00	0.16	111115
8	"06:14:12"	20180721	202	0	5.52	0.0467	194	0.333	0.726	6.97	6	1.42	1	2.84	2.45	6.97	0.31	400.21	388.90	2.100	2.765	28.89	38.02	300.1	1701	4	100.6	5.15	0.0289	1.0	-0.22	2.74	1.00	0.00	0.16	111115
9	"06:14:12"	20180721	202	0	5.52	0.0468	194	0.334	0.725	6.96	6	1.42	1	2.84	2.45	6.96	0.31	400.22	388.92	2.100	2.765	28.88	38.03	300.2	1701	4	100.6	5.15	0.0289	1.0	-0.22	2.74	1.00	0.00	0.16	111115
10	"06:14:13"	20180721	202	0	5.51	0.0467	194	0.333	0.724	6.95	6	1.42	1	2.84	2.45	6.95	0.31	400.23	388.96	2.100	2.764	28.89	38.01	300.1	1701	4	100.6	5.15	0.0289	1.0	-0.22	2.74	1.00	0.00	0.16	111115
11	"06:14:13"	20180721	202	0	5.53	0.0469	194	0.334	0.724	6.95	6	1.42	1	2.84	2.45	6.95	0.31	400.25	388.94	2.099	2.765	28.87	38.03	300.1	1701	4	100.6	5.15	0.0289	1.0	-0.22	2.74	1.00	0.00	0.16	111115
12	"06:14:13"	20180721	202	0	5.53	0.0469	194	0.334	0.724	6.95	6	1.42	1	2.84	2.45	6.95	0.31	400.25	388.94	2.099	2.765	28.87	38.03	300.1	1701	4	100.6	5.15	0.0289	1.0	-0.22	2.74	1.00	0.00	0.16	111115
13	"06:14:14"	20180721	202	0	5.56	0.0469	194	0.334	0.723	6.93	6	1.42	1	2.84	2.45	6.93	0.31	400.29	388.93	2.100	2.765	28.88	38.03	300.1	1701	4	100.6	5.15	0.0289	1.0	-0.22	2.74	1.00	0.00	0.16	111115
14	"06:14:14"	20180721	202	0	5.6	0.0471	193	0.334	0.722	6.92	6	1.42	1	2.84	2.45	6.92	0.31	400.33	388.88	2.100	2.766	28.88	38.04	300.2	1701	4	100.6	5.15	0.0289	1.0	-0.22	2.74	1.00	0.00	0.16	111115
15	"06:14:14"	20180721	202	0	5.6	0.0471	193	0.334	0.722	6.92	6	1.42	1	2.84	2.45	6.92	0.31	400.33	388.88	2.100	2.766	28.88	38.04	300.2	1701	4	100.6	5.15	0.0289	1.0	-0.22	2.74	1.00	0.00	0.16	111115
16	"06:14:15"	20180721	202	0	5.57	0.0473	194	0.335	0.72	6.89	6	1.42	1	2.84	2.45	6.89	0.31	400.31	388.92	2.099	2.766	28.86	38.04	300.1	1701	4	100.6	5.15	0.0289	1.0	-0.22	2.74	1.00	0.00	0.16	111115
17	"06:14:15"	20180721	202	0	5.56	0.0473	195	0.334	0.719	6.88	6	1.42	1	2.84	2.45	6.88	0.32	400.29	388.91	2.099	2.765	28.86	38.03	300.1	1701	4	100.6	5.15	0.0289	1.0	-0.22	2.74	1.00	0.00	0.16	111115
18	"06:14:16"	20180721	202	0	5.55	0.0474	195	0.335	0.718	6.87	6	1.42	1	2.84	2.45	6.87	0.32	400.26	388.90	2.098	2.765	28.85	38.03	300.1	1701	4	100.6	5.15	0.0289	1.0	-0.22	2.74	1.00	0.00	0.16	111115
"06:14:41 Coolers: Tblock -> 5.00 C"
"06:21:28 Flow: Fixed -> 300 umol/s"
19	"06:21:39"	20180721	202	0	6.36	0.0611	213	0.466	0.778	8.88	6	1.42	1	2.84	6.42	8.88	5.12	399.90	386.83	2.695	3.622	28.06	37.71	300.1	1700	4	100.7	5.15	0.0289	1.0	-0.22	2.74	1.00	0.00	0.16	111115
20	"06:21:39"	20180721	202	0	6.36	0.0611	213	0.466	0.778	8.88	6	1.42	1	2.84	6.42	8.88	5.12	399.90	386.83	2.695	3.622	28.06	37.71	300.1	1700	4	100.7	5.15	0.0289	1.0	-0.22	2.74	1.00	0.00	0.16	111115
21	"06:21:39"	20180721	202	0	6.35	0.061	213	0.466	0.78	8.90	6	1.42	1	2.84	6.42	8.90	5.12	399.90	386.84	2.694	3.622	28.05	37.71	300.1	1700	4	100.7	5.15	0.0289	1.0	-0.22	2.74	1.00	0.00	0.16	111115
22	"06:21:40"	20180721	202	0	6.35	0.061	213	0.466	0.78	8.90	6	1.42	1	2.84	6.42	8.90	5.12	399.90	386.84	2.694	3.622	28.05	37.71	300.1	1700	4	100.7	5.15	0.0289	1.0	-0.22	2.74	1.00	0.00	0.16	111115
23	"06:21:40"	20180721	202	0	6.35	0.0608	213	0.466	0.781	8.92	6	1.42	1	2.84	6.43	8.92	5.12	399.90	386.85	2.694	3.622	28.05	37.71	300.1	1700	4	100.7	5.15	0.0289	1.0	-0.22	2.74	1.00	0.00	0.16	111115
24	"06:21:40"	20180721	202	0	6.33	0.0607	213	0.466	0.783	8.93	6	1.42	1	2.84	6.43	8.93	5.12	399.89	386.87	2.694	3.621	28.04	37.70	300.1	1700	4	100.7	5.15	0.0289	1.0	-0.22	2.74	1.00	0.00	0.16	111115
25	"06:21:41"	20180721	202	0	6.31	0.0603	213	0.465	0.786	8.97	6	1.42	1	2.84	6.43	8.97	5.12	399.88	386.90	2.694	3.620	28.04	37.68	300.1	1700	4	100.7	5.15	0.0289	1.0	-0.22	2.74	1.00	0.00	0.16	111115
26	"06:21:41"	20180721	202	0	6.31	0.0603	213	0.465	0.786	8.97	6	1.42	1	2.84	6.43	8.97	5.12	399.88	386.90	2.694	3.620	28.04	37.68	300.1	1700	4	100.7	5.15	0.0289	1.0	-0.22	2.74	1.00	0.00	0.16	111115
27	"06:21:41"	20180721	202	0	6.31	0.06	212	0.465	0.79	9.02	6	1.42	1	2.84	6.43	9.02	5.12	399.88	386.91	2.693	3.620	28.04	37.68	300.1	1700	4	100.7	5.15	0.0289	1.0	-0.22	2.74	1.00	0.00	0.16	111115
28	"06:21:42"	20180721	202	0	6.32	0.0596	210	0.464	0.794	9.07	6	1.42	1	2.84	6.43	9.07	5.12	399.93	386.92	2.693	3.618	28.04	37.67	300.1	1700	4	100.7	5.15	0.0289	1.0	-0.22	2.74	1.00	0.00	0.16	111115
29	"06:21:42"	20180721	202	0	6.37	0.0593	208	0.464	0.799	9.13	6	1.42	1	2.84	6.43	9.13	5.12	399.98	386.89	2.693	3.618	28.03	37.66	300.1	1700	4	100.7	5.15	0.0289	1.0	-0.22	2.74	1.00	0.00	0.16	111115
30	"06:21:43"	20180721	202	0	6.37	0.0593	208	0.464	0.799	9.13	6	1.42	1	2.84	6.43	9.13	5.12	399.98	386.89	2.693	3.618	28.03	37.66	300.1	1700	4	100.7	5.15	0.0289	1.0	-0.22	2.74	1.00	0.00	0.16	111115
31	"06:21:43"	20180721	202	0	6.38	0.0589	207	0.464	0.803	9.19	6	1.42	1	2.84	6.43	9.19	5.12	400.01	386.89	2.693	3.618	28.03	37.66	300.1	1700	4	100.7	5.15	0.0289	1.0	-0.22	2.74	1.00	0.00	0.16	111115
32	"06:21:43"	20180721	202	0	6.39	0.0585	205	0.464	0.808	9.25	6	1.42	1	2.84	6.43	9.25	5.12	400.04	386.91	2.694	3.617	28.04	37.65	300.1	1700	4	100.7	5.15	0.0289	1.0	-0.22	2.74	1.00	0.00	0.16	111115
33	"06:21:44"	20180721	202	0	6.41	0.058	203	0.463	0.814	9.33	6	1.42	1	2.84	6.43	9.33	5.12	400.07	386.89	2.694	3.616	28.04	37.64	300.1	1700	4	100.7	5.15	0.0289	1.0	-0.22	2.74	1.00	0.00	0.16	111115
34	"06:21:44"	20180721	202	0	6.41	0.058	203	0.463	0.814	9.33	6	1.42	1	2.84	6.43	9.33	5.12	400.07	386.89	2.694	3.616	28.04	37.64	300.1	1700	4	100.7	5.15	0.0289	1.0	-0.22	2.74	1.00	0.00	0.16	111115
35	"06:21:44"	20180721	202	0	6.45	0.0576	201	0.463	0.819	9.39	6	1.42	1	2.84	6.43	9.39	5.12	400.12	386.86	2.694	3.616	28.04	37.64	300.1	1700	4	100.7	5.15	0.0289	1.0	-0.22	2.74	1.00	0.00	0.16	111115
36	"06:21:45"	20180721	202	0	6.5	0.0574	198	0.463	0.822	9.43	6	1.42	1	2.84	6.43	9.43	5.12	400.16	386.80	2.694	3.616	28.04	37.64	300.1	1700	3	100.7	5.15	0.0289	1.0	-0.22	2.74	1.00	0.00	0.16	111115
37	"06:21:45"	20180721	202	0	6.5	0.0574	198	0.463	0.822	9.43	6	1.42	1	2.84	6.43	9.43	5.12	400.16	386.80	2.694	3.616	28.04	37.64	300.1	1700	3	100.7	5.15	0.0289	1.0	-0.22	2.74	1.00	0.00	0.16	111115
38	"06:21:45"	20180721	202	0	6.52	0.0573	198	0.463	0.824	9.45	6	1.42	1	2.84	6.43	9.45	5.12	400.20	386.80	2.694	3.617	28.04	37.64	300.1	1700	3	100.7	5.15	0.0289	1.0	-0.22	2.74	1.00	0.00	0.16	111115
39	"06:21:46"	20180721	202	0	6.52	0.0572	197	0.464	0.825	9.47	6	1.42	1	2.84	6.43	9.47	5.12	400.19	386.79	2.694	3.618	28.04	37.65	300.1	1700	3	100.7	5.15	0.0289	1.0	-0.22	2.74	1.00	0.00	0.16	111115
40	"06:21:46"	20180721	202	0	6.52	0.0572	197	0.464	0.825	9.47	6	1.42	1	2.84	6.43	9.47	5.12	400.19	386.79	2.694	3.618	28.04	37.65	300.1	1700	3	100.7	5.15	0.0289	1.0	-0.22	2.74	1.00	0.00	0.16	111115
41	"06:21:46"	20180721	202	0	6.51	0.0572	198	0.464	0.826	9.48	6	1.42	1	2.84	6.43	9.48	5.12	400.19	386.82	2.694	3.619	28.04	37.66	300.1	1700	3	100.7	5.15	0.0289	1.0	-0.22	2.74	1.00	0.00	0.16	111115
42	"06:21:47"	20180721	202	0	6.5	0.0572	198	0.464	0.827	9.49	6	1.42	1	2.84	6.43	9.49	5.12	400.19	386.84	2.694	3.619	28.04	37.67	300.1	1700	3	100.7	5.15	0.0289	1.0	-0.22	2.74	1.00	0.00	0.16	111115
43	"06:21:47"	20180721	202	0	6.51	0.0572	198	0.464	0.828	9.50	6	1.42	1	2.84	6.43	9.50	5.12	400.19	386.82	2.694	3.619	28.04	37.66	300.1	1700	3	100.7	5.15	0.0289	1.0	-0.22	2.74	1.00	0.00	0.16	111115
44	"06:21:48"	20180721	202	0	6.51	0.0572	198	0.464	0.828	9.50	6	1.42	1	2.84	6.43	9.50	5.12	400.19	386.82	2.694	3.619	28.04	37.66	300.1	1700	3	100.7	5.15	0.0289	1.0	-0.22	2.74	1.00	0.00	0.16	111115
"06:22:23 Coolers: Tblock -> 10.00 C"
"06:26:22 Flow: Fixed -> 300 umol/s"
45	"06:27:14"	20180721	202	0	6.93	0.0583	187	0.572	0.999	12.46	6	1.42	1	2.84	10.61	12.46	10.08	399.87	385.57	3.348	4.486	26.25	35.17	300.1	1699	4	100.7	5.15	0.0289	1.0	-0.22	2.74	1.00	0.00	0.16	111115
46	"06:27:14"	20180721	202	0	6.93	0.0583	187	0.572	0.999	12.46	6	1.42	1	2.84	10.61	12.46	10.08	399.87	385.57	3.348	4.486	26.25	35.17	300.1	1699	4	100.7	5.15	0.0289	1.0	-0.22	2.74	1.00	0.00	0.16	111115
47	"06:27:14"	20180721	202	0	6.93	0.0583	187	0.572	0.999	12.46	6	1.42	1	2.84	10.61	12.46	10.08	399.87	385.57	3.348	4.486	26.25	35.17	300.1	1699	4	100.7	5.15	0.0289	1.0	-0.22	2.74	1.00	0.00	0.16	111115
48	"06:27:15"	20180721	202	0	6.94	0.0583	187	0.572	0.999	12.45	6	1.42	1	2.84	10.61	12.45	10.08	399.90	385.59	3.348	4.486	26.25	35.17	300.1	1699	4	100.7	5.15	0.0289	1.0	-0.22	2.74	1.00	0.00	0.16	111115
49	"06:27:15"	20180721	202	0	6.92	0.0583	188	0.572	0.999	12.46	6	1.42	1	2.84	10.61	12.46	10.08	399.89	385.62	3.348	4.487	26.25	35.17	300.1	1699	4	100.7	5.15	0.0289	1.0	-0.22	2.74	1.00	0.00	0.16	111115
50	"06:27:15"	20180721	202	0	6.92	0.0582	187	0.571	0.999	12.45	6	1.42	1	2.84	10.61	12.45	10.08	399.90	385.62	3.348	4.485	26.24	35.16	300.1	1699	4	100.7	5.15	0.0289	1.0	-0.22	2.74	1.00	0.00	0.16	111115
51	"06:27:16"	20180721	202	0	6.92	0.0582	187	0.571	0.999	12.45	6	1.42	1	2.84	10.61	12.45	10.08	399.90	385.62	3.348	4.485	26.24	35.16	300.1	1699	4	100.7	5.15	0.0289	1.0	-0.22	2.74	1.00	0.00	0.16	111115
52	"06:27:16"	20180721	202	0	6.91	0.0584	188	0.572	0.997	12.44	6	1.42	1	2.84	10.62	12.44	10.09	399.90	385.63	3.348	4.487	26.24	35.17	300.1	1699	4	100.7	5.15	0.0289	1.0	-0.22	2.74	1.00	0.00	0.16	111115
53	"06:27:16"	20180721	202	0	6.91	0.0584	188	0.572	0.996	12.43	6	1.42	1	2.84	10.62	12.43	10.09	399.90	385.63	3.348	4.487	26.24	35.16	300.1	1699	4	100.7	5.15	0.0289	1.0	-0.22	2.74	1.00	0.00	0.16	111115
54	"06:27:17"	20180721	202	0	6.91	0.0584	188	0.572	0.996	12.43	6	1.42	1	2.84	10.62	12.43	10.09	399.90	385.63	3.348	4.487	26.24	35.16	300.1	1699	4	100.7	5.15	0.0289	1.0	-0.22	2.74	1.00	0.00	0.16	111115
55	"06:27:17"	20180721	202	0	6.92	0.0585	189	0.573	0.996	12.42	6	1.42	1	2.84	10.62	12.42	10.09	399.90	385.63	3.348	4.488	26.24	35.17	300.1	1699	4	100.7	5.15	0.0289	1.0	-0.22	2.74	1.00	0.00	0.16	111115
56	"06:27:18"	20180721	202	0	6.92	0.0586	189	0.573	0.996	12.42	6	1.42	1	2.84	10.62	12.42	10.09	399.91	385.63	3.349	4.489	26.24	35.18	300.1	1699	4	100.7	5.15	0.0289	1.0	-0.22	2.74	1.00	0.00	0.16	111115
57	"06:27:18"	20180721	202	0	6.94	0.0586	188	0.573	0.996	12.42	6	1.42	1	2.84	10.62	12.42	10.09	399.93	385.62	3.348	4.489	26.24	35.18	300.1	1699	4	100.7	5.15	0.0289	1.0	-0.22	2.74	1.00	0.00	0.16	111115
58	"06:27:18"	20180721	202	0	6.94	0.0586	188	0.573	0.996	12.42	6	1.42	1	2.84	10.62	12.42	10.09	399.93	385.62	3.348	4.489	26.24	35.18	300.1	1699	4	100.7	5.15	0.0289	1.0	-0.22	2.74	1.00	0.00	0.16	111115
59	"06:27:19"	20180721	202	0	6.95	0.0587	188	0.574	0.996	12.43	6	1.42	1	2.84	10.62	12.43	10.09	399.92	385.58	3.348	4.490	26.24	35.19	300.1	1699	4	100.7	5.15	0.0289	1.0	-0.22	2.74	1.00	0.00	0.16	111115
60	"06:27:19"	20180721	202	0	6.93	0.0587	189	0.574	0.996	12.42	6	1.42	1	2.84	10.62	12.42	10.09	399.88	385.58	3.348	4.490	26.23	35.19	300.1	1699	4	100.7	5.15	0.0289	1.0	-0.22	2.74	1.00	0.00	0.16	111115
61	"06:27:20"	20180721	202	0	6.92	0.0587	189	0.574	0.996	12.43	6	1.42	1	2.84	10.62	12.43	10.09	399.86	385.58	3.348	4.491	26.23	35.19	300.1	1699	4	100.7	5.15	0.0289	1.0	-0.22	2.74	1.00	0.00	0.16	111115
62	"06:27:20"	20180721	202	0	6.9	0.0586	189	0.574	0.997	12.44	6	1.42	1	2.84	10.62	12.44	10.09	399.84	385.60	3.348	4.490	26.23	35.18	300.1	1699	4	100.7	5.15	0.0289	1.0	-0.22	2.74	1.00	0.00	0.16	111115
63	"06:27:20"	20180721	202	0	6.9	0.0586	189	0.574	0.997	12.44	6	1.42	1	2.84	10.62	12.44	10.09	399.84	385.60	3.348	4.490	26.23	35.18	300.1	1699	4	100.7	5.15	0.0289	1.0	-0.22	2.74	1.00	0.00	0.16	111115
64	"06:27:21"	20180721	202	0	6.89	0.0586	190	0.575	0.997	12.45	6	1.42	1	2.84	10.62	12.45	10.09	399.84	385.61	3.348	4.491	26.23	35.19	300.1	1699	4	100.7	5.15	0.0289	1.0	-0.22	2.74	1.00	0.00	0.16	111115
65	"06:27:21"	20180721	202	0	6.9	0.0586	189	0.575	0.998	12.45	6	1.42	1	2.84	10.62	12.45	10.09	399.83	385.59	3.347	4.491	26.22	35.19	300.1	1699	4	100.7	5.15	0.0289	1.0	-0.22	2.74	1.00	0.00	0.16	111115
66	"06:27:22"	20180721	202	0	6.9	0.0586	189	0.575	0.998	12.45	6	1.42	1	2.84	10.62	12.45	10.09	399.83	385.59	3.347	4.491	26.22	35.19	300.1	1699	4	100.7	5.15	0.0289	1.0	-0.22	2.74	1.00	0.00	0.16	111115
67	"06:27:22"	20180721	202	0	6.85	0.0587	191	0.575	0.997	12.44	6	1.42	1	2.84	10.62	12.44	10.09	399.79	385.64	3.347	4.492	26.22	35.19	300.1	1699	4	100.7	5.15	0.0289	1.0	-0.22	2.74	1.00	0.00	0.16	111115
68	"06:27:22"	20180721	202	0	6.84	0.0586	191	0.575	0.998	12.45	6	1.42	1	2.84	10.62	12.45	10.08	399.77	385.64	3.347	4.491	26.22	35.18	300.1	1699	4	100.7	5.15	0.0289	1.0	-0.22	2.74	1.00	0.00	0.16	111115
69	"06:27:23"	20180721	202	0	6.84	0.0586	191	0.575	0.998	12.45	6	1.42	1	2.84	10.62	12.45	10.08	399.77	385.64	3.347	4.491	26.22	35.18	300.1	1699	4	100.7	5.15	0.0289	1.0	-0.22	2.74	1.00	0.00	0.16	111115
70	"06:27:23"	20180721	202	0	6.83	0.0587	191	0.575	0.998	12.46	6	1.42	1	2.84	10.62	12.46	10.08	399.77	385.67	3.347	4.492	26.22	35.19	300.0	1699	4	100.7	5.15	0.0289	1.0	-0.22	2.74	1.00	0.00	0.16	111115
71	"06:27:23"	20180721	202	0	6.82	0.0586	192	0.575	0.999	12.47	6	1.42	1	2.84	10.62	12.47	10.08	399.77	385.69	3.347	4.491	26.22	35.18	300.1	1699	4	100.7	5.15	0.0289	1.0	-0.22	2.74	1.00	0.00	0.16	111115
72	"06:27:24"	20180721	202	0	6.83	0.0585	191	0.575	0.999	12.46	6	1.42	1	2.84	10.62	12.46	10.08	399.76	385.66	3.347	4.491	26.22	35.18	300.1	1699	4	100.7	5.15	0.0289	1.0	-0.22	2.74	1.00	0.00	0.16	111115
73	"06:27:24"	20180721	202	0	6.83	0.0585	191	0.575	0.999	12.46	6	1.42	1	2.84	10.62	12.46	10.08	399.76	385.66	3.347	4.491	26.22	35.18	300.1	1699	4	100.7	5.15	0.0289	1.0	-0.22	2.74	1.00	0.00	0.16	111115
"06:28:05 Coolers: Tblock -> 15.00 C"
"06:31:39 Flow: Fixed -> 300 umol/s"
74	"06:31:49"	20180721	202	0	6.88	0.0536	172	0.623	1.18	15.31	6	1.42	1	2.84	14.82	15.31	15.09	400.21	385.97	4.397	5.636	26.16	33.53	300.1	1700	5	100.7	5.15	0.0289	1.0	-0.22	2.74	1.00	0.00	0.16	111115
75	"06:31:49"	20180721	202	0	6.88	0.0536	172	0.623	1.18	15.31	6	1.42	1	2.84	14.82	15.31	15.09	400.21	385.97	4.397	5.636	26.16	33.53	300.1	1700	5	100.7	5.15	0.0289	1.0	-0.22	2.74	1.00	0.00	0.16	111115
76	"06:31:50"	20180721	202	0	6.89	0.0537	172	0.624	1.18	15.31	6	1.42	1	2.84	14.82	15.31	15.09	400.22	385.97	4.397	5.637	26.16	33.54	300.1	1700	5	100.7	5.15	0.0289	1.0	-0.22	2.74	1.00	0.00	0.16	111115
77	"06:31:50"	20180721	202	0	6.85	0.0536	173	0.623	1.18	15.32	6	1.42	1	2.84	14.82	15.32	15.09	400.18	386.01	4.396	5.636	26.15	33.53	300.1	1700	5	100.7	5.15	0.0289	1.0	-0.22	2.74	1.00	0.00	0.16	111115
78	"06:31:50"	20180721	202	0	6.85	0.0536	173	0.623	1.18	15.32	6	1.42	1	2.84	14.82	15.32	15.09	400.18	386.01	4.396	5.636	26.15	33.53	300.1	1700	5	100.7	5.15	0.0289	1.0	-0.22	2.74	1.00	0.00	0.16	111115
79	"06:31:51"	20180721	202	0	6.82	0.0536	174	0.624	1.18	15.31	6	1.42	1	2.84	14.83	15.31	15.09	400.18	386.06	4.396	5.637	26.15	33.53	300.0	1700	5	100.7	5.15	0.0289	1.0	-0.22	2.74	1.00	0.00	0.16	111115
80	"06:31:51"	20180721	202	0	6.84	0.0537	174	0.624	1.18	15.31	6	1.42	1	2.84	14.83	15.31	15.09	400.20	386.04	4.397	5.637	26.15	33.53	300.1	1700	5	100.7	5.15	0.0289	1.0	-0.22	2.74	1.00	0.00	0.16	111115
81	"06:31:52"	20180721	202	0	6.84	0.0537	174	0.624	1.18	15.31	6	1.42	1	2.84	14.83	15.31	15.09	400.20	386.04	4.397	5.637	26.15	33.53	300.1	1700	5	100.7	5.15	0.0289	1.0	-0.22	2.74	1.00	0.00	0.16	111115
82	"06:31:52"	20180721	202	0	6.84	0.0538	174	0.624	1.18	15.30	6	1.42	1	2.84	14.83	15.30	15.09	400.18	386.03	4.397	5.638	26.15	33.53	300.1	1699	4	100.7	5.15	0.0289	1.0	-0.22	2.74	1.00	0.00	0.16	111115
83	"06:31:52"	20180721	202	0	6.82	0.0538	175	0.624	1.18	15.30	6	1.42	1	2.84	14.83	15.30	15.09	400.16	386.04	4.397	5.639	26.15	33.53	300.1	1699	4	100.7	5.15	0.0289	1.0	-0.22	2.74	1.00	0.00	0.16	111115
84	"06:31:53"	20180721	202	0	6.82	0.0537	174	0.623	1.18	15.30	6	1.42	1	2.84	14.83	15.30	15.09	400.13	386.02	4.397	5.637	26.15	33.52	300.1	1699	4	100.7	5.15	0.0289	1.0	-0.22	2.74	1.00	0.00	0.16	111115
85	"06:31:53"	20180721	202	0	6.82	0.0537	174	0.623	1.18	15.30	6	1.42	1	2.84	14.83	15.30	15.09	400.13	386.02	4.397	5.637	26.15	33.52	300.1	1699	4	100.7	5.15	0.0289	1.0	-0.22	2.74	1.00	0.00	0.16	111115
86	"06:31:53"	20180721	202	0	6.8	0.0537	175	0.624	1.18	15.31	6	1.42	1	2.84	14.83	15.31	15.08	400.13	386.04	4.397	5.637	26.14	33.52	300.1	1699	4	100.7	5.15	0.0289	1.0	-0.22	2.74	1.00	0.00	0.16	111115
87	"06:31:54"	20180721	202	0	6.8	0.0536	174	0.623	1.18	15.31	6	1.42	1	2.84	14.83	15.31	15.08	400.12	386.05	4.397	5.635	26.14	33.51	300.1	1699	4	100.7	5.15	0.0289	1.0	-0.22	2.74	1.00	0.00	0.16	111115
88	"06:31:54"	20180721	202	0	6.8	0.0536	175	0.623	1.18	15.31	6	1.42	1	2.84	14.83	15.31	15.08	400.09	386.03	4.397	5.635	26.14	33.50	300.1	1699	4	100.7	5.15	0.0289	1.0	-0.22	2.74	1.00	0.00	0.16	111115
89	"06:31:55"	20180721	202	0	6.8	0.0536	175	0.623	1.18	15.31	6	1.42	1	2.84	14.83	15.31	15.08	400.09	386.03	4.397	5.635	26.14	33.50	300.1	1699	4	100.7	5.15	0.0289	1.0	-0.22	2.74	1.00	0.00	0.16	111115
90	"06:31:55"	20180721	202	0	6.78	0.0535	175	0.622	1.18	15.31	6	1.42	1	2.84	14.83	15.31	15.08	400.06	386.02	4.397	5.634	26.14	33.50	300.1	1699	4	100.7	5.15	0.0289	1.0	-0.22	2.74	1.00	0.00	0.16	111115
91	"06:31:55"	20180721	202	0	6.76	0.0535	175	0.622	1.18	15.32	6	1.42	1	2.84	14.84	15.32	15.08	400.04	386.05	4.398	5.635	26.14	33.50	300.1	1699	4	100.7	5.15	0.0289	1.0	-0.22	2.74	1.00	0.00	0.16	111115
92	"06:31:56"	20180721	202	0	6.77	0.0535	175	0.623	1.18	15.32	6	1.42	1	2.84	14.84	15.32	15.08	400.04	386.03	4.397	5.635	26.14	33.50	300.1	1699	4	100.7	5.15	0.0289	1.0	-0.22	2.74	1.00	0.00	0.16	111115
93	"06:31:56"	20180721	202	0	6.77	0.0535	175	0.623	1.18	15.32	6	1.42	1	2.84	14.84	15.32	15.08	400.04	386.03	4.397	5.635	26.14	33.50	300.1	1699	4	100.7	5.15	0.0289	1.0	-0.22	2.74	1.00	0.00	0.16	111115
94	"06:31:56"	20180721	202	0	6.78	0.0535	174	0.622	1.18	15.33	6	1.42	1	2.84	14.84	15.33	15.08	400.05	386.01	4.397	5.635	26.14	33.49	300.1	1699	4	100.7	5.15	0.0289	1.0	-0.22	2.74	1.00	0.00	0.16	111115
95	"06:31:57"	20180721	202	0	6.78	0.0535	175	0.623	1.18	15.32	6	1.42	1	2.84	14.84	15.32	15.07	400.04	386.01	4.397	5.636	26.14	33.50	300.1	1699	4	100.7	5.15	0.0289	1.0	-0.22	2.74	1.00	0.00	0.16	111115
96	"06:31:57"	20180721	202	0	6.77	0.0536	175	0.623	1.18	15.32	6	1.42	1	2.84	14.84	15.32	15.07	400.01	385.99	4.398	5.637	26.14	33.50	300.1	1699	5	100.7	5.15	0.0289	1.0	-0.22	2.74	1.00	0.00	0.16	111115
97	"06:31:57"	20180721	202	0	6.77	0.0536	175	0.623	1.18	15.32	6	1.42	1	2.84	14.84	15.32	15.07	400.01	385.99	4.398	5.637	26.14	33.50	300.1	1699	5	100.7	5.15	0.0289	1.0	-0.22	2.74	1.00	0.00	0.16	111115
98	"06:31:58"	20180721	202	0	6.76	0.0537	176	0.624	1.18	15.31	6	1.42	1	2.84	14.84	15.31	15.07	400.01	386.01	4.397	5.639	26.13	33.51	300.1	1699	5	100.7	5.15	0.0289	1.0	-0.22	2.74	1.00	0.00	0.16	111115
99	"06:31:58"	20180721	202	0	6.77	0.0538	176	0.625	1.18	15.31	6	1.42	1	2.84	14.84	15.31	15.07	400.02	386.01	4.398	5.640	26.14	33.52	300.1	1699	5	100.7	5.15	0.0289	1.0	-0.22	2.74	1.00	0.00	0.16	111115
100	"06:31:58"	20180721	202	0	6.77	0.0538	176	0.625	1.18	15.31	6	1.42	1	2.84	14.84	15.31	15.07	400.02	386.01	4.398	5.640	26.14	33.52	300.1	1699	5	100.7	5.15	0.0289	1.0	-0.22	2.74	1.00	0.00	0.16	111115
"06:32:33 Coolers: Tblock -> 20.00 C"
"06:38:19 Flow: Fixed -> 300 umol/s"
101	"06:38:42"	20180721	202	0	5.35	0.0363	143	0.589	1.63	19.58	6	1.42	1	2.84	19.70	19.58	20.02	399.63	388.47	5.333	6.504	23.31	28.43	300.1	1699	6	100.7	5.15	0.0289	1.0	-0.22	2.74	1.00	0.00	0.16	111115
102	"06:38:42"	20180721	202	0	5.36	0.0363	142	0.589	1.63	19.59	6	1.42	1	2.84	19.70	19.59	20.02	399.66	388.48	5.334	6.504	23.32	28.43	300.0	1699	6	100.7	5.15	0.0289	1.0	-0.22	2.74	1.00	0.00	0.16	111115
103	"06:38:42"	20180721	202	0	5.36	0.0363	142	0.589	1.63	19.59	6	1.42	1	2.84	19.70	19.59	20.02	399.66	388.48	5.334	6.504	23.32	28.43	300.0	1699	6	100.7	5.15	0.0289	1.0	-0.22	2.74	1.00	0.00	0.16	111115
104	"06:38:43"	20180721	202	0	5.36	0.0363	142	0.589	1.63	19.59	6	1.42	1	2.84	19.70	19.59	20.02	399.66	388.49	5.334	6.505	23.32	28.43	300.1	1699	6	100.7	5.15	0.0289	1.0	-0.22	2.74	1.00	0.00	0.16	111115
105	"06:38:43"	20180721	202	0	5.36	0.0363	142	0.589	1.63	19.59	6	1.42	1	2.84	19.70	19.59	20.02	399.66	388.49	5.334	6.505	23.32	28.43	300.1	1699	6	100.7	5.15	0.0289	1.0	-0.22	2.74	1.00	0.00	0.16	111115
106	"06:38:44"	20180721	202	0	5.36	0.0363	142	0.589	1.63	19.59	6	1.42	1	2.84	19.70	19.59	20.02	399.66	388.49	5.334	6.505	23.32	28.43	300.1	1699	6	100.7	5.15	0.0289	1.0	-0.22	2.74	1.00	0.00	0.16	111115
107	"06:38:44"	20180721	202	0	5.39	0.0362	141	0.589	1.63	19.59	6	1.42	1	2.84	19.70	19.59	20.02	399.68	388.45	5.335	6.504	23.32	28.43	300.1	1699	5	100.7	5.15	0.0289	1.0	-0.22	2.74	1.00	0.00	0.16	111115
108	"06:38:44"	20180721	202	0	5.38	0.0362	141	0.589	1.63	19.60	6	1.42	1	2.84	19.70	19.60	20.02	399.67	388.46	5.335	6.505	23.32	28.44	300.1	1699	5	100.7	5.15	0.0289	1.0	-0.22	2.74	1.00	0.00	0.16	111115
109	"06:38:45"	20180721	202	0	5.38	0.0362	141	0.589	1.63	19.60	6	1.42	1	2.84	19.70	19.60	20.02	399.67	388.46	5.335	6.505	23.32	28.44	300.1	1699	5	100.7	5.15	0.0289	1.0	-0.22	2.74	1.00	0.00	0.16	111115
110	"06:38:45"	20180721	202	0	5.35	0.0362	142	0.589	1.63	19.60	6	1.42	1	2.84	19.70	19.60	20.02	399.66	388.50	5.335	6.505	23.32	28.43	300.1	1699	5	100.7	5.15	0.0289	1.0	-0.22	2.74	1.00	0.00	0.16	111115
111	"06:38:45"	20180721	202	0	5.36	0.0362	142	0.589	1.63	19.60	6	1.42	1	2.84	19.70	19.60	20.02	399.66	388.49	5.335	6.505	23.32	28.44	300.1	1699	5	100.7	5.15	0.0289	1.0	-0.22	2.74	1.00	0.00	0.16	111115
112	"06:38:46"	20180721	202	0	5.35	0.0362	142	0.589	1.63	19.60	6	1.42	1	2.84	19.70	19.60	20.03	399.63	388.47	5.335	6.504	23.32	28.43	300.1	1699	5	100.7	5.15	0.0289	1.0	-0.22	2.74	1.00	0.00	0.16	111115
113	"06:38:46"	20180721	202	0	5.35	0.0362	142	0.589	1.63	19.60	6	1.42	1	2.84	19.70	19.60	20.03	399.63	388.47	5.335	6.504	23.32	28.43	300.1	1699	5	100.7	5.15	0.0289	1.0	-0.22	2.74	1.00	0.00	0.16	111115
114	"06:38:47"	20180721	202	0	5.36	0.0362	142	0.589	1.63	19.60	6	1.42	1	2.84	19.70	19.60	20.03	399.65	388.47	5.334	6.505	23.32	28.43	300.1	1699	5	100.7	5.15	0.0289	1.0	-0.22	2.74	1.00	0.00	0.16	111115
115	"06:38:48"	20180721	202	0	5.36	0.0361	141	0.587	1.63	19.60	6	1.42	1	2.84	19.70	19.60	20.03	399.63	388.46	5.335	6.501	23.32	28.41	300.1	1699	4	100.7	5.15	0.0289	1.0	-0.22	2.74	1.00	0.00	0.16	111115
"06:39:15 Coolers: Tblock -> 25.00 C"
"06:41:14 Flow: Fixed -> 300 umol/s"
116	"06:42:30"	20180721	202	0	4.63	0.0298	131	0.593	1.99	22.25	6	1.42	1	2.84	23.86	22.25	25.05	399.94	390.22	5.793	6.972	19.63	23.63	300.1	1699	5	100.7	5.15	0.0289	1.0	-0.22	2.74	1.00	0.00	0.16	111115
117	"06:42:30"	20180721	202	0	4.63	0.0298	131	0.593	1.99	22.25	6	1.42	1	2.84	23.86	22.25	25.05	399.94	390.22	5.793	6.972	19.63	23.63	300.1	1699	5	100.7	5.15	0.0289	1.0	-0.22	2.74	1.00	0.00	0.16	111115
118	"06:42:31"	20180721	202	0	4.63	0.0298	131	0.593	1.99	22.25	6	1.42	1	2.84	23.86	22.25	25.05	399.94	390.22	5.793	6.972	19.63	23.63	300.1	1699	5	100.7	5.15	0.0289	1.0	-0.22	2.74	1.00	0.00	0.16	111115
119	"06:42:31"	20180721	202	0	4.68	0.0298	128	0.594	1.99	22.25	6	1.42	1	2.84	23.86	22.25	25.05	399.99	390.17	5.793	6.972	19.63	23.63	300.1	1699	5	100.7	5.15	0.0289	1.0	-0.22	2.74	1.00	0.00	0.16	111115
120	"06:42:31"	20180721	202	0	4.69	0.0298	127	0.593	1.99	22.25	6	1.42	1	2.84	23.87	22.25	25.05	400.00	390.15	5.794	6.972	19.63	23.62	300.1	1699	5	100.7	5.15	0.0289	1.0	-0.22	2.74	1.00	0.00	0.16	111115
121	"06:42:32"	20180721	202	0	4.7	0.0298	127	0.594	1.99	22.25	6	1.42	1	2.84	23.87	22.25	25.05	399.99	390.14	5.793	6.972	19.63	23.62	300.1	1699	5	100.7	5.15	0.0289	1.0	-0.22	2.74	1.00	0.00	0.16	111115
122	"06:42:32"	20180721	202	0	4.7	0.0298	127	0.594	1.99	22.25	6	1.42	1	2.84	23.87	22.25	25.05	399.99	390.14	5.793	6.972	19.63	23.62	300.1	1699	5	100.7	5.15	0.0289	1.0	-0.22	2.74	1.00	0.00	0.16	111115
123	"06:42:33"	20180721	202	0	4.67	0.0298	128	0.593	1.99	22.26	6	1.42	1	2.84	23.87	22.26	25.05	399.96	390.15	5.793	6.970	19.63	23.62	300.1	1699	5	100.7	5.15	0.0289	1.0	-0.22	2.74	1.00	0.00	0.16	111115
124	"06:42:33"	20180721	202	0	4.68	0.0297	128	0.593	1.99	22.26	6	1.42	1	2.84	23.87	22.26	25.05	399.96	390.14	5.793	6.970	19.63	23.61	300.1	1699	5	100.7	5.15	0.0289	1.0	-0.22	2.74	1.00	0.00	0.16	111115
125	"06:42:33"	20180721	202	0	4.69	0.0298	127	0.593	1.99	22.26	6	1.42	1	2.84	23.87	22.26	25.05	399.95	390.11	5.792	6.970	19.62	23.61	300.1	1699	5	100.7	5.15	0.0289	1.0	-0.22	2.74	1.00	0.00	0.16	111115
126	"06:42:34"	20180721	202	0	4.69	0.0298	127	0.593	1.99	22.26	6	1.42	1	2.84	23.87	22.26	25.05	399.95	390.11	5.792	6.970	19.62	23.61	300.1	1699	5	100.7	5.15	0.0289	1.0	-0.22	2.74	1.00	0.00	0.16	111115
127	"06:42:34"	20180721	202	0	4.67	0.0297	128	0.593	2	22.26	6	1.42	1	2.84	23.87	22.26	25.05	399.95	390.15	5.792	6.969	19.62	23.61	300.1	1699	5	100.7	5.15	0.0289	1.0	-0.22	2.74	1.00	0.00	0.16	111115
128	"06:42:34"	20180721	202	0	4.66	0.0297	129	0.593	2	22.27	6	1.42	1	2.84	23.87	22.27	25.05	399.94	390.16	5.793	6.969	19.62	23.61	300.1	1699	5	100.7	5.15	0.0289	1.0	-0.22	2.74	1.00	0.00	0.16	111115
129	"06:42:35"	20180721	202	0	4.63	0.0296	130	0.592	2	22.28	6	1.42	1	2.84	23.87	22.28	25.05	399.93	390.21	5.792	6.967	19.62	23.60	300.1	1699	5	100.7	5.15	0.0289	1.0	-0.22	2.74	1.00	0.00	0.16	111115
130	"06:42:35"	20180721	202	0	4.63	0.0296	129	0.591	2	22.29	6	1.42	1	2.84	23.88	22.29	25.05	399.94	390.23	5.793	6.966	19.62	23.59	300.1	1699	5	100.7	5.15	0.0289	1.0	-0.22	2.74	1.00	0.00	0.16	111115
131	"06:42:36"	20180721	202	0	4.63	0.0296	129	0.591	2	22.29	6	1.42	1	2.84	23.88	22.29	25.05	399.94	390.23	5.793	6.966	19.62	23.59	300.1	1699	5	100.7	5.15	0.0289	1.0	-0.22	2.74	1.00	0.00	0.16	111115
132	"06:42:36"	20180721	202	0	4.62	0.0295	129	0.591	2	22.29	6	1.42	1	2.84	23.88	22.29	25.05	399.95	390.25	5.793	6.966	19.62	23.59	300.1	1699	5	100.7	5.15	0.0289	1.0	-0.22	2.74	1.00	0.00	0.16	111115
"06:43:07 Coolers: Tblock -> 30.00 C"
"06:44:11 Flow: Fixed -> 300 umol/s"
133	"06:44:22"	20180721	202	0	4.43	0.0294	138	0.669	2.27	23.98	6	1.42	1	2.84	27.51	23.98	30.08	400.09	390.70	5.809	7.137	15.86	19.48	300.1	1699	6	100.7	5.15	0.0289	1.0	-0.22	2.74	1.00	0.00	0.16	111115
134	"06:44:22"	20180721	202	0	4.43	0.0294	138	0.669	2.27	23.98	6	1.42	1	2.84	27.51	23.98	30.08	400.09	390.70	5.809	7.137	15.86	19.48	300.1	1699	6	100.7	5.15	0.0289	1.0	-0.22	2.74	1.00	0.00	0.16	111115
135	"06:44:22"	20180721	202	0	4.43	0.0294	138	0.669	2.27	23.98	6	1.42	1	2.84	27.51	23.98	30.08	400.09	390.70	5.809	7.137	15.86	19.48	300.1	1699	6	100.7	5.15	0.0289	1.0	-0.22	2.74	1.00	0.00	0.16	111115
136	"06:44:23"	20180721	202	0	4.39	0.0294	140	0.669	2.27	23.99	6	1.42	1	2.84	27.52	23.99	30.08	400.06	390.76	5.809	7.137	15.84	19.47	300.1	1699	6	100.7	5.15	0.0289	1.0	-0.22	2.74	1.00	0.00	0.16	111115
137	"06:44:23"	20180721	202	0	4.39	0.0294	140	0.67	2.28	24.00	6	1.42	1	2.84	27.53	24.00	30.08	400.06	390.76	5.809	7.138	15.84	19.46	300.1	1699	6	100.7	5.15	0.0289	1.0	-0.22	2.74	1.00	0.00	0.16	111115
138	"06:44:24"	20180721	202	0	4.39	0.0294	140	0.67	2.28	24.00	6	1.42	1	2.84	27.53	24.00	30.08	400.06	390.76	5.809	7.138	15.84	19.46	300.1	1699	6	100.7	5.15	0.0289	1.0	-0.22	2.74	1.00	0.00	0.16	111115
139	"06:44:24"	20180721	202	0	4.41	0.0294	139	0.67	2.28	24.01	6	1.42	1	2.84	27.53	24.01	30.08	400.06	390.73	5.809	7.138	15.83	19.46	300.1	1699	6	100.7	5.15	0.0289	1.0	-0.22	2.74	1.00	0.00	0.16	111115
140	"06:44:25"	20180721	202	0	4.4	0.0293	139	0.669	2.28	24.01	6	1.42	1	2.84	27.54	24.01	30.08	400.06	390.73	5.808	7.137	15.83	19.45	300.1	1699	6	100.7	5.15	0.0289	1.0	-0.22	2.74	1.00	0.00	0.16	111115
141	"06:44:25"	20180721	202	0	4.4	0.0293	139	0.669	2.28	24.01	6	1.42	1	2.84	27.54	24.01	30.08	400.06	390.73	5.808	7.137	15.83	19.45	300.1	1699	6	100.7	5.15	0.0289	1.0	-0.22	2.74	1.00	0.00	0.16	111115
142	"06:44:25"	20180721	202	0	4.38	0.0293	140	0.67	2.28	24.02	6	1.42	1	2.84	27.55	24.02	30.08	400.04	390.75	5.808	7.138	15.82	19.45	300.1	1699	6	100.7	5.15	0.0289	1.0	-0.22	2.74	1.00	0.00	0.16	111115
143	"06:44:26"	20180721	202	0	4.36	0.0294	141	0.67	2.28	24.02	6	1.42	1	2.84	27.55	24.02	30.08	400.01	390.76	5.808	7.139	15.82	19.44	300.1	1699	6	100.7	5.15	0.0289	1.0	-0.22	2.74	1.00	0.00	0.16	111115
144	"06:44:26"	20180721	202	0	4.36	0.0293	141	0.67	2.28	24.02	6	1.42	1	2.84	27.56	24.02	30.07	399.97	390.74	5.808	7.138	15.81	19.43	300.1	1699	6	100.7	5.15	0.0289	1.0	-0.22	2.74	1.00	0.00	0.16	111115
145	"06:44:27"	20180721	202	0	4.36	0.0293	141	0.67	2.28	24.02	6	1.42	1	2.84	27.56	24.02	30.07	399.97	390.74	5.808	7.138	15.81	19.43	300.1	1699	6	100.7	5.15	0.0289	1.0	-0.22	2.74	1.00	0.00	0.16	111115
146	"06:44:27"	20180721	202	0	4.37	0.0293	140	0.67	2.28	24.03	6	1.42	1	2.84	27.56	24.03	30.07	399.93	390.68	5.808	7.138	15.81	19.43	300.1	1699	6	100.7	5.15	0.0289	1.0	-0.22	2.74	1.00	0.00	0.16	111115
147	"06:44:27"	20180721	202	0	4.37	0.0293	140	0.67	2.28	24.03	6	1.42	1	2.84	27.56	24.03	30.07	399.93	390.68	5.808	7.138	15.81	19.43	300.1	1699	6	100.7	5.15	0.0289	1.0	-0.22	2.74	1.00	0.00	0.16	111115
148	"06:44:28"	20180721	202	0	4.35	0.0293	141	0.67	2.28	24.04	6	1.42	1	2.84	27.57	24.04	30.07	399.89	390.67	5.808	7.138	15.80	19.42	300.1	1699	6	100.7	5.15	0.0289	1.0	-0.22	2.74	1.00	0.00	0.16	111115
149	"06:44:28"	20180721	202	0	4.34	0.0293	142	0.671	2.28	24.05	6	1.42	1	2.84	27.58	24.05	30.07	399.85	390.65	5.807	7.139	15.79	19.41	300.1	1699	6	100.7	5.15	0.0289	1.0	-0.22	2.74	1.00	0.00	0.16	111115
150	"06:44:28"	20180721	202	0	4.34	0.0293	142	0.671	2.28	24.05	6	1.42	1	2.84	27.58	24.05	30.07	399.85	390.65	5.807	7.139	15.79	19.41	300.1	1699	6	100.7	5.15	0.0289	1.0	-0.22	2.74	1.00	0.00	0.16	111115
151	"06:44:29"	20180721	202	0	4.32	0.0293	143	0.671	2.29	24.05	6	1.42	1	2.84	27.58	24.05	30.07	399.79	390.63	5.807	7.139	15.79	19.41	300.1	1699	6	100.7	5.15	0.0289	1.0	-0.22	2.74	1.00	0.00	0.16	111115
152	"06:44:29"	20180721	202	0	4.31	0.0292	143	0.67	2.29	24.06	6	1.42	1	2.84	27.58	24.06	30.07	399.76	390.62	5.808	7.138	15.78	19.40	300.1	1699	6	100.7	5.15	0.0289	1.0	-0.22	2.74	1.00	0.00	0.16	111115
153	"06:44:30"	20180721	202	0	4.31	0.0292	142	0.669	2.29	24.07	6	1.42	1	2.84	27.59	24.07	30.07	399.75	390.60	5.808	7.137	15.78	19.39	300.1	1699	6	100.7	5.15	0.0289	1.0	-0.22	2.74	1.00	0.00	0.16	111115
154	"06:44:30"	20180721	202	0	4.31	0.0292	142	0.669	2.29	24.07	6	1.42	1	2.84	27.59	24.07	30.07	399.75	390.60	5.808	7.137	15.78	19.39	300.1	1699	6	100.7	5.15	0.0289	1.0	-0.22	2.74	1.00	0.00	0.16	111115
155	"06:44:30"	20180721	202	0	4.33	0.0291	141	0.669	2.29	24.09	6	1.42	1	2.84	27.59	24.09	30.07	399.77	390.59	5.808	7.136	15.78	19.39	300.1	1699	6	100.7	5.15	0.0289	1.0	-0.22	2.74	1.00	0.00	0.16	111115
156	"06:44:31"	20180721	202	0	4.33	0.0291	141	0.669	2.29	24.10	6	1.42	1	2.84	27.60	24.10	30.07	399.78	390.60	5.809	7.137	15.77	19.38	300.1	1699	6	100.7	5.15	0.0289	1.0	-0.22	2.74	1.00	0.00	0.16	111115
157	"06:44:31"	20180721	202	0	4.33	0.0291	141	0.669	2.29	24.10	6	1.42	1	2.84	27.60	24.10	30.07	399.78	390.60	5.809	7.137	15.77	19.38	300.1	1699	6	100.7	5.15	0.0289	1.0	-0.22	2.74	1.00	0.00	0.16	111115
158	"06:44:31"	20180721	202	0	4.36	0.0291	139	0.669	2.3	24.11	6	1.42	1	2.84	27.60	24.11	30.07	399.81	390.57	5.809	7.138	15.77	19.38	300.0	1699	6	100.7	5.15	0.0289	1.0	-0.22	2.74	1.00	0.00	0.16	111115
159	"06:44:32"	20180721	202	0	4.37	0.0291	139	0.67	2.3	24.12	6	1.42	1	2.84	27.61	24.12	30.07	399.82	390.56	5.809	7.139	15.77	19.38	300.0	1699	6	100.7	5.15	0.0289	1.0	-0.22	2.74	1.00	0.00	0.16	111115
160	"06:44:32"	20180721	202	0	4.36	0.0291	139	0.669	2.3	24.12	6	1.42	1	2.84	27.61	24.12	30.07	399.83	390.59	5.810	7.138	15.76	19.37	300.1	1699	6	100.7	5.15	0.0289	1.0	-0.22	2.74	1.00	0.00	0.16	111115
161	"06:44:32"	20180721	202	0	4.36	0.0291	139	0.669	2.3	24.12	6	1.42	1	2.84	27.61	24.12	30.07	399.83	390.59	5.810	7.138	15.76	19.37	300.1	1699	6	100.7	5.15	0.0289	1.0	-0.22	2.74	1.00	0.00	0.16	111115
162	"06:44:33"	20180721	202	0	4.38	0.0291	137	0.67	2.3	24.13	6	1.42	1	2.84	27.62	24.13	30.07	399.86	390.57	5.810	7.139	15.76	19.37	300.1	1699	7	100.7	5.15	0.0289	1.0	-0.22	2.74	1.00	0.00	0.16	111115
"06:45:02 Coolers: Tblock -> 35.00 C"
"06:47:34 Flow: Fixed -> 300 umol/s"
163	"06:48:51"	20180721	202	0	4.57	0.0258	93.7	0.727	2.8	27.98	6	1.42	1	2.84	32.39	27.98	35.10	400.20	390.51	8.404	9.844	17.34	20.31	300.0	1699	6	100.7	5.15	0.0289	1.0	-0.22	2.74	1.00	0.00	0.16	111115
164	"06:48:52"	20180721	202	0	4.55	0.0258	94.8	0.728	2.8	27.99	6	1.42	1	2.84	32.39	27.99	35.10	400.19	390.53	8.404	9.846	17.33	20.31	300.1	1699	5	100.7	5.15	0.0289	1.0	-0.22	2.74	1.00	0.00	0.16	111115
165	"06:48:52"	20180721	202	0	4.55	0.0258	94.8	0.728	2.8	27.99	6	1.42	1	2.84	32.39	27.99	35.10	400.19	390.53	8.404	9.846	17.33	20.31	300.1	1699	5	100.7	5.15	0.0289	1.0	-0.22	2.74	1.00	0.00	0.16	111115
166	"06:48:53"	20180721	202	0	4.51	0.0258	97.2	0.729	2.8	28.00	6	1.42	1	2.84	32.39	28.00	35.10	400.14	390.54	8.405	9.848	17.33	20.31	300.1	1699	5	100.7	5.15	0.0289	1.0	-0.22	2.74	1.00	0.00	0.16	111115
167	"06:48:53"	20180721	202	0	4.51	0.0258	97.2	0.729	2.8	28.00	6	1.42	1	2.84	32.39	28.00	35.10	400.14	390.54	8.405	9.848	17.33	20.31	300.1	1699	5	100.7	5.15	0.0289	1.0	-0.22	2.74	1.00	0.00	0.16	111115
168	"06:48:53"	20180721	202	0	4.52	0.0258	96.9	0.729	2.8	28.00	6	1.42	1	2.84	32.39	28.00	35.10	400.13	390.53	8.405	9.849	17.33	20.31	300.1	1699	5	100.7	5.15	0.0289	1.0	-0.22	2.74	1.00	0.00	0.16	111115
169	"06:48:54"	20180721	202	0	4.49	0.0258	98.3	0.729	2.81	28.01	6	1.42	1	2.84	32.39	28.01	35.10	400.14	390.58	8.405	9.849	17.33	20.31	300.1	1699	5	100.7	5.15	0.0289	1.0	-0.22	2.74	1.00	0.00	0.16	111115
170	"06:48:54"	20180721	202	0	4.49	0.0258	98.3	0.729	2.81	28.01	6	1.42	1	2.84	32.39	28.01	35.10	400.14	390.58	8.405	9.849	17.33	20.31	300.1	1699	5	100.7	5.15	0.0289	1.0	-0.22	2.74	1.00	0.00	0.16	111115
171	"06:48:54"	20180721	202	0	4.5	0.0258	97.9	0.729	2.81	28.02	6	1.42	1	2.84	32.40	28.02	35.10	400.14	390.57	8.405	9.849	17.33	20.30	300.1	1699	5	100.7	5.15	0.0289	1.0	-0.22	2.74	1.00	0.00	0.16	111115
172	"06:48:55"	20180721	202	0	4.5	0.0258	98	0.73	2.81	28.02	6	1.42	1	2.84	32.40	28.02	35.10	400.15	390.58	8.406	9.851	17.33	20.31	300.1	1699	5	100.7	5.15	0.0289	1.0	-0.22	2.74	1.00	0.00	0.16	111115
173	"06:48:55"	20180721	202	0	4.5	0.0258	98.2	0.73	2.81	28.01	6	1.42	1	2.84	32.40	28.01	35.10	400.17	390.59	8.407	9.853	17.32	20.31	300.1	1699	6	100.7	5.15	0.0289	1.0	-0.22	2.74	1.00	0.00	0.16	111115
174	"06:48:55"	20180721	202	0	4.5	0.0258	98.2	0.73	2.81	28.01	6	1.42	1	2.84	32.40	28.01	35.10	400.17	390.59	8.407	9.853	17.32	20.31	300.1	1699	6	100.7	5.15	0.0289	1.0	-0.22	2.74	1.00	0.00	0.16	111115
175	"06:48:56"	20180721	202	0	4.49	0.0258	98.9	0.73	2.81	28.01	6	1.42	1	2.84	32.41	28.01	35.10	400.14	390.60	8.408	9.853	17.32	20.30	300.1	1699	6	100.7	5.15	0.0289	1.0	-0.22	2.74	1.00	0.00	0.16	111115
176	"06:48:56"	20180721	202	0	4.5	0.0258	98.3	0.731	2.81	28.01	6	1.42	1	2.84	32.41	28.01	35.10	400.13	390.55	8.408	9.855	17.32	20.30	300.1	1699	6	100.7	5.15	0.0289	1.0	-0.22	2.74	1.00	0.00	0.16	111115
177	"06:48:57"	20180721	202	0	4.53	0.0258	96.2	0.73	2.81	28.01	6	1.42	1	2.84	32.41	28.01	35.10	400.16	390.52	8.409	9.854	17.32	20.30	300.1	1699	6	100.7	5.15	0.0289	1.0	-0.22	2.74	1.00	0.00	0.16	111115
178	"06:48:57"	20180721	202	0	4.53	0.0258	96.2	0.73	2.81	28.01	6	1.42	1	2.84	32.41	28.01	35.10	400.16	390.52	8.409	9.854	17.32	20.30	300.1	1699	6	100.7	5.15	0.0289	1.0	-0.22	2.74	1.00	0.00	0.16	111115
179	"06:48:57"	20180721	202	0	4.52	0.0258	97.1	0.731	2.81	28.02	6	1.42	1	2.84	32.41	28.02	35.09	400.14	390.53	8.408	9.855	17.32	20.30	300.1	1699	6	100.7	5.15	0.0289	1.0	-0.22	2.74	1.00	0.00	0.16	111115
180	"06:48:58"	20180721	202	0	4.53	0.0258	96.6	0.73	2.81	28.02	6	1.42	1	2.84	32.42	28.02	35.09	400.12	390.50	8.409	9.855	17.32	20.29	300.1	1699	6	100.7	5.15	0.0289	1.0	-0.22	2.74	1.00	0.00	0.16	111115
181	"06:48:58"	20180721	202	0	4.5	0.0258	98	0.73	2.81	28.01	6	1.42	1	2.84	32.42	28.01	35.09	400.11	390.54	8.409	9.855	17.31	20.29	300.1	1699	6	100.7	5.15	0.0289	1.0	-0.22	2.74	1.00	0.00	0.16	111115
182	"06:48:58"	20180721	202	0	4.5	0.0258	98	0.73	2.81	28.01	6	1.42	1	2.84	32.42	28.01	35.09	400.11	390.54	8.409	9.855	17.31	20.29	300.1	1699	6	100.7	5.15	0.0289	1.0	-0.22	2.74	1.00	0.00	0.16	111115
183	"06:48:59"	20180721	202	0	4.49	0.0258	99.2	0.731	2.81	28.01	6	1.42	1	2.84	32.42	28.01	35.09	400.08	390.53	8.408	9.855	17.31	20.29	300.1	1699	6	100.7	5.15	0.0289	1.0	-0.22	2.74	1.00	0.00	0.16	111115
184	"06:48:59"	20180721	202	0	4.48	0.0258	99.8	0.731	2.81	28.03	6	1.42	1	2.84	32.42	28.03	35.09	400.05	390.52	8.408	9.856	17.31	20.29	300.1	1699	6	100.7	5.15	0.0289	1.0	-0.22	2.74	1.00	0.00	0.16	111115
185	"06:48:59"	20180721	202	0	4.48	0.0258	99.8	0.731	2.81	28.03	6	1.42	1	2.84	32.42	28.03	35.09	400.05	390.52	8.408	9.856	17.31	20.29	300.1	1699	6	100.7	5.15	0.0289	1.0	-0.22	2.74	1.00	0.00	0.16	111115
186	"06:49:00"	20180721	202	0	4.49	0.0258	98.8	0.732	2.81	28.04	6	1.42	1	2.84	32.43	28.04	35.09	400.04	390.49	8.408	9.857	17.30	20.29	300.1	1699	6	100.7	5.15	0.0289	1.0	-0.22	2.74	1.00	0.00	0.16	111115
187	"06:49:00"	20180721	202	0	4.48	0.0258	99.4	0.731	2.81	28.04	6	1.42	1	2.84	32.43	28.04	35.08	400.05	390.53	8.408	9.856	17.30	20.28	300.1	1699	6	100.7	5.15	0.0289	1.0	-0.22	2.74	1.00	0.00	0.16	111115
188	"06:49:00"	20180721	202	0	4.49	0.0258	98.9	0.732	2.81	28.05	6	1.42	1	2.84	32.43	28.05	35.08	400.08	390.53	8.408	9.858	17.30	20.28	300.1	1699	6	100.7	5.15	0.0289	1.0	-0.22	2.74	1.00	0.00	0.16	111115
189	"06:49:23"	20180721	202	0	4.51	0.0259	98.7	0.743	2.84	28.20	6	1.42	1	2.84	32.52	28.20	35.09	400.20	390.60	8.417	9.889	17.23	20.24	300.1	1699	6	100.7	5.15	0.0289	1.0	-0.22	2.74	1.00	0.00	0.16	111115
190	"06:49:23"	20180721	202	0	4.51	0.0259	98.7	0.743	2.84	28.20	6	1.42	1	2.84	32.52	28.20	35.09	400.20	390.60	8.417	9.889	17.23	20.24	300.1	1699	6	100.7	5.15	0.0289	1.0	-0.22	2.74	1.00	0.00	0.16	111115
191	"06:49:23"	20180721	202	0	4.51	0.0259	98.7	0.743	2.84	28.20	6	1.42	1	2.84	32.52	28.20	35.09	400.20	390.60	8.417	9.889	17.23	20.24	300.1	1699	6	100.7	5.15	0.0289	1.0	-0.22	2.74	1.00	0.00	0.16	111115
192	"06:49:24"	20180721	202	0	4.51	0.0259	98.6	0.744	2.85	28.21	6	1.42	1	2.84	32.52	28.21	35.09	400.21	390.60	8.417	9.891	17.23	20.24	300.1	1699	6	100.7	5.15	0.0289	1.0	-0.22	2.74	1.00	0.00	0.16	111115
193	"06:49:24"	20180721	202	0	4.56	0.0259	95.8	0.744	2.85	28.22	6	1.42	1	2.84	32.52	28.22	35.09	400.26	390.57	8.418	9.891	17.23	20.24	300.1	1699	6	100.7	5.15	0.0289	1.0	-0.22	2.74	1.00	0.00	0.16	111115
194	"06:49:25"	20180721	202	0	4.59	0.0259	93.5	0.743	2.85	28.22	6	1.42	1	2.84	32.53	28.22	35.09	400.30	390.54	8.418	9.890	17.23	20.24	300.1	1699	6	100.7	5.15	0.0289	1.0	-0.22	2.74	1.00	0.00	0.16	111115
195	"06:49:25"	20180721	202	0	4.59	0.0259	93.5	0.743	2.85	28.22	6	1.42	1	2.84	32.53	28.22	35.09	400.30	390.54	8.418	9.890	17.23	20.24	300.1	1699	6	100.7	5.15	0.0289	1.0	-0.22	2.74	1.00	0.00	0.16	111115
196	"06:49:25"	20180721	202	0	4.58	0.0259	93.8	0.744	2.85	28.23	6	1.42	1	2.84	32.53	28.23	35.09	400.28	390.54	8.418	9.890	17.23	20.24	300.1	1699	6	100.7	5.15	0.0289	1.0	-0.22	2.74	1.00	0.00	0.16	111115
197	"06:49:26"	20180721	202	0	4.59	0.0259	93.1	0.744	2.85	28.24	6	1.42	1	2.84	32.53	28.24	35.09	400.28	390.52	8.418	9.891	17.23	20.24	300.1	1699	6	100.7	5.15	0.0289	1.0	-0.22	2.74	1.00	0.00	0.16	111115
198	"06:49:26"	20180721	202	0	4.58	0.0258	93.4	0.743	2.85	28.24	6	1.42	1	2.84	32.53	28.24	35.08	400.24	390.50	8.419	9.890	17.23	20.24	300.1	1699	6	100.7	5.15	0.0289	1.0	-0.22	2.74	1.00	0.00	0.16	111115
199	"06:49:26"	20180721	202	0	4.58	0.0258	93.4	0.743	2.85	28.24	6	1.42	1	2.84	32.53	28.24	35.08	400.24	390.50	8.419	9.890	17.23	20.24	300.1	1699	6	100.7	5.15	0.0289	1.0	-0.22	2.74	1.00	0.00	0.16	111115
200	"06:49:27"	20180721	202	0	4.55	0.0258	94.7	0.743	2.85	28.25	6	1.42	1	2.84	32.53	28.25	35.08	400.22	390.54	8.419	9.889	17.22	20.23	300.1	1699	6	100.7	5.15	0.0289	1.0	-0.22	2.74	1.00	0.00	0.16	111115
201	"06:49:27"	20180721	202	0	4.56	0.0258	94.5	0.743	2.86	28.25	6	1.42	1	2.84	32.53	28.25	35.08	400.21	390.52	8.420	9.891	17.23	20.24	300.1	1699	6	100.7	5.15	0.0289	1.0	-0.22	2.74	1.00	0.00	0.16	111115
202	"06:49:28"	20180721	202	0	4.55	0.0258	94.9	0.742	2.85	28.25	6	1.42	1	2.84	32.53	28.25	35.08	400.20	390.53	8.421	9.891	17.23	20.23	300.1	1699	7	100.7	5.15	0.0289	1.0	-0.22	2.74	1.00	0.00	0.16	111115
203	"06:49:28"	20180721	202	0	4.55	0.0258	94.9	0.742	2.85	28.25	6	1.42	1	2.84	32.53	28.25	35.08	400.20	390.53	8.421	9.891	17.23	20.23	300.1	1699	7	100.7	5.15	0.0289	1.0	-0.22	2.74	1.00	0.00	0.16	111115
204	"06:49:28"	20180721	202	0	4.51	0.0258	97	0.742	2.85	28.25	6	1.42	1	2.84	32.53	28.25	35.08	400.15	390.54	8.421	9.891	17.23	20.23	300.1	1699	7	100.7	5.15	0.0289	1.0	-0.22	2.74	1.00	0.00	0.16	111115
205	"06:49:29"	20180721	202	0	4.5	0.0258	98.4	0.743	2.85	28.25	6	1.42	1	2.84	32.54	28.25	35.07	400.10	390.53	8.422	9.893	17.23	20.24	300.1	1699	7	100.7	5.15	0.0289	1.0	-0.22	2.74	1.00	0.00	0.16	111115
206	"06:49:29"	20180721	202	0	4.51	0.0258	97.7	0.743	2.85	28.25	6	1.42	1	2.84	32.54	28.25	35.07	400.11	390.51	8.422	9.893	17.23	20.23	300.1	1699	7	100.7	5.15	0.0289	1.0	-0.22	2.74	1.00	0.00	0.16	111115
207	"06:49:29"	20180721	202	0	4.51	0.0258	97.7	0.743	2.85	28.25	6	1.42	1	2.84	32.54	28.25	35.07	400.11	390.51	8.422	9.893	17.23	20.23	300.1	1699	7	100.7	5.15	0.0289	1.0	-0.22	2.74	1.00	0.00	0.16	111115
"06:50:17 Coolers: Tblock -> 40.00 C"
"06:54:06 Flow: Fixed -> 300 umol/s"
208	"06:54:13"	20180721	202	0	4.57	0.0264	97.7	0.9	3.37	30.56	6	1.42	1	2.84	36.54	30.56	40.07	400.24	390.39	8.429	10.211	13.80	16.72	300.0	1699	6	100.7	5.15	0.0289	1.0	-0.22	2.74	1.00	0.00	0.16	111115
209	"06:54:13"	20180721	202	0	4.57	0.0264	97.7	0.9	3.37	30.56	6	1.42	1	2.84	36.54	30.56	40.07	400.24	390.39	8.429	10.211	13.80	16.72	300.0	1699	6	100.7	5.15	0.0289	1.0	-0.22	2.74	1.00	0.00	0.16	111115
210	"06:54:13"	20180721	202	0	4.56	0.0264	98.2	0.9	3.37	30.57	6	1.42	1	2.84	36.55	30.57	40.07	400.21	390.40	8.430	10.210	13.80	16.71	300.0	1699	6	100.7	5.15	0.0289	1.0	-0.22	2.74	1.00	0.00	0.16	111115
211	"06:54:14"	20180721	202	0	4.56	0.0264	98.2	0.9	3.37	30.57	6	1.42	1	2.84	36.55	30.57	40.07	400.21	390.40	8.430	10.210	13.80	16.71	300.0	1699	6	100.7	5.15	0.0289	1.0	-0.22	2.74	1.00	0.00	0.16	111115
212	"06:54:14"	20180721	202	0	4.56	0.0264	97.9	0.9	3.37	30.57	6	1.42	1	2.84	36.55	30.57	40.07	400.23	390.41	8.430	10.211	13.79	16.71	300.0	1699	6	100.7	5.15	0.0289	1.0	-0.22	2.74	1.00	0.00	0.16	111115
213	"06:54:15"	20180721	202	0	4.56	0.0264	97.9	0.9	3.38	30.58	6	1.42	1	2.84	36.56	30.58	40.07	400.21	390.39	8.430	10.212	13.79	16.71	300.0	1699	6	100.7	5.15	0.0289	1.0	-0.22	2.74	1.00	0.00	0.16	111115
214	"06:54:15"	20180721	202	0	4.56	0.0264	97.9	0.9	3.38	30.58	6	1.42	1	2.84	36.56	30.58	40.07	400.21	390.39	8.430	10.212	13.79	16.71	300.0	1699	6	100.7	5.15	0.0289	1.0	-0.22	2.74	1.00	0.00	0.16	111115
215	"06:54:15"	20180721	202	0	4.54	0.0264	99.4	0.902	3.38	30.59	6	1.42	1	2.84	36.56	30.59	40.07	400.18	390.40	8.430	10.215	13.79	16.71	300.0	1699	6	100.7	5.15	0.0289	1.0	-0.22	2.74	1.00	0.00	0.16	111115
216	"06:54:16"	20180721	202	0	4.54	0.0264	99.8	0.902	3.38	30.59	6	1.42	1	2.84	36.57	30.59	40.07	400.19	390.42	8.431	10.216	13.79	16.70	300.0	1699	6	100.7	5.15	0.0289	1.0	-0.22	2.74	1.00	0.00	0.16	111115
217	"06:54:16"	20180721	202	0	4.56	0.0264	98.5	0.902	3.38	30.59	6	1.42	1	2.84	36.57	30.59	40.07	400.22	390.40	8.431	10.216	13.78	16.70	300.0	1699	6	100.7	5.15	0.0289	1.0	-0.22	2.74	1.00	0.00	0.16	111115
218	"06:54:16"	20180721	202	0	4.56	0.0264	98.5	0.902	3.38	30.59	6	1.42	1	2.84	36.57	30.59	40.07	400.22	390.40	8.431	10.216	13.78	16.70	300.0	1699	6	100.7	5.15	0.0289	1.0	-0.22	2.74	1.00	0.00	0.16	111115
219	"06:54:17"	20180721	202	0	4.57	0.0264	97.8	0.902	3.38	30.59	6	1.42	1	2.84	36.57	30.59	40.08	400.22	390.38	8.431	10.217	13.78	16.70	300.0	1699	6	100.7	5.15	0.0289	1.0	-0.22	2.74	1.00	0.00	0.16	111115
220	"06:54:17"	20180721	202	0	4.57	0.0264	97.5	0.903	3.38	30.60	6	1.42	1	2.84	36.58	30.60	40.08	400.22	390.37	8.431	10.218	13.78	16.70	300.0	1699	6	100.7	5.15	0.0289	1.0	-0.22	2.74	1.00	0.00	0.16	111115
221	"06:54:18"	20180721	202	0	4.58	0.0264	97.1	0.904	3.38	30.61	6	1.42	1	2.84	36.58	30.61	40.08	400.24	390.37	8.431	10.219	13.77	16.69	300.0	1699	6	100.7	5.15	0.0289	1.0	-0.22	2.74	1.00	0.00	0.16	111115
222	"06:54:18"	20180721	202	0	4.58	0.0264	97.1	0.904	3.38	30.61	6	1.42	1	2.84	36.58	30.61	40.08	400.24	390.37	8.431	10.219	13.77	16.69	300.0	1699	6	100.7	5.15	0.0289	1.0	-0.22	2.74	1.00	0.00	0.16	111115
223	"06:54:18"	20180721	202	0	4.58	0.0264	97.5	0.905	3.38	30.61	6	1.42	1	2.84	36.59	30.61	40.09	400.23	390.36	8.430	10.221	13.77	16.69	300.0	1699	6	100.7	5.15	0.0289	1.0	-0.22	2.74	1.00	0.00	0.16	111115
224	"06:54:19"	20180721	202	0	4.56	0.0265	99.1	0.906	3.38	30.61	6	1.42	1	2.84	36.59	30.61	40.09	400.22	390.40	8.430	10.222	13.76	16.69	300.0	1699	6	100.7	5.15	0.0289	1.0	-0.22	2.74	1.00	0.00	0.16	111115
225	"06:54:19"	20180721	202	0	4.55	0.0265	99.6	0.905	3.38	30.61	6	1.42	1	2.84	36.60	30.61	40.09	400.22	390.42	8.430	10.222	13.76	16.68	300.0	1699	6	100.7	5.15	0.0289	1.0	-0.22	2.74	1.00	0.00	0.16	111115
226	"06:54:20"	20180721	202	0	4.52	0.0265	101	0.906	3.38	30.61	6	1.42	1	2.84	36.60	30.61	40.10	400.15	390.40	8.430	10.222	13.76	16.68	300.0	1699	7	100.7	5.15	0.0289	1.0	-0.22	2.74	1.00	0.00	0.16	111115
227	"06:54:20"	20180721	202	0	4.52	0.0265	101	0.906	3.38	30.61	6	1.42	1	2.84	36.60	30.61	40.10	400.15	390.40	8.430	10.222	13.76	16.68	300.0	1699	7	100.7	5.15	0.0289	1.0	-0.22	2.74	1.00	0.00	0.16	111115
228	"06:54:20"	20180721	202	0	4.5	0.0265	103	0.907	3.38	30.62	6	1.42	1	2.84	36.61	30.62	40.10	400.09	390.39	8.430	10.225	13.75	16.68	300.0	1699	7	100.7	5.15	0.0289	1.0	-0.22	2.74	1.00	0.00	0.16	111115
229	"06:54:21"	20180721	202	0	4.45	0.0265	106	0.908	3.39	30.62	6	1.42	1	2.84	36.61	30.62	40.10	400.04	390.43	8.430	10.227	13.75	16.68	300.1	1699	7	100.7	5.15	0.0289	1.0	-0.22	2.74	1.00	0.00	0.16	111115
230	"06:54:21"	20180721	202	0	4.45	0.0265	106	0.908	3.39	30.62	6	1.42	1	2.84	36.61	30.62	40.10	400.04	390.43	8.430	10.227	13.75	16.68	300.1	1699	7	100.7	5.15	0.0289	1.0	-0.22	2.74	1.00	0.00	0.16	111115
231	"06:54:21"	20180721	202	0	4.43	0.0265	108	0.909	3.39	30.63	6	1.42	1	2.84	36.62	30.63	40.10	400.01	390.45	8.429	10.228	13.74	16.68	300.1	1699	6	100.7	5.15	0.0289	1.0	-0.22	2.74	1.00	0.00	0.16	111115
232	"06:54:22"	20180721	202	0	4.42	0.0265	108	0.909	3.39	30.63	6	1.42	1	2.84	36.62	30.63	40.11	399.98	390.43	8.430	10.229	13.74	16.67	300.1	1699	6	100.7	5.15	0.0289	1.0	-0.22	2.74	1.00	0.00	0.16	111115
233	"06:54:22"	20180721	202	0	4.4	0.0265	109	0.91	3.39	30.64	6	1.42	1	2.84	36.63	30.64	40.11	399.94	390.43	8.430	10.231	13.74	16.67	300.1	1699	6	100.7	5.15	0.0289	1.0	-0.22	2.74	1.00	0.00	0.16	111115
"06:55:00 Coolers: Tblock -> 45.00 C"
"06:58:22 Flow: Fixed -> 300 umol/s"
234	"06:58:30"	20180721	202	0	5.15	0.027	64.8	1.18	4.3	34.14	6	1.42	1	2.84	41.32	34.14	45.04	400.15	388.92	8.460	10.792	10.71	13.67	300.0	1700	5	100.7	5.15	0.0289	1.0	-0.22	2.74	1.00	0.00	0.16	111115
235	"06:58:30"	20180721	202	0	5.13	0.0268	64.4	1.18	4.32	34.22	6	1.42	1	2.84	41.32	34.22	45.04	400.11	388.92	8.461	10.794	10.71	13.67	300.0	1700	5	100.7	5.15	0.0289	1.0	-0.22	2.74	1.00	0.00	0.16	111115
236	"06:58:31"	20180721	202	0	5.13	0.0268	64.4	1.18	4.32	34.22	6	1.42	1	2.84	41.32	34.22	45.04	400.11	388.92	8.461	10.794	10.71	13.67	300.0	1700	5	100.7	5.15	0.0289	1.0	-0.22	2.74	1.00	0.00	0.16	111115
237	"06:58:31"	20180721	202	0	5.1	0.0267	64.9	1.18	4.35	34.30	6	1.42	1	2.84	41.32	34.30	45.05	400.06	388.94	8.461	10.796	10.71	13.67	300.0	1700	5	100.7	5.15	0.0289	1.0	-0.22	2.74	1.00	0.00	0.16	111115
238	"06:58:32"	20180721	202	0	5.08	0.0266	64.7	1.18	4.37	34.38	6	1.42	1	2.84	41.32	34.38	45.05	400.02	388.94	8.461	10.800	10.71	13.67	300.0	1700	5	100.7	5.15	0.0289	1.0	-0.22	2.74	1.00	0.00	0.16	111115
239	"06:58:32"	20180721	202	0	5.08	0.0266	64.7	1.18	4.37	34.38	6	1.42	1	2.84	41.32	34.38	45.05	400.02	388.94	8.461	10.800	10.71	13.67	300.0	1700	5	100.7	5.15	0.0289	1.0	-0.22	2.74	1.00	0.00	0.16	111115
240	"06:58:32"	20180721	202	0	5.06	0.0264	63.7	1.18	4.4	34.49	6	1.42	1	2.84	41.33	34.49	45.05	399.99	388.94	8.460	10.802	10.71	13.67	300.0	1700	5	100.7	5.15	0.0289	1.0	-0.22	2.74	1.00	0.00	0.16	111115
241	"06:58:33"	20180721	202	0	5.03	0.0263	64.3	1.19	4.43	34.58	6	1.42	1	2.84	41.33	34.58	45.05	399.96	388.99	8.460	10.806	10.71	13.67	300.0	1700	5	100.7	5.15	0.0289	1.0	-0.22	2.74	1.00	0.00	0.16	111115
242	"06:58:33"	20180721	202	0	4.99	0.0262	65.2	1.19	4.45	34.65	6	1.42	1	2.84	41.33	34.65	45.06	399.93	389.03	8.461	10.808	10.71	13.68	300.0	1700	5	100.7	5.15	0.0289	1.0	-0.22	2.74	1.00	0.00	0.16	111115
243	"06:58:33"	20180721	202	0	4.99	0.0262	65.2	1.19	4.45	34.65	6	1.42	1	2.84	41.33	34.65	45.06	399.93	389.03	8.461	10.808	10.71	13.68	300.0	1700	5	100.7	5.15	0.0289	1.0	-0.22	2.74	1.00	0.00	0.16	111115
244	"06:58:34"	20180721	202	0	4.99	0.0262	65.5	1.19	4.46	34.66	6	1.42	1	2.84	41.33	34.66	45.06	399.92	389.02	8.461	10.810	10.70	13.68	300.0	1700	5	100.7	5.15	0.0289	1.0	-0.22	2.74	1.00	0.00	0.16	111115
245	"06:58:34"	20180721	202	0	4.98	0.0262	66.2	1.19	4.45	34.66	6	1.42	1	2.84	41.34	34.66	45.06	399.91	389.03	8.461	10.811	10.70	13.68	300.0	1700	5	100.7	5.15	0.0289	1.0	-0.22	2.74	1.00	0.00	0.16	111115
246	"06:58:35"	20180721	202	0	5.01	0.0262	63.8	1.19	4.46	34.68	6	1.42	1	2.84	41.34	34.68	45.06	399.97	389.02	8.462	10.813	10.70	13.68	300.0	1700	5	100.7	5.15	0.0289	1.0	-0.22	2.74	1.00	0.00	0.16	111115
247	"06:58:35"	20180721	202	0	5.01	0.0262	63.8	1.19	4.46	34.68	6	1.42	1	2.84	41.34	34.68	45.06	399.97	389.02	8.462	10.813	10.70	13.68	300.0	1700	5	100.7	5.15	0.0289	1.0	-0.22	2.74	1.00	0.00	0.16	111115
248	"06:58:35"	20180721	202	0	5.04	0.0262	62.2	1.19	4.46	34.68	6	1.42	1	2.84	41.34	34.68	45.07	400.01	389.00	8.464	10.817	10.70	13.68	300.0	1700	5	100.7	5.15	0.0289	1.0	-0.22	2.74	1.00	0.00	0.16	111115
249	"06:58:36"	20180721	202	0	5.05	0.0262	61.5	1.19	4.46	34.69	6	1.42	1	2.84	41.34	34.69	45.07	400.03	389.00	8.465	10.818	10.70	13.68	300.0	1700	5	100.7	5.15	0.0289	1.0	-0.22	2.74	1.00	0.00	0.16	111115
250	"06:58:36"	20180721	202	0	5.06	0.0262	61.6	1.19	4.46	34.68	6	1.42	1	2.84	41.35	34.68	45.07	400.06	389.01	8.465	10.821	10.70	13.68	300.0	1700	6	100.7	5.15	0.0289	1.0	-0.22	2.74	1.00	0.00	0.16	111115
251	"06:58:36"	20180721	202	0	5.06	0.0262	61.6	1.19	4.46	34.68	6	1.42	1	2.84	41.35	34.68	45.07	400.06	389.01	8.465	10.821	10.70	13.68	300.0	1700	6	100.7	5.15	0.0289	1.0	-0.22	2.74	1.00	0.00	0.16	111115
252	"06:58:37"	20180721	202	0	5.09	0.0262	59.9	1.19	4.46	34.70	6	1.42	1	2.84	41.35	34.70	45.07	400.09	388.99	8.466	10.823	10.70	13.68	300.0	1700	6	100.7	5.15	0.0289	1.0	-0.22	2.74	1.00	0.00	0.16	111115
253	"06:58:37"	20180721	202	0	5.12	0.0262	57.7	1.19	4.47	34.73	6	1.42	1	2.84	41.35	34.73	45.07	400.13	388.97	8.466	10.828	10.70	13.68	300.0	1700	6	100.7	5.15	0.0289	1.0	-0.22	2.74	1.00	0.00	0.16	111115
254	"06:58:38"	20180721	202	0	5.13	0.0262	56.6	1.2	4.48	34.76	6	1.42	1	2.84	41.36	34.76	45.07	400.14	388.95	8.466	10.830	10.70	13.69	300.0	1700	6	100.7	5.15	0.0289	1.0	-0.22	2.74	1.00	0.00	0.16	111115
255	"06:58:38"	20180721	202	0	5.14	0.0262	55.7	1.2	4.49	34.79	6	1.42	1	2.84	41.36	34.79	45.08	400.12	388.91	8.467	10.833	10.70	13.69	300.0	1700	6	100.7	5.15	0.0289	1.0	-0.22	2.74	1.00	0.00	0.16	111115
256	"06:58:39"	20180721	202	0	5.12	0.0262	57	1.2	4.5	34.81	6	1.42	1	2.84	41.36	34.81	45.08	400.09	388.92	8.466	10.837	10.69	13.69	300.0	1700	6	100.7	5.15	0.0289	1.0	-0.22	2.74	1.00	0.00	0.16	111115
257	"06:58:39"	20180721	202	0	5.12	0.0262	57	1.2	4.5	34.81	6	1.42	1	2.84	41.36	34.81	45.08	400.09	388.92	8.466	10.837	10.69	13.69	300.0	1700	6	100.7	5.15	0.0289	1.0	-0.22	2.74	1.00	0.00	0.16	111115
258	"06:58:39"	20180721	202	0	5.1	0.0262	58.3	1.2	4.5	34.82	6	1.42	1	2.84	41.37	34.82	45.08	400.06	388.94	8.466	10.839	10.69	13.69	300.0	1700	5	100.7	5.15	0.0289	1.0	-0.22	2.74	1.00	0.00	0.16	111115
259	"06:58:40"	20180721	202	0	5.11	0.0262	57.7	1.2	4.51	34.85	6	1.42	1	2.84	41.37	34.85	45.08	400.09	388.94	8.466	10.841	10.69	13.69	300.0	1700	5	100.7	5.15	0.0289	1.0	-0.22	2.74	1.00	0.00	0.16	111115
260	"06:58:40"	20180721	202	0	5.09	0.0262	58.7	1.2	4.51	34.87	6	1.42	1	2.84	41.37	34.87	45.08	400.06	388.95	8.466	10.844	10.69	13.69	300.0	1700	5	100.7	5.15	0.0289	1.0	-0.22	2.74	1.00	0.00	0.16	111115
261	"06:58:40"	20180721	202	0	5.09	0.0262	58.7	1.2	4.51	34.87	6	1.42	1	2.84	41.37	34.87	45.08	400.06	388.95	8.466	10.844	10.69	13.69	300.0	1700	5	100.7	5.15	0.0289	1.0	-0.22	2.74	1.00	0.00	0.16	111115
262	"06:58:41"	20180721	202	0	5.08	0.0262	59.7	1.2	4.52	34.87	6	1.42	1	2.84	41.38	34.87	45.08	400.05	388.95	8.465	10.848	10.69	13.69	300.0	1700	5	100.7	5.15	0.0289	1.0	-0.22	2.74	1.00	0.00	0.16	111115
263	"06:58:41"	20180721	202	0	5.06	0.0263	61.7	1.21	4.51	34.84	6	1.42	1	2.84	41.38	34.84	45.08	400.03	388.97	8.465	10.850	10.68	13.69	300.0	1700	5	100.7	5.15	0.0289	1.0	-0.22	2.74	1.00	0.00	0.16	111115
264	"06:58:42"	20180721	202	0	5.06	0.0264	63	1.21	4.5	34.82	6	1.42	1	2.84	41.38	34.82	45.08	400.04	388.99	8.465	10.854	10.68	13.70	300.0	1700	5	100.7	5.15	0.0289	1.0	-0.22	2.74	1.00	0.00	0.16	111115
265	"06:58:42"	20180721	202	0	5.06	0.0264	63.3	1.21	4.5	34.83	6	1.42	1	2.84	41.38	34.83	45.08	400.07	389.01	8.464	10.858	10.68	13.70	300.0	1700	5	100.7	5.15	0.0289	1.0	-0.22	2.74	1.00	0.00	0.16	111115
266	"06:58:42"	20180721	202	0	5.06	0.0264	63.3	1.21	4.5	34.83	6	1.42	1	2.84	41.38	34.83	45.08	400.07	389.01	8.464	10.858	10.68	13.70	300.0	1700	5	100.7	5.15	0.0289	1.0	-0.22	2.74	1.00	0.00	0.16	111115
267	"06:58:43"	20180721	202	0	5.06	0.0264	63.6	1.21	4.5	34.83	6	1.42	1	2.84	41.39	34.83	45.08	400.08	389.02	8.465	10.861	10.68	13.70	300.0	1700	5	100.7	5.15	0.0289	1.0	-0.22	2.74	1.00	0.00	0.16	111115
268	"06:58:43"	20180721	202	0	5.08	0.0265	62.4	1.21	4.5	34.83	6	1.42	1	2.84	41.39	34.83	45.08	400.10	388.99	8.464	10.864	10.68	13.70	300.0	1700	6	100.7	5.15	0.0289	1.0	-0.22	2.74	1.00	0.00	0.16	111115
"07:01:14 Coolers: Tblock -> 50.00 C"
"07:26:22 Coolers: Tblock -> 49.76 C"
"07:26:39 Flow: Fixed -> 300 umol/s"
269	"07:26:53"	20180721	202	0	4.98	0.0245	42.3	1.31	5.22	36.97	6	1.42	1	2.84	45.75	36.97	49.74	399.91	388.92	8.092	10.676	8.13	10.73	299.9	1700	4	100.7	5.15	0.0289	1.0	-0.22	2.74	1.00	0.00	0.16	111115
270	"07:26:54"	20180721	202	0	4.99	0.0245	41.7	1.31	5.23	36.99	6	1.42	1	2.84	45.76	36.99	49.74	399.92	388.93	8.092	10.677	8.13	10.73	300.0	1700	4	100.7	5.15	0.0289	1.0	-0.22	2.74	1.00	0.00	0.16	111115
271	"07:26:54"	20180721	202	0	4.99	0.0245	41.7	1.31	5.23	36.99	6	1.42	1	2.84	45.76	36.99	49.74	399.92	388.93	8.092	10.677	8.13	10.73	300.0	1700	4	100.7	5.15	0.0289	1.0	-0.22	2.74	1.00	0.00	0.16	111115
272	"07:26:54"	20180721	202	0	4.97	0.0244	42.3	1.31	5.23	37.00	6	1.42	1	2.84	45.76	37.00	49.74	399.93	388.97	8.092	10.676	8.13	10.73	300.0	1700	4	100.7	5.15	0.0289	1.0	-0.22	2.74	1.00	0.00	0.16	111115
273	"07:26:55"	20180721	202	0	4.97	0.0244	42.3	1.31	5.23	37.00	6	1.42	1	2.84	45.76	37.00	49.74	399.93	388.97	8.092	10.676	8.13	10.73	300.0	1700	4	100.7	5.15	0.0289	1.0	-0.22	2.74	1.00	0.00	0.16	111115
274	"07:26:55"	20180721	202	0	4.98	0.0244	41.7	1.31	5.23	37.01	6	1.42	1	2.84	45.76	37.01	49.74	399.94	388.96	8.093	10.678	8.13	10.73	300.0	1700	4	100.7	5.15	0.0289	1.0	-0.22	2.74	1.00	0.00	0.16	111115
275	"07:26:55"	20180721	202	0	4.96	0.0245	43.4	1.31	5.23	37.01	6	1.42	1	2.84	45.76	37.01	49.74	399.91	388.97	8.093	10.681	8.13	10.73	300.0	1700	4	100.7	5.15	0.0289	1.0	-0.22	2.74	1.00	0.00	0.16	111115
276	"07:26:56"	20180721	202	0	4.96	0.0245	43.4	1.31	5.23	37.01	6	1.42	1	2.84	45.76	37.01	49.74	399.91	388.97	8.093	10.681	8.13	10.73	300.0	1700	4	100.7	5.15	0.0289	1.0	-0.22	2.74	1.00	0.00	0.16	111115
277	"07:26:56"	20180721	202	0	4.98	0.0245	41.9	1.31	5.23	37.01	6	1.42	1	2.84	45.77	37.01	49.75	399.94	388.95	8.093	10.681	8.13	10.73	300.0	1700	4	100.7	5.15	0.0289	1.0	-0.22	2.74	1.00	0.00	0.16	111115
278	"07:26:56"	20180721	202	0	5.01	0.0245	40.2	1.31	5.23	37.01	6	1.42	1	2.84	45.77	37.01	49.75	400.00	388.95	8.093	10.682	8.13	10.73	300.0	1700	4	100.7	5.15	0.0289	1.0	-0.22	2.74	1.00	0.00	0.16	111115
279	"07:26:57"	20180721	202	0	5.04	0.0245	38.5	1.31	5.23	37.01	6	1.42	1	2.84	45.77	37.01	49.75	400.04	388.94	8.093	10.682	8.13	10.73	300.0	1700	4	100.7	5.15	0.0289	1.0	-0.22	2.74	1.00	0.00	0.16	111115
280	"07:26:57"	20180721	202	0	5.06	0.0245	38	1.31	5.23	36.99	6	1.42	1	2.84	45.77	36.99	49.75	400.06	388.92	8.093	10.683	8.13	10.73	300.0	1700	5	100.7	5.15	0.0289	1.0	-0.22	2.74	1.00	0.00	0.16	111115
281	"07:26:58"	20180721	202	0	5.06	0.0245	38	1.31	5.23	36.99	6	1.42	1	2.84	45.77	36.99	49.75	400.06	388.92	8.093	10.683	8.13	10.73	300.0	1700	5	100.7	5.15	0.0289	1.0	-0.22	2.74	1.00	0.00	0.16	111115
282	"07:26:58"	20180721	202	0	5.07	0.0245	37.4	1.31	5.22	36.98	6	1.42	1	2.84	45.77	36.98	49.75	400.05	388.89	8.092	10.682	8.13	10.73	300.0	1700	5	100.7	5.15	0.0289	1.0	-0.22	2.74	1.00	0.00	0.16	111115
283	"07:26:58"	20180721	202	0	5.05	0.0245	38.8	1.31	5.22	36.98	6	1.42	1	2.84	45.78	36.98	49.75	400.01	388.89	8.092	10.683	8.13	10.73	300.0	1700	5	100.7	5.15	0.0289	1.0	-0.22	2.74	1.00	0.00	0.16	111115
284	"07:26:59"	20180721	202	0	5.03	0.0245	40	1.31	5.22	36.98	6	1.42	1	2.84	45.78	36.98	49.75	399.97	388.89	8.092	10.682	8.12	10.72	300.0	1700	5	100.7	5.15	0.0289	1.0	-0.22	2.74	1.00	0.00	0.16	111115
285	"07:26:59"	20180721	202	0	5.03	0.0245	40	1.31	5.22	36.98	6	1.42	1	2.84	45.78	36.98	49.75	399.97	388.89	8.092	10.682	8.12	10.72	300.0	1700	5	100.7	5.15	0.0289	1.0	-0.22	2.74	1.00	0.00	0.16	111115
286	"07:26:59"	20180721	202	0	5.03	0.0245	40.1	1.31	5.22	36.98	6	1.42	1	2.84	45.78	36.98	49.75	399.98	388.90	8.091	10.683	8.12	10.72	300.0	1700	5	100.7	5.15	0.0289	1.0	-0.22	2.74	1.00	0.00	0.16	111115
287	"07:27:00"	20180721	202	0	5.02	0.0245	40.8	1.31	5.22	36.98	6	1.42	1	2.84	45.78	36.98	49.75	399.95	388.89	8.091	10.684	8.12	10.73	300.0	1700	5	100.7	5.15	0.0289	1.0	-0.22	2.74	1.00	0.00	0.16	111115
288	"07:27:00"	20180721	202	0	5.02	0.0245	40.8	1.31	5.22	36.98	6	1.42	1	2.84	45.78	36.98	49.75	399.95	388.89	8.091	10.684	8.12	10.73	300.0	1700	5	100.7	5.15	0.0289	1.0	-0.22	2.74	1.00	0.00	0.16	111115
289	"07:27:00"	20180721	202	0	5.02	0.0245	40.3	1.31	5.23	37.00	6	1.42	1	2.84	45.78	37.00	49.75	399.93	388.87	8.092	10.683	8.12	10.72	300.0	1700	5	100.7	5.15	0.0289	1.0	-0.22	2.74	1.00	0.00	0.16	111115
290	"07:27:01"	20180721	202	0	4.99	0.0245	41.9	1.31	5.23	37.00	6	1.42	1	2.84	45.78	37.00	49.75	399.91	388.91	8.092	10.683	8.12	10.72	300.0	1700	5	100.7	5.15	0.0289	1.0	-0.22	2.74	1.00	0.00	0.16	111115
291	"07:27:01"	20180721	202	0	4.98	0.0245	42.8	1.31	5.23	37.00	6	1.42	1	2.84	45.78	37.00	49.75	399.89	388.91	8.092	10.683	8.12	10.72	300.0	1700	5	100.7	5.15	0.0289	1.0	-0.22	2.74	1.00	0.00	0.16	111115
292	"07:27:02"	20180721	202	0	4.98	0.0245	42.8	1.31	5.23	37.00	6	1.42	1	2.84	45.78	37.00	49.75	399.89	388.91	8.092	10.683	8.12	10.72	300.0	1700	5	100.7	5.15	0.0289	1.0	-0.22	2.74	1.00	0.00	0.16	111115
293	"07:27:02"	20180721	202	0	4.97	0.0245	43.1	1.31	5.23	37.01	6	1.42	1	2.84	45.78	37.01	49.75	399.87	388.90	8.092	10.684	8.12	10.72	300.0	1700	5	100.7	5.15	0.0289	1.0	-0.22	2.74	1.00	0.00	0.16	111115
294	"07:27:02"	20180721	202	0	5.02	0.0245	40.1	1.31	5.23	37.01	6	1.42	1	2.84	45.79	37.01	49.75	399.93	388.86	8.092	10.686	8.12	10.72	300.0	1700	5	100.7	5.15	0.0289	1.0	-0.22	2.74	1.00	0.00	0.16	111115
295	"07:27:03"	20180721	202	0	5.02	0.0245	40.1	1.31	5.23	37.01	6	1.42	1	2.84	45.79	37.01	49.75	399.93	388.86	8.092	10.686	8.12	10.72	300.0	1700	5	100.7	5.15	0.0289	1.0	-0.22	2.74	1.00	0.00	0.16	111115
296	"07:27:03"	20180721	202	0	5.05	0.0245	38.6	1.31	5.23	37.02	6	1.42	1	2.84	45.79	37.02	49.75	399.98	388.86	8.091	10.688	8.12	10.73	300.0	1700	4	100.7	5.15	0.0289	1.0	-0.22	2.74	1.00	0.00	0.16	111115
297	"07:27:03"	20180721	202	0	5.06	0.0245	37.6	1.31	5.24	37.03	6	1.42	1	2.84	45.79	37.03	49.75	400.01	388.87	8.091	10.687	8.12	10.72	300.0	1700	4	100.7	5.15	0.0289	1.0	-0.22	2.74	1.00	0.00	0.16	111115
298	"07:27:04"	20180721	202	0	5.07	0.0245	36.8	1.31	5.25	37.05	6	1.42	1	2.84	45.79	37.05	49.76	400.02	388.87	8.091	10.687	8.12	10.72	300.0	1700	4	100.7	5.15	0.0289	1.0	-0.22	2.74	1.00	0.00	0.16	111115
299	"07:27:04"	20180721	202	0	5.07	0.0245	36.8	1.31	5.25	37.05	6	1.42	1	2.84	45.79	37.05	49.76	400.02	388.87	8.091	10.687	8.12	10.72	300.0	1700	4	100.7	5.15	0.0289	1.0	-0.22	2.74	1.00	0.00	0.16	111115
