"OPEN 6.3.4"
"Tue Jul 24 2018 03:54:56"
<open><version>"6.3.4"</version></open>
<open><configfile>"/User/Configs/UserPrefs/LED2x3.xml"</configfile></open>
<open><light><source>"6400-02 or -02B LED Source"</source><par_in>1<sensor>"SI-2503"<cal>-0.86<actinity>1.00</actinity><transm>1.00</transm></cal></sensor><transm>1</transm></par_in><par_out>1<sensor>"Q40491"<cal>6.5</cal></sensor></par_out></light></open>
<open><comps><file>"/User/Configs/Comps/StdComps_6.1"<header>""</header><extras></extras></file><energybal>no<f_parIn>1</f_parIn><f_parOut>0</f_parOut><alphaK>0.16</alphaK></energybal><bc_total>2.840<stomatal_ratio>1</stomatal_ratio><bc_oneside>1.420<type>2</type><table>"/Sys/Lib/StdBLCTable"</table><area>6</area><slope>-0.219565</slope><offset>2.73739</offset><fan>5</fan></bc_oneside></bc_total></comps></open>
<open><prompts><onlog>off</onlog><items>"Default (none)"</items></prompts></open>
<open><constants><oxygen>21 %</oxygen><bb_vapor>1.5</bb_vapor><bb_oxy>0.9</bb_oxy></constants></open>
<open><stability><items>"Std Stability"<items[1]><id>-2</id><size>15</size><pcv><onoff>0</onoff><value>1</value></pcv><std><onoff>0</onoff><value>1</value></std><slp><onoff>1</onoff><value>1</value></slp></items[1]><items[2]><id>-5</id><size>15</size><pcv><onoff>0</onoff><value>1</value></pcv><std><onoff>0</onoff><value>1</value></std><slp><onoff>1</onoff><value>1</value></slp></items[2]><items[3]><id>-7</id><size>15</size><pcv><onoff>0</onoff><value>1</value></pcv><std><onoff>0</onoff><value>1</value></std><slp><onoff>1</onoff><value>1</value></slp></items[3]></items></stability></open>
<open><log><format>"StdLogFmt_6.0"<items>{ -35 -21 -70 -69 -76 30 23 36 21 25 221 -33 111 -34 11 -9 -10 -8 -1 -2 -4 -5 -14 -15 -7 -12 -13 -11 -65 -66 -72 -18 -19 -77 -78 -79 -23  }<hdr>{  }</hdr></items></format><options><beep>on</beep><match>"never"<time>30</time><co2>100</co2><delta>10</delta></match><hdr>normal</hdr><rem>normal</rem><stab>no</stab><stats>no<mean>no</mean><file>no</file><period>15</period></stats><excel>yes</excel><controls>yes</controls><comm>no</comm></options><datafile>"/User/0000-AAN3570-240718"</datafile><button><action>"Normal Log"<code>" LogOneObsManual "</code></action></button><autoprog>"/User/Configs/AutoProgs/AutoLog2"<active>no</active></autoprog></log></open>
<open><a2d><avgtime>4.0 secs</avgtime><userchans><ch20>"Off"</ch20><ch21>"Off"</ch21><ch22>"Off"</ch22><ch23>"Off"</ch23></userchans></a2d></open>
<open><matching><type>0</type><disp>'a'</disp><settings>><CO2Limit>10.0</CO2Limit><H2OLimit>1.0</H2OLimit><MaxAutoTime>60</MaxAutoTime><AverageTime>10</AverageTime></settings></matching></open>
<li6400><factory><unit>"PSC-2470"</unit><serviced>"5 Feb 2018"</serviced><fuseaware>0</fuseaware><co2mixer>yes</co2mixer><co2><coeffs>{ 0 0.214772 2.55802e-05 1.93228e-08 -3.02262e-12 2.75724e-16  }</coeffs><dvdt>-4</dvdt><xs>{ 9.11e-05 0.00178  }</xs></co2><h2o><coeffs>{ 0 0.00581526 2.16703e-06 7.69607e-12  }</coeffs><dvdt>-2.9</dvdt><xs>{ -0.000111 -0.00256  }</xs></h2o><flow>{ 0 0.3696  }</flow><press>{ 86.913 0.00551  }</press></factory></li6400>
<li6400><user><flow_zero>-3.5</flow_zero><irga_zero><co2>113.5 152.5<at>27.1329</at></co2><h2o>-3.5 -3.5<at>28.1091</at></h2o></irga_zero><irga_span><co2>{ 0.990134 0.992694  }</co2><h2o>{ 0.996743 0.99801  }</h2o></irga_span><irga_match><co2>{ 0.110267 11.0825  }</co2><h2o>{ -0.0816591 -0.278421  }</h2o></irga_match><co2_mixer><pump_mv>4500</pump_mv><ppm>{ 2352.67 1117.67 439.284 266.3 121.188 70.6751 48.8233 48.8102  }</ppm><mv>{ 5000 3000 1500 1000 500 300 200 100  }</mv></co2_mixer><parin_offset>-0.211894</parin_offset><led_cal><unit>"SI-2503"</unit><mv>{ 10 25 50 100 1000 2000 3000 4000 5000  }</mv><qntm>{ 1.83047 9.20354 23.3042 57.5395 736.221 1467.2 2160.1 2821.48 3447.04  }</qntm></led_cal><lcf_cal><unit>"LCF-0981"</unit><red><mv>{ 50 100 200 400 800 1500  }</mv><qntm>{ 64.6036 145.758 312.409 661.73 1377.94 2641.23  }</qntm></red><blue><mv>{ 100 500 1000 2000 3000 4000 5000  }</mv><qntm>{ 11.107 44.4539 81.9578 145.168 203.372 256.093 300.56  }</qntm></blue></lcf_cal></user></li6400>
"03:54:57 "
$STARTOFDATA$
"Obs"	"HHMMSS"	"YYYYMMDD"	"DOY"	"EBal?"	"Photo"	"Cond"	"Ci"	"Trmmol"	"VpdL"	"CTleaf"	"Area"	"BLC_1"	"StmRat"	"BLCond"	"Tair"	"Tleaf"	"TBlk"	"CO2R"	"CO2S"	"H2OR"	"H2OS"	"RH_R"	"RH_S"	"Flow"	"PARi"	"PARo"	"Press"	"CsMch"	"HsMch"	"StableF"	"BLCslope"	"BLCoffst"	"f_parin"	"f_parout"	"alphaK"	"Status"
"03:55:15 CO2 Mixer: CO2R -> 400 uml"
"03:55:32 Coolers: Tblock -> 11.00 C"
1	"03:57:53"	20180724	205	0	-395	0.515	2.11E+03	2.13	0.481	12.34	6	1.42	1	2.84	11.52	12.34	11.10	400.74	699.41	7.995	9.594	58.56	70.27	790.0	1698	2	99.87	11.1	-0.278	0.3	-0.22	2.74	1.00	0.00	0.16	111215
"04:01:35 Flow: Fixed -> 500 umol/s"
"04:10:53 Flow: Fixed -> 300 umol/s"
"04:14:49 Flow: Fixed -> 200 umol/s"
"04:31:33 Coolers: Tblock -> 0.00 C"
"04:47:48 Coolers: Tblock -> 0.44 C"
"04:48:43 Flow: Fixed -> 200 umol/s"
2	"04:48:59"	20180724	205	0	1.55	0.0816	360	0.503	0.63	5.58	6	1.42	1	2.84	2.44	5.58	0.52	399.90	394.67	1.308	2.815	17.88	38.45	199.9	1701	2	99.92	11.1	-0.278	1.0	-0.22	2.74	1.00	0.00	0.16	111115
3	"04:49:00"	20180724	205	0	1.55	0.0816	360	0.503	0.63	5.58	6	1.42	1	2.84	2.44	5.58	0.52	399.90	394.67	1.308	2.815	17.88	38.45	199.9	1701	2	99.92	11.1	-0.278	1.0	-0.22	2.74	1.00	0.00	0.16	111115
4	"04:49:00"	20180724	205	0	1.55	0.0816	360	0.503	0.63	5.58	6	1.42	1	2.84	2.44	5.58	0.52	399.93	394.67	1.308	2.815	17.87	38.46	199.9	1700	2	99.92	11.1	-0.278	1.0	-0.22	2.74	1.00	0.00	0.16	111115
5	"04:49:00"	20180724	205	0	1.56	0.0816	359	0.503	0.63	5.56	6	1.42	1	2.84	2.44	5.56	0.52	399.95	394.66	1.308	2.813	17.87	38.44	199.9	1700	2	99.92	11.1	-0.278	1.0	-0.22	2.74	1.00	0.00	0.16	111115
6	"04:49:01"	20180724	205	0	1.56	0.0816	359	0.503	0.63	5.56	6	1.42	1	2.84	2.44	5.56	0.52	399.95	394.66	1.308	2.813	17.87	38.44	199.9	1700	2	99.92	11.1	-0.278	1.0	-0.22	2.74	1.00	0.00	0.16	111115
7	"04:49:01"	20180724	205	0	1.56	0.0815	359	0.503	0.631	5.58	6	1.42	1	2.84	2.44	5.58	0.52	399.95	394.66	1.308	2.814	17.87	38.44	199.9	1700	2	99.92	11.1	-0.278	1.0	-0.22	2.74	1.00	0.00	0.16	111115
8	"04:49:02"	20180724	205	0	1.58	0.0816	359	0.504	0.631	5.59	6	1.42	1	2.84	2.44	5.59	0.52	399.99	394.65	1.307	2.815	17.86	38.46	199.9	1701	2	99.92	11.1	-0.278	1.0	-0.22	2.74	1.00	0.00	0.16	111115
9	"04:49:02"	20180724	205	0	1.59	0.0815	359	0.504	0.631	5.59	6	1.42	1	2.84	2.44	5.59	0.52	400.04	394.67	1.308	2.815	17.87	38.47	199.9	1700	2	99.92	11.1	-0.278	1.0	-0.22	2.74	1.00	0.00	0.16	111115
10	"04:49:03"	20180724	205	0	1.62	0.0816	358	0.504	0.632	5.60	6	1.42	1	2.84	2.44	5.60	0.52	400.08	394.63	1.308	2.817	17.87	38.49	199.9	1701	2	99.92	11.1	-0.278	1.0	-0.22	2.74	1.00	0.00	0.16	111115
11	"04:49:03"	20180724	205	0	1.61	0.0816	358	0.504	0.631	5.60	6	1.42	1	2.84	2.44	5.60	0.52	400.09	394.65	1.308	2.817	17.87	38.49	199.9	1701	2	99.92	11.1	-0.278	1.0	-0.22	2.74	1.00	0.00	0.16	111115
12	"04:49:04"	20180724	205	0	1.62	0.0813	358	0.503	0.632	5.61	6	1.42	1	2.84	2.44	5.61	0.52	400.10	394.64	1.308	2.814	17.88	38.46	199.9	1701	2	99.92	11.1	-0.278	1.0	-0.22	2.74	1.00	0.00	0.16	111115
13	"04:49:05"	20180724	205	0	1.62	0.0812	358	0.503	0.633	5.62	6	1.42	1	2.84	2.44	5.62	0.52	400.10	394.65	1.308	2.814	17.88	38.46	199.9	1701	2	99.92	11.1	-0.278	1.0	-0.22	2.74	1.00	0.00	0.16	111115
14	"04:49:05"	20180724	205	0	1.62	0.0813	358	0.503	0.633	5.61	6	1.42	1	2.84	2.44	5.61	0.52	400.10	394.64	1.309	2.815	17.88	38.46	199.9	1701	2	99.92	11.1	-0.278	1.0	-0.22	2.74	1.00	0.00	0.16	111115
15	"04:49:06"	20180724	205	0	1.62	0.0813	358	0.503	0.632	5.60	6	1.42	1	2.84	2.44	5.60	0.52	400.07	394.61	1.309	2.814	17.89	38.45	199.9	1701	2	99.92	11.1	-0.278	1.0	-0.22	2.74	1.00	0.00	0.16	111115
16	"04:49:06"	20180724	205	0	1.61	0.0814	358	0.503	0.632	5.60	6	1.42	1	2.84	2.44	5.60	0.52	400.05	394.61	1.309	2.815	17.88	38.46	199.9	1701	2	99.92	11.1	-0.278	1.0	-0.22	2.74	1.00	0.00	0.16	111115
17	"04:49:07"	20180724	205	0	1.6	0.0813	359	0.503	0.632	5.60	6	1.42	1	2.84	2.44	5.60	0.52	400.04	394.66	1.309	2.814	17.88	38.45	199.9	1701	2	99.92	11.1	-0.278	1.0	-0.22	2.74	1.00	0.00	0.16	111115
18	"04:49:07"	20180724	205	0	1.61	0.0814	358	0.503	0.632	5.60	6	1.42	1	2.84	2.44	5.60	0.52	400.08	394.64	1.309	2.815	17.89	38.46	199.9	1700	2	99.92	11.1	-0.278	1.0	-0.22	2.74	1.00	0.00	0.16	111115
19	"04:49:08"	20180724	205	0	1.6	0.0815	359	0.504	0.632	5.60	6	1.42	1	2.84	2.44	5.60	0.52	400.05	394.65	1.309	2.817	17.88	38.49	199.9	1700	2	99.92	11.1	-0.278	1.0	-0.22	2.74	1.00	0.00	0.16	111115
20	"04:49:08"	20180724	205	0	1.59	0.0816	359	0.504	0.631	5.59	6	1.42	1	2.84	2.44	5.59	0.52	400.02	394.64	1.309	2.817	17.88	38.49	199.9	1700	2	99.92	11.1	-0.278	1.0	-0.22	2.74	1.00	0.00	0.16	111115
21	"04:49:09"	20180724	205	0	1.59	0.0816	359	0.504	0.631	5.60	6	1.42	1	2.84	2.44	5.60	0.52	400.01	394.64	1.308	2.818	17.88	38.50	199.9	1700	2	99.92	11.1	-0.278	1.0	-0.22	2.74	1.00	0.00	0.16	111115
22	"04:49:09"	20180724	205	0	1.59	0.0817	359	0.505	0.632	5.60	6	1.42	1	2.84	2.44	5.60	0.52	400.01	394.66	1.308	2.819	17.88	38.52	199.9	1700	2	99.92	11.1	-0.278	1.0	-0.22	2.74	1.00	0.00	0.16	111115
23	"04:49:10"	20180724	205	0	1.58	0.0818	359	0.505	0.631	5.59	6	1.42	1	2.84	2.44	5.59	0.52	400.04	394.68	1.308	2.819	17.87	38.51	199.9	1700	2	99.92	11.1	-0.278	1.0	-0.22	2.74	1.00	0.00	0.16	111115
24	"04:49:10"	20180724	205	0	1.58	0.0817	359	0.505	0.631	5.60	6	1.42	1	2.84	2.44	5.60	0.53	400.02	394.69	1.308	2.819	17.87	38.51	199.9	1700	2	99.92	11.1	-0.278	1.0	-0.22	2.74	1.00	0.00	0.16	111115
25	"04:49:11"	20180724	205	0	1.57	0.0818	359	0.505	0.631	5.59	6	1.42	1	2.84	2.44	5.59	0.53	400.03	394.72	1.308	2.819	17.87	38.51	199.9	1700	2	99.92	11.1	-0.278	1.0	-0.22	2.74	1.00	0.00	0.16	111115
"04:50:04 Coolers: Tblock -> 5.00 C"
"04:51:17 Flow: Fixed -> 200 umol/s"
26	"04:51:32"	20180724	205	0	2.1	0.0839	348	0.578	0.704	7.04	6	1.42	1	2.84	5.67	7.04	5.12	399.96	392.97	1.321	3.051	14.38	33.21	199.9	1700	3	99.92	11.1	-0.278	1.0	-0.22	2.74	1.00	0.00	0.16	111115
27	"04:51:33"	20180724	205	0	2.1	0.0839	348	0.578	0.704	7.04	6	1.42	1	2.84	5.67	7.04	5.12	399.96	392.97	1.321	3.051	14.38	33.21	199.9	1700	3	99.92	11.1	-0.278	1.0	-0.22	2.74	1.00	0.00	0.16	111115
28	"04:51:33"	20180724	205	0	2.07	0.0839	348	0.578	0.704	7.05	6	1.42	1	2.84	5.68	7.05	5.12	399.90	392.99	1.321	3.051	14.38	33.21	199.9	1700	2	99.92	11.1	-0.278	1.0	-0.22	2.74	1.00	0.00	0.16	111115
29	"04:51:34"	20180724	205	0	2.05	0.0839	349	0.578	0.705	7.05	6	1.42	1	2.84	5.68	7.05	5.12	399.84	393.01	1.321	3.052	14.37	33.21	199.9	1700	2	99.92	11.1	-0.278	1.0	-0.22	2.74	1.00	0.00	0.16	111115
30	"04:51:34"	20180724	205	0	2.04	0.0839	349	0.578	0.705	7.05	6	1.42	1	2.84	5.68	7.05	5.12	399.80	393.01	1.321	3.051	14.38	33.20	199.9	1700	2	99.92	11.1	-0.278	1.0	-0.22	2.74	1.00	0.00	0.16	111115
31	"04:51:35"	20180724	205	0	2.01	0.0838	349	0.578	0.705	7.06	6	1.42	1	2.84	5.69	7.06	5.12	399.73	393.02	1.321	3.051	14.37	33.19	199.9	1700	2	99.92	11.1	-0.278	1.0	-0.22	2.74	1.00	0.00	0.16	111115
32	"04:51:35"	20180724	205	0	2	0.0838	350	0.578	0.705	7.07	6	1.42	1	2.84	5.69	7.07	5.12	399.68	393.00	1.322	3.052	14.37	33.19	199.9	1699	3	99.92	11.1	-0.278	1.0	-0.22	2.74	1.00	0.00	0.16	111115
33	"04:51:36"	20180724	205	0	1.99	0.0837	350	0.578	0.706	7.08	6	1.42	1	2.84	5.69	7.08	5.12	399.64	393.00	1.322	3.052	14.37	33.18	199.9	1699	2	99.92	11.1	-0.278	1.0	-0.22	2.74	1.00	0.00	0.16	111115
34	"04:51:36"	20180724	205	0	1.99	0.0838	350	0.579	0.706	7.08	6	1.42	1	2.84	5.69	7.08	5.12	399.63	392.97	1.322	3.053	14.37	33.19	199.9	1700	2	99.92	11.1	-0.278	1.0	-0.22	2.74	1.00	0.00	0.16	111115
35	"04:51:37"	20180724	205	0	1.98	0.0838	350	0.579	0.706	7.08	6	1.42	1	2.84	5.70	7.08	5.12	399.61	392.99	1.321	3.053	14.36	33.19	199.9	1700	2	99.92	11.1	-0.278	1.0	-0.22	2.74	1.00	0.00	0.16	111115
36	"04:51:37"	20180724	205	0	1.99	0.0839	350	0.579	0.706	7.07	6	1.42	1	2.84	5.70	7.07	5.12	399.64	392.99	1.322	3.054	14.36	33.19	199.9	1699	2	99.92	11.1	-0.278	1.0	-0.22	2.74	1.00	0.00	0.16	111115
37	"04:51:38"	20180724	205	0	1.98	0.0838	350	0.579	0.706	7.08	6	1.42	1	2.84	5.70	7.08	5.12	399.61	392.99	1.322	3.054	14.36	33.19	199.9	1699	2	99.92	11.1	-0.278	1.0	-0.22	2.74	1.00	0.00	0.16	111115
38	"04:51:38"	20180724	205	0	1.97	0.0838	350	0.58	0.707	7.10	6	1.42	1	2.84	5.70	7.10	5.11	399.59	392.98	1.322	3.056	14.36	33.20	199.9	1700	2	99.92	11.1	-0.278	1.0	-0.22	2.74	1.00	0.00	0.16	111115
39	"04:51:39"	20180724	205	0	1.99	0.0837	350	0.58	0.708	7.11	6	1.42	1	2.84	5.71	7.11	5.11	399.58	392.93	1.322	3.057	14.36	33.20	199.9	1700	2	99.92	11.1	-0.278	1.0	-0.22	2.74	1.00	0.00	0.16	111115
40	"04:51:39"	20180724	205	0	1.98	0.0836	350	0.58	0.709	7.13	6	1.42	1	2.84	5.71	7.13	5.11	399.57	392.93	1.321	3.058	14.35	33.21	199.9	1700	2	99.92	11.1	-0.278	1.0	-0.22	2.74	1.00	0.00	0.16	111115
41	"04:51:40"	20180724	205	0	1.98	0.0837	350	0.581	0.71	7.14	6	1.42	1	2.84	5.71	7.14	5.11	399.59	392.95	1.321	3.060	14.35	33.23	199.9	1700	2	99.92	11.1	-0.278	1.0	-0.22	2.74	1.00	0.00	0.16	111115
42	"04:51:40"	20180724	205	0	1.99	0.0835	350	0.581	0.711	7.16	6	1.42	1	2.84	5.71	7.16	5.11	399.58	392.92	1.322	3.060	14.35	33.22	199.9	1700	3	99.92	11.1	-0.278	1.0	-0.22	2.74	1.00	0.00	0.16	111115
43	"04:51:41"	20180724	205	0	1.98	0.0834	350	0.581	0.712	7.17	6	1.42	1	2.84	5.72	7.17	5.11	399.56	392.92	1.322	3.061	14.34	33.22	199.9	1700	3	99.92	11.1	-0.278	1.0	-0.22	2.74	1.00	0.00	0.16	111115
44	"04:51:41"	20180724	205	0	1.99	0.0834	349	0.581	0.713	7.18	6	1.42	1	2.84	5.72	7.18	5.11	399.55	392.88	1.321	3.061	14.34	33.22	199.9	1700	3	99.92	11.1	-0.278	1.0	-0.22	2.74	1.00	0.00	0.16	111115
45	"04:51:42"	20180724	205	0	2.01	0.0833	349	0.582	0.713	7.19	6	1.42	1	2.84	5.72	7.19	5.11	399.59	392.86	1.321	3.062	14.34	33.22	199.9	1700	3	99.92	11.1	-0.278	1.0	-0.22	2.74	1.00	0.00	0.16	111115
46	"04:51:42"	20180724	205	0	2.03	0.0833	349	0.582	0.714	7.20	6	1.42	1	2.84	5.73	7.20	5.11	399.61	392.84	1.321	3.061	14.33	33.21	199.9	1700	3	99.92	11.1	-0.278	1.0	-0.22	2.74	1.00	0.00	0.16	111115
47	"04:51:43"	20180724	205	0	2.04	0.0833	348	0.582	0.714	7.20	6	1.42	1	2.84	5.73	7.20	5.11	399.63	392.83	1.321	3.062	14.33	33.21	199.9	1700	3	99.92	11.1	-0.278	1.0	-0.22	2.74	1.00	0.00	0.16	111115
48	"04:52:02"	20180724	205	0	2.21	0.0836	345	0.587	0.717	7.27	6	1.42	1	2.84	5.81	7.27	5.11	399.91	392.57	1.321	3.078	14.24	33.18	199.9	1699	2	99.92	11.1	-0.278	1.0	-0.22	2.74	1.00	0.00	0.16	111115
49	"04:52:03"	20180724	205	0	2.21	0.0836	345	0.587	0.717	7.27	6	1.42	1	2.84	5.81	7.27	5.11	399.91	392.57	1.321	3.078	14.24	33.18	199.9	1699	2	99.92	11.1	-0.278	1.0	-0.22	2.74	1.00	0.00	0.16	111115
50	"04:52:03"	20180724	205	0	2.19	0.0837	345	0.587	0.717	7.27	6	1.42	1	2.84	5.82	7.27	5.11	399.89	392.62	1.322	3.078	14.25	33.18	199.9	1699	2	99.92	11.1	-0.278	1.0	-0.22	2.74	1.00	0.00	0.16	111115
51	"04:52:04"	20180724	205	0	2.19	0.0838	346	0.588	0.717	7.28	6	1.42	1	2.84	5.82	7.28	5.11	399.91	392.65	1.322	3.080	14.25	33.20	199.9	1699	2	99.92	11.1	-0.278	1.0	-0.22	2.74	1.00	0.00	0.16	111115
52	"04:52:04"	20180724	205	0	2.19	0.0837	346	0.588	0.718	7.28	6	1.42	1	2.84	5.82	7.28	5.11	399.91	392.65	1.322	3.080	14.25	33.20	199.9	1699	2	99.92	11.1	-0.278	1.0	-0.22	2.74	1.00	0.00	0.16	111115
53	"04:52:05"	20180724	205	0	2.18	0.0836	346	0.588	0.718	7.29	6	1.42	1	2.84	5.82	7.29	5.11	399.89	392.65	1.322	3.080	14.25	33.20	199.9	1699	2	99.92	11.1	-0.278	1.0	-0.22	2.74	1.00	0.00	0.16	111115
54	"04:52:05"	20180724	205	0	2.07	0.0839	348	0.59	0.718	7.30	6	1.42	1	2.84	5.82	7.30	5.11	399.90	392.98	1.322	3.086	14.25	33.25	199.9	1699	2	99.92	11.1	-0.278	1.0	-0.22	2.74	1.00	0.00	0.16	111115
55	"04:52:06"	20180724	205	0	1.96	0.0832	350	0.586	0.72	7.30	6	1.42	1	2.84	5.82	7.30	5.11	399.93	393.34	1.322	3.076	14.25	33.14	199.9	1699	2	99.92	11.1	-0.278	0.7	-0.22	2.74	1.00	0.00	0.16	111115
56	"04:52:06"	20180724	205	0	1.98	0.0831	350	0.586	0.721	7.32	6	1.42	1	2.84	5.83	7.32	5.11	399.96	393.33	1.322	3.076	14.25	33.14	199.9	1699	2	99.92	11.1	-0.278	0.7	-0.22	2.74	1.00	0.00	0.16	111115
57	"04:52:07"	20180724	205	0	1.97	0.083	350	0.586	0.721	7.33	6	1.42	1	2.84	5.83	7.33	5.10	399.97	393.35	1.322	3.076	14.24	33.14	199.9	1699	2	99.92	11.1	-0.278	0.7	-0.22	2.74	1.00	0.00	0.16	111115
58	"04:52:08"	20180724	205	0	1.98	0.083	350	0.587	0.722	7.34	6	1.42	1	2.84	5.83	7.34	5.10	399.98	393.34	1.322	3.077	14.23	33.14	199.9	1699	2	99.92	11.1	-0.278	0.7	-0.22	2.74	1.00	0.00	0.16	111115
59	"04:52:08"	20180724	205	0	1.91	0.0841	352	0.593	0.72	7.34	6	1.42	1	2.84	5.83	7.34	5.10	399.97	393.54	1.322	3.095	14.23	33.33	199.9	1699	2	99.92	11.1	-0.278	0.7	-0.22	2.74	1.00	0.00	0.16	111115
60	"04:52:09"	20180724	205	0	1.86	0.0842	353	0.594	0.721	7.35	6	1.42	1	2.84	5.83	7.35	5.10	399.98	393.69	1.321	3.098	14.22	33.35	199.9	1699	2	99.93	11.1	-0.278	0.7	-0.22	2.74	1.00	0.00	0.16	111115
61	"04:52:09"	20180724	205	0	1.97	0.0839	351	0.592	0.722	7.36	6	1.42	1	2.84	5.84	7.36	5.10	399.96	393.35	1.321	3.093	14.22	33.30	199.9	1699	2	99.93	11.1	-0.278	0.7	-0.22	2.74	1.00	0.00	0.16	111115
62	"04:52:10"	20180724	205	0	2.1	0.0845	348	0.596	0.721	7.36	6	1.42	1	2.84	5.84	7.36	5.10	399.95	392.95	1.321	3.105	14.22	33.42	199.9	1700	2	99.92	11.1	-0.278	0.7	-0.22	2.74	1.00	0.00	0.16	111115
63	"04:52:10"	20180724	205	0	2.16	0.0841	346	0.594	0.721	7.36	6	1.42	1	2.84	5.84	7.36	5.10	399.94	392.75	1.321	3.098	14.22	33.34	199.9	1700	2	99.92	11.1	-0.278	0.7	-0.22	2.74	1.00	0.00	0.16	111115
64	"04:52:11"	20180724	205	0	2.18	0.0841	346	0.594	0.722	7.37	6	1.42	1	2.84	5.84	7.37	5.10	399.94	392.71	1.321	3.097	14.22	33.33	199.9	1700	2	99.92	11.1	-0.278	0.7	-0.22	2.74	1.00	0.00	0.16	111115
65	"04:52:11"	20180724	205	0	2.18	0.0841	346	0.594	0.722	7.37	6	1.42	1	2.84	5.84	7.37	5.10	399.94	392.71	1.321	3.098	14.22	33.34	199.9	1699	2	99.92	11.1	-0.278	0.7	-0.22	2.74	1.00	0.00	0.16	111115
66	"04:52:12"	20180724	205	0	2.13	0.0841	347	0.595	0.722	7.38	6	1.42	1	2.84	5.84	7.38	5.10	399.92	392.84	1.321	3.100	14.21	33.35	199.9	1699	2	99.92	11.1	-0.278	0.7	-0.22	2.74	1.00	0.00	0.16	111115
67	"04:52:13"	20180724	205	0	2.26	0.083	343	0.588	0.724	7.38	6	1.42	1	2.84	5.85	7.38	5.10	399.92	392.44	1.321	3.082	14.21	33.15	199.9	1699	2	99.93	11.1	-0.278	0.7	-0.22	2.74	1.00	0.00	0.16	111115
68	"04:52:13"	20180724	205	0	2.32	0.0829	342	0.588	0.725	7.38	6	1.42	1	2.84	5.85	7.38	5.10	399.93	392.28	1.322	3.080	14.22	33.14	199.9	1699	2	99.93	11.1	-0.278	0.7	-0.22	2.74	1.00	0.00	0.16	111115
69	"04:52:14"	20180724	205	0	2.34	0.0827	342	0.587	0.726	7.40	6	1.42	1	2.84	5.85	7.40	5.10	400.02	392.31	1.322	3.080	14.22	33.12	199.9	1699	3	99.93	11.1	-0.278	1.0	-0.22	2.74	1.00	0.00	0.16	111115
70	"04:52:14"	20180724	205	0	2.28	0.0831	343	0.59	0.726	7.41	6	1.42	1	2.84	5.85	7.41	5.10	400.04	392.49	1.323	3.089	14.22	33.21	199.9	1699	3	99.93	11.1	-0.278	1.0	-0.22	2.74	1.00	0.00	0.16	111115
71	"04:52:37"	20180724	205	0	2.29	0.0833	343	0.598	0.733	7.54	6	1.42	1	2.84	5.92	7.54	5.10	400.04	392.47	1.323	3.111	14.16	33.30	199.9	1699	2	99.93	11.1	-0.278	1.0	-0.22	2.74	1.00	0.00	0.16	111115
72	"04:52:38"	20180724	205	0	2.29	0.0833	343	0.598	0.733	7.54	6	1.42	1	2.84	5.92	7.54	5.10	400.04	392.47	1.323	3.111	14.16	33.30	199.9	1699	2	99.93	11.1	-0.278	1.0	-0.22	2.74	1.00	0.00	0.16	111115
73	"04:52:38"	20180724	205	0	2.32	0.0833	342	0.597	0.733	7.54	6	1.42	1	2.84	5.92	7.54	5.10	400.10	392.45	1.322	3.110	14.15	33.29	199.9	1699	2	99.93	11.1	-0.278	1.0	-0.22	2.74	1.00	0.00	0.16	111115
74	"04:52:39"	20180724	205	0	2.32	0.0834	343	0.598	0.732	7.54	6	1.42	1	2.84	5.92	7.54	5.10	400.09	392.43	1.322	3.111	14.15	33.30	199.9	1699	2	99.93	11.1	-0.278	1.0	-0.22	2.74	1.00	0.00	0.16	111115
75	"04:52:39"	20180724	205	0	2.28	0.0835	343	0.598	0.732	7.53	6	1.42	1	2.84	5.92	7.53	5.10	400.00	392.45	1.322	3.112	14.15	33.30	199.9	1699	2	99.93	11.1	-0.278	1.0	-0.22	2.74	1.00	0.00	0.16	111115
76	"04:52:40"	20180724	205	0	2.29	0.0835	343	0.598	0.733	7.54	6	1.42	1	2.84	5.92	7.54	5.10	400.02	392.44	1.322	3.112	14.15	33.30	200.0	1699	2	99.93	11.1	-0.278	1.0	-0.22	2.74	1.00	0.00	0.16	111115
77	"04:52:41"	20180724	205	0	2.31	0.0833	343	0.598	0.733	7.55	6	1.42	1	2.84	5.93	7.55	5.10	400.07	392.44	1.322	3.112	14.15	33.29	200.0	1699	2	99.93	11.1	-0.278	1.0	-0.22	2.74	1.00	0.00	0.16	111115
78	"04:52:41"	20180724	205	0	2.32	0.0834	343	0.598	0.733	7.55	6	1.42	1	2.84	5.93	7.55	5.10	400.07	392.42	1.323	3.112	14.15	33.29	200.0	1699	2	99.93	11.1	-0.278	1.0	-0.22	2.74	1.00	0.00	0.16	111115
79	"04:52:42"	20180724	205	0	2.32	0.0833	342	0.598	0.734	7.56	6	1.42	1	2.84	5.93	7.56	5.10	400.07	392.42	1.323	3.113	14.15	33.29	200.0	1699	2	99.93	11.1	-0.278	1.0	-0.22	2.74	1.00	0.00	0.16	111115
80	"04:52:43"	20180724	205	0	2.3	0.0832	343	0.598	0.735	7.57	6	1.42	1	2.84	5.93	7.57	5.10	400.04	392.42	1.323	3.112	14.15	33.29	200.0	1700	2	99.93	11.1	-0.278	1.0	-0.22	2.74	1.00	0.00	0.16	111115
81	"04:52:44"	20180724	205	0	2.31	0.083	342	0.598	0.736	7.59	6	1.42	1	2.84	5.93	7.59	5.10	400.05	392.41	1.324	3.113	14.16	33.29	200.0	1700	2	99.93	11.1	-0.278	1.0	-0.22	2.74	1.00	0.00	0.16	111115
82	"04:52:44"	20180724	205	0	2.31	0.083	342	0.598	0.737	7.60	6	1.42	1	2.84	5.94	7.60	5.10	400.02	392.38	1.324	3.114	14.15	33.29	199.9	1700	2	99.93	11.1	-0.278	1.0	-0.22	2.74	1.00	0.00	0.16	111115
83	"04:52:45"	20180724	205	0	2.33	0.0829	342	0.599	0.737	7.60	6	1.42	1	2.84	5.94	7.60	5.10	400.04	392.33	1.324	3.115	14.16	33.30	199.9	1700	2	99.93	11.1	-0.278	1.0	-0.22	2.74	1.00	0.00	0.16	111115
84	"04:52:45"	20180724	205	0	2.33	0.0829	342	0.599	0.738	7.62	6	1.42	1	2.84	5.94	7.62	5.10	400.06	392.35	1.324	3.116	14.16	33.31	200.0	1700	2	99.93	11.1	-0.278	1.0	-0.22	2.74	1.00	0.00	0.16	111115
85	"04:52:46"	20180724	205	0	2.34	0.0829	342	0.599	0.738	7.62	6	1.42	1	2.84	5.94	7.62	5.10	400.06	392.34	1.324	3.116	14.15	33.30	200.0	1700	2	99.93	11.1	-0.278	1.0	-0.22	2.74	1.00	0.00	0.16	111115
86	"04:52:46"	20180724	205	0	2.33	0.083	342	0.599	0.737	7.61	6	1.42	1	2.84	5.94	7.61	5.10	400.07	392.37	1.324	3.117	14.15	33.31	200.0	1699	2	99.93	11.1	-0.278	1.0	-0.22	2.74	1.00	0.00	0.16	111115
87	"04:52:47"	20180724	205	0	2.32	0.083	342	0.599	0.738	7.62	6	1.42	1	2.84	5.94	7.62	5.10	400.06	392.40	1.324	3.117	14.15	33.31	199.9	1700	2	99.93	11.1	-0.278	1.0	-0.22	2.74	1.00	0.00	0.16	111115
88	"04:52:48"	20180724	205	0	2.32	0.0829	342	0.599	0.738	7.62	6	1.42	1	2.84	5.94	7.62	5.10	400.11	392.42	1.324	3.116	14.15	33.30	199.9	1699	2	99.93	11.1	-0.278	1.0	-0.22	2.74	1.00	0.00	0.16	111115
89	"04:52:48"	20180724	205	0	2.34	0.0829	342	0.599	0.738	7.62	6	1.42	1	2.84	5.95	7.62	5.10	400.15	392.42	1.324	3.115	14.14	33.28	199.9	1699	2	99.93	11.1	-0.278	1.0	-0.22	2.74	1.00	0.00	0.16	111115
90	"04:52:49"	20180724	205	0	2.32	0.0829	342	0.599	0.738	7.62	6	1.42	1	2.84	5.95	7.62	5.10	400.12	392.45	1.324	3.115	14.15	33.28	199.9	1699	2	99.93	11.1	-0.278	1.0	-0.22	2.74	1.00	0.00	0.16	111115
91	"04:52:49"	20180724	205	0	2.33	0.0829	342	0.599	0.738	7.61	6	1.42	1	2.84	5.95	7.61	5.10	400.12	392.43	1.324	3.116	14.14	33.28	199.9	1699	2	99.93	11.1	-0.278	1.0	-0.22	2.74	1.00	0.00	0.16	111115
92	"04:52:50"	20180724	205	0	2.34	0.083	342	0.599	0.737	7.61	6	1.42	1	2.84	5.95	7.61	5.10	400.13	392.40	1.324	3.117	14.14	33.29	199.9	1699	2	99.93	11.1	-0.278	1.0	-0.22	2.74	1.00	0.00	0.16	111115
93	"04:52:50"	20180724	205	0	2.33	0.083	342	0.599	0.738	7.62	6	1.42	1	2.84	5.95	7.62	5.10	400.13	392.41	1.324	3.117	14.14	33.29	199.9	1699	2	99.93	11.1	-0.278	1.0	-0.22	2.74	1.00	0.00	0.16	111115
94	"04:52:51"	20180724	205	0	2.36	0.083	341	0.599	0.737	7.61	6	1.42	1	2.84	5.95	7.61	5.10	400.15	392.37	1.324	3.117	14.14	33.28	199.9	1699	2	99.93	11.1	-0.278	1.0	-0.22	2.74	1.00	0.00	0.16	111115
"04:53:10 Coolers: Tblock -> 10.00 C"
"05:02:46 Flow: Fixed -> 200 umol/s"
95	"05:03:15"	20180724	205	0	3.18	0.0873	324	0.751	0.877	11.52	6	1.42	1	2.84	10.47	11.52	10.09	399.25	388.82	2.628	4.871	20.65	38.27	199.8	1700	2	99.94	11.1	-0.278	1.0	-0.22	2.74	1.00	0.00	0.16	111115
96	"05:03:15"	20180724	205	0	3.18	0.0873	324	0.751	0.877	11.52	6	1.42	1	2.84	10.47	11.52	10.09	399.25	388.82	2.628	4.871	20.65	38.27	199.8	1700	2	99.94	11.1	-0.278	1.0	-0.22	2.74	1.00	0.00	0.16	111115
97	"05:03:16"	20180724	205	0	3.18	0.0873	324	0.751	0.877	11.52	6	1.42	1	2.84	10.47	11.52	10.09	399.25	388.82	2.628	4.871	20.65	38.27	199.8	1700	2	99.94	11.1	-0.278	1.0	-0.22	2.74	1.00	0.00	0.16	111115
98	"05:03:16"	20180724	205	0	3.19	0.0873	324	0.751	0.878	11.53	6	1.42	1	2.84	10.47	11.53	10.09	399.26	388.81	2.628	4.871	20.65	38.26	199.8	1700	2	99.94	11.1	-0.278	1.0	-0.22	2.74	1.00	0.00	0.16	111115
99	"05:03:17"	20180724	205	0	3.17	0.0872	324	0.75	0.878	11.53	6	1.42	1	2.84	10.47	11.53	10.09	399.23	388.85	2.628	4.870	20.64	38.26	199.8	1700	2	99.94	11.1	-0.278	1.0	-0.22	2.74	1.00	0.00	0.16	111115
100	"05:03:17"	20180724	205	0	3.14	0.0872	325	0.751	0.878	11.53	6	1.42	1	2.84	10.47	11.53	10.09	399.20	388.89	2.627	4.869	20.64	38.25	199.9	1700	2	99.94	11.1	-0.278	1.0	-0.22	2.74	1.00	0.00	0.16	111115
101	"05:03:17"	20180724	205	0	3.15	0.0872	325	0.75	0.878	11.53	6	1.42	1	2.84	10.47	11.53	10.09	399.21	388.88	2.627	4.869	20.64	38.25	199.9	1700	2	99.94	11.1	-0.278	1.0	-0.22	2.74	1.00	0.00	0.16	111115
102	"05:03:18"	20180724	205	0	3.17	0.0873	324	0.75	0.877	11.52	6	1.42	1	2.84	10.47	11.52	10.09	399.23	388.85	2.628	4.869	20.64	38.25	199.9	1700	2	99.94	11.1	-0.278	1.0	-0.22	2.74	1.00	0.00	0.16	111115
103	"05:03:19"	20180724	205	0	3.17	0.0874	324	0.75	0.877	11.51	6	1.42	1	2.84	10.47	11.51	10.09	399.24	388.83	2.628	4.869	20.64	38.25	199.9	1700	2	99.94	11.1	-0.278	1.0	-0.22	2.74	1.00	0.00	0.16	111115
104	"05:03:19"	20180724	205	0	3.19	0.0874	324	0.751	0.877	11.52	6	1.42	1	2.84	10.47	11.52	10.09	399.28	388.83	2.628	4.871	20.64	38.26	199.9	1700	2	99.94	11.1	-0.278	1.0	-0.22	2.74	1.00	0.00	0.16	111115
105	"05:03:20"	20180724	205	0	3.21	0.0874	323	0.75	0.877	11.52	6	1.42	1	2.84	10.47	11.52	10.09	399.34	388.81	2.628	4.870	20.65	38.26	199.9	1700	2	99.94	11.1	-0.278	1.0	-0.22	2.74	1.00	0.00	0.16	111115
106	"05:03:20"	20180724	205	0	3.22	0.0874	323	0.75	0.876	11.51	6	1.42	1	2.84	10.48	11.51	10.09	399.36	388.82	2.628	4.870	20.64	38.26	199.9	1700	2	99.94	11.1	-0.278	1.0	-0.22	2.74	1.00	0.00	0.16	111115
107	"05:03:21"	20180724	205	0	3.26	0.0875	323	0.751	0.876	11.51	6	1.42	1	2.84	10.48	11.51	10.09	399.44	388.77	2.628	4.871	20.64	38.26	199.8	1700	2	99.94	11.1	-0.278	1.0	-0.22	2.74	1.00	0.00	0.16	111115
108	"05:03:21"	20180724	205	0	3.31	0.0874	322	0.75	0.876	11.51	6	1.42	1	2.84	10.48	11.51	10.09	399.52	388.71	2.629	4.870	20.65	38.25	199.8	1700	2	99.94	11.1	-0.278	1.0	-0.22	2.74	1.00	0.00	0.16	111115
109	"05:03:22"	20180724	205	0	3.33	0.0874	321	0.75	0.876	11.51	6	1.42	1	2.84	10.48	11.51	10.09	399.57	388.70	2.628	4.871	20.65	38.26	199.8	1700	2	99.94	11.1	-0.278	1.0	-0.22	2.74	1.00	0.00	0.16	111115
110	"05:03:22"	20180724	205	0	3.34	0.0874	321	0.751	0.876	11.51	6	1.42	1	2.84	10.48	11.51	10.09	399.63	388.72	2.628	4.871	20.64	38.26	199.8	1700	2	99.94	11.1	-0.278	1.0	-0.22	2.74	1.00	0.00	0.16	111115
111	"05:03:23"	20180724	205	0	3.37	0.0874	320	0.751	0.877	11.52	6	1.42	1	2.84	10.48	11.52	10.09	399.69	388.71	2.627	4.870	20.64	38.25	199.8	1700	2	99.94	11.1	-0.278	1.0	-0.22	2.74	1.00	0.00	0.16	111115
112	"05:03:23"	20180724	205	0	3.41	0.0875	320	0.751	0.876	11.51	6	1.42	1	2.84	10.48	11.51	10.09	399.81	388.69	2.628	4.870	20.64	38.25	199.9	1700	3	99.94	11.1	-0.278	1.0	-0.22	2.74	1.00	0.00	0.16	111115
113	"05:03:24"	20180724	205	0	3.43	0.0874	319	0.75	0.876	11.51	6	1.42	1	2.84	10.48	11.51	10.09	399.86	388.69	2.628	4.870	20.64	38.25	199.8	1700	3	99.94	11.1	-0.278	1.0	-0.22	2.74	1.00	0.00	0.16	111115
114	"05:03:24"	20180724	205	0	3.44	0.0873	319	0.75	0.876	11.51	6	1.42	1	2.84	10.48	11.51	10.09	399.90	388.70	2.628	4.867	20.64	38.23	199.8	1700	3	99.94	11.1	-0.278	1.0	-0.22	2.74	1.00	0.00	0.16	111115
115	"05:03:25"	20180724	205	0	3.43	0.0874	319	0.75	0.876	11.50	6	1.42	1	2.84	10.48	11.50	10.09	399.92	388.74	2.627	4.868	20.64	38.23	199.8	1700	3	99.94	11.1	-0.278	1.0	-0.22	2.74	1.00	0.00	0.16	111115
116	"05:03:25"	20180724	205	0	3.43	0.0873	319	0.75	0.876	11.51	6	1.42	1	2.84	10.48	11.51	10.09	399.95	388.77	2.627	4.867	20.63	38.23	199.8	1700	3	99.94	11.1	-0.278	1.0	-0.22	2.74	1.00	0.00	0.16	111115
117	"05:03:26"	20180724	205	0	3.44	0.0872	319	0.749	0.877	11.52	6	1.42	1	2.84	10.48	11.52	10.09	399.96	388.76	2.627	4.865	20.63	38.21	199.8	1700	3	99.94	11.1	-0.278	1.0	-0.22	2.74	1.00	0.00	0.16	111115
118	"05:03:26"	20180724	205	0	3.44	0.0871	319	0.749	0.877	11.52	6	1.42	1	2.84	10.48	11.52	10.09	400.00	388.81	2.627	4.866	20.63	38.22	199.8	1700	3	99.94	11.1	-0.278	1.0	-0.22	2.74	1.00	0.00	0.16	111115
119	"05:03:27"	20180724	205	0	3.44	0.0871	319	0.749	0.878	11.52	6	1.42	1	2.84	10.48	11.52	10.09	400.02	388.83	2.627	4.865	20.63	38.21	199.8	1700	3	99.94	11.1	-0.278	1.0	-0.22	2.74	1.00	0.00	0.16	111115
120	"05:03:27"	20180724	205	0	3.41	0.087	319	0.749	0.879	11.53	6	1.42	1	2.84	10.48	11.53	10.09	400.01	388.88	2.627	4.864	20.63	38.20	199.8	1700	2	99.94	11.1	-0.278	1.0	-0.22	2.74	1.00	0.00	0.16	111115
"05:04:07 Coolers: Tblock -> 15.00 C"
"05:06:49 Flow: Fixed -> 200 umol/s"
121	"05:07:47"	20180724	205	0	3.23	0.0777	315	0.809	1.06	14.16	6	1.42	1	2.84	14.54	14.16	15.09	400.08	389.43	3.224	5.641	19.40	33.93	199.8	1699	2	99.95	11.1	-0.278	1.0	-0.22	2.74	1.00	0.00	0.16	111115
122	"05:07:48"	20180724	205	0	3.23	0.0777	315	0.809	1.06	14.16	6	1.42	1	2.84	14.54	14.16	15.09	400.08	389.43	3.224	5.641	19.40	33.93	199.8	1699	2	99.95	11.1	-0.278	1.0	-0.22	2.74	1.00	0.00	0.16	111115
123	"05:07:48"	20180724	205	0	3.21	0.0781	316	0.812	1.06	14.16	6	1.42	1	2.84	14.54	14.16	15.09	400.09	389.49	3.224	5.649	19.39	33.98	199.8	1699	2	99.95	11.1	-0.278	1.0	-0.22	2.74	1.00	0.00	0.16	111115
124	"05:07:49"	20180724	205	0	3.24	0.0781	315	0.813	1.06	14.16	6	1.42	1	2.84	14.54	14.16	15.09	400.12	389.44	3.224	5.650	19.39	33.99	199.8	1699	2	99.95	11.1	-0.278	1.0	-0.22	2.74	1.00	0.00	0.16	111115
125	"05:07:49"	20180724	205	0	3.24	0.0781	315	0.813	1.06	14.17	6	1.42	1	2.84	14.54	14.17	15.09	400.15	389.46	3.225	5.653	19.40	34.00	199.8	1699	2	99.95	11.1	-0.278	0.7	-0.22	2.74	1.00	0.00	0.16	111115
126	"05:07:49"	20180724	205	0	3.24	0.0781	315	0.813	1.06	14.17	6	1.42	1	2.84	14.54	14.17	15.09	400.15	389.46	3.225	5.653	19.40	34.00	199.8	1699	2	99.95	11.1	-0.278	0.7	-0.22	2.74	1.00	0.00	0.16	111115
127	"05:07:50"	20180724	205	0	3.24	0.0782	315	0.814	1.06	14.17	6	1.42	1	2.84	14.55	14.17	15.09	400.13	389.44	3.225	5.654	19.39	34.00	199.8	1699	2	99.95	11.1	-0.278	0.7	-0.22	2.74	1.00	0.00	0.16	111115
128	"05:07:50"	20180724	205	0	3.25	0.0782	315	0.814	1.06	14.18	6	1.42	1	2.84	14.55	14.18	15.09	400.13	389.43	3.225	5.656	19.39	34.01	199.8	1699	2	99.95	11.1	-0.278	0.7	-0.22	2.74	1.00	0.00	0.16	111115
129	"05:07:51"	20180724	205	0	3.26	0.0783	315	0.815	1.06	14.18	6	1.42	1	2.84	14.55	14.18	15.09	400.14	389.40	3.225	5.658	19.39	34.02	199.8	1699	2	99.95	11.1	-0.278	0.7	-0.22	2.74	1.00	0.00	0.16	111115
130	"05:07:51"	20180724	205	0	3.34	0.0788	314	0.819	1.06	14.18	6	1.42	1	2.84	14.55	14.18	15.09	400.10	389.11	3.224	5.670	19.39	34.09	199.8	1699	2	99.95	11.1	-0.278	0.7	-0.22	2.74	1.00	0.00	0.16	111115
131	"05:07:52"	20180724	205	0	3.51	0.0787	310	0.818	1.06	14.18	6	1.42	1	2.84	14.55	14.18	15.09	400.12	388.62	3.225	5.667	19.39	34.07	199.8	1699	2	99.95	11.1	-0.278	0.7	-0.22	2.74	1.00	0.00	0.16	111115
132	"05:07:53"	20180724	205	0	3.57	0.0784	308	0.816	1.06	14.18	6	1.42	1	2.84	14.55	14.18	15.09	400.17	388.51	3.226	5.662	19.39	34.03	199.8	1699	2	99.95	11.1	-0.278	0.7	-0.22	2.74	1.00	0.00	0.16	111115
133	"05:07:53"	20180724	205	0	3.56	0.0785	308	0.817	1.06	14.18	6	1.42	1	2.84	14.55	14.18	15.09	400.16	388.51	3.225	5.664	19.39	34.05	199.8	1699	2	99.95	11.1	-0.278	0.7	-0.22	2.74	1.00	0.00	0.16	111115
134	"05:07:54"	20180724	205	0	3.57	0.0785	308	0.817	1.06	14.19	6	1.42	1	2.84	14.55	14.19	15.09	400.17	388.50	3.226	5.666	19.39	34.06	199.8	1699	2	99.95	11.1	-0.278	0.7	-0.22	2.74	1.00	0.00	0.16	111115
135	"05:07:54"	20180724	205	0	3.57	0.0786	308	0.818	1.06	14.19	6	1.42	1	2.84	14.56	14.19	15.09	400.20	388.52	3.227	5.669	19.39	34.07	199.8	1699	2	99.95	11.1	-0.278	0.7	-0.22	2.74	1.00	0.00	0.16	111115
136	"05:07:55"	20180724	205	0	3.56	0.0786	308	0.818	1.06	14.19	6	1.42	1	2.84	14.56	14.19	15.09	400.19	388.55	3.227	5.671	19.39	34.07	199.8	1699	2	99.95	11.1	-0.278	0.7	-0.22	2.74	1.00	0.00	0.16	111115
137	"05:07:55"	20180724	205	0	3.56	0.0786	308	0.819	1.06	14.20	6	1.42	1	2.84	14.56	14.20	15.09	400.19	388.54	3.227	5.672	19.39	34.08	199.8	1699	2	99.95	11.1	-0.278	1.0	-0.22	2.74	1.00	0.00	0.16	111115
138	"05:07:56"	20180724	205	0	3.56	0.0786	308	0.82	1.06	14.21	6	1.42	1	2.84	14.56	14.21	15.10	400.21	388.54	3.227	5.675	19.39	34.09	199.8	1699	2	99.95	11.1	-0.278	1.0	-0.22	2.74	1.00	0.00	0.16	111115
139	"05:07:56"	20180724	205	0	3.55	0.0787	309	0.82	1.06	14.21	6	1.42	1	2.84	14.56	14.21	15.10	400.15	388.53	3.227	5.677	19.38	34.10	199.8	1699	2	99.95	11.1	-0.278	1.0	-0.22	2.74	1.00	0.00	0.16	111115
140	"05:07:57"	20180724	205	0	3.56	0.0788	309	0.821	1.06	14.21	6	1.42	1	2.84	14.56	14.21	15.10	400.15	388.51	3.227	5.678	19.38	34.11	199.8	1698	2	99.95	11.1	-0.278	1.0	-0.22	2.74	1.00	0.00	0.16	111115
141	"05:07:57"	20180724	205	0	3.53	0.0789	309	0.822	1.06	14.21	6	1.42	1	2.84	14.57	14.21	15.10	400.11	388.53	3.227	5.681	19.38	34.12	199.8	1698	2	99.95	11.1	-0.278	1.0	-0.22	2.74	1.00	0.00	0.16	111115
142	"05:07:58"	20180724	205	0	3.52	0.079	310	0.823	1.06	14.21	6	1.42	1	2.84	14.57	14.21	15.10	400.06	388.52	3.227	5.683	19.38	34.13	199.8	1698	2	99.95	11.1	-0.278	0.7	-0.22	2.74	1.00	0.00	0.16	111115
143	"05:07:59"	20180724	205	0	3.5	0.079	310	0.823	1.06	14.21	6	1.42	1	2.84	14.57	14.21	15.10	399.99	388.51	3.226	5.685	19.37	34.14	199.8	1698	2	99.95	11.1	-0.278	0.7	-0.22	2.74	1.00	0.00	0.16	111115
144	"05:07:59"	20180724	205	0	3.51	0.0791	310	0.824	1.06	14.22	6	1.42	1	2.84	14.57	14.22	15.10	400.04	388.53	3.228	5.688	19.38	34.14	199.8	1698	2	99.95	11.1	-0.278	0.7	-0.22	2.74	1.00	0.00	0.16	111115
145	"05:08:00"	20180724	205	0	3.53	0.0792	310	0.824	1.06	14.21	6	1.42	1	2.84	14.57	14.21	15.09	400.05	388.50	3.227	5.688	19.37	34.14	199.8	1699	2	99.95	11.1	-0.278	0.7	-0.22	2.74	1.00	0.00	0.16	111115
146	"05:08:14"	20180724	205	0	3.59	0.0795	309	0.834	1.07	14.31	6	1.42	1	2.84	14.60	14.31	15.08	400.24	388.48	3.230	5.720	19.36	34.28	199.8	1700	2	99.95	11.1	-0.278	1.0	-0.22	2.74	1.00	0.00	0.16	111115
147	"05:08:14"	20180724	205	0	3.59	0.0795	309	0.834	1.07	14.31	6	1.42	1	2.84	14.60	14.31	15.08	400.24	388.48	3.230	5.720	19.36	34.28	199.8	1700	2	99.95	11.1	-0.278	1.0	-0.22	2.74	1.00	0.00	0.16	111115
148	"05:08:15"	20180724	205	0	3.57	0.0795	309	0.834	1.07	14.31	6	1.42	1	2.84	14.60	14.31	15.08	400.20	388.50	3.230	5.721	19.36	34.28	199.8	1700	2	99.95	11.1	-0.278	1.0	-0.22	2.74	1.00	0.00	0.16	111115
149	"05:08:15"	20180724	205	0	3.55	0.0796	309	0.834	1.07	14.32	6	1.42	1	2.84	14.60	14.32	15.08	400.16	388.52	3.230	5.721	19.36	34.28	199.8	1700	2	99.95	11.1	-0.278	1.0	-0.22	2.74	1.00	0.00	0.16	111115
150	"05:08:16"	20180724	205	0	3.55	0.0795	310	0.834	1.07	14.32	6	1.42	1	2.84	14.60	14.32	15.08	400.15	388.53	3.231	5.722	19.36	34.29	199.8	1700	2	99.95	11.1	-0.278	1.0	-0.22	2.74	1.00	0.00	0.16	111115
151	"05:08:16"	20180724	205	0	3.55	0.0796	309	0.835	1.07	14.32	6	1.42	1	2.84	14.60	14.32	15.08	400.17	388.53	3.232	5.724	19.36	34.29	199.8	1700	2	99.95	11.1	-0.278	1.0	-0.22	2.74	1.00	0.00	0.16	111115
152	"05:08:17"	20180724	205	0	3.54	0.0796	310	0.835	1.07	14.33	6	1.42	1	2.84	14.60	14.33	15.08	400.13	388.54	3.231	5.724	19.36	34.29	199.8	1700	2	99.95	11.1	-0.278	1.0	-0.22	2.74	1.00	0.00	0.16	111115
153	"05:08:17"	20180724	205	0	3.53	0.0796	310	0.836	1.07	14.32	6	1.42	1	2.84	14.61	14.32	15.08	400.12	388.54	3.231	5.726	19.35	34.30	199.8	1700	2	99.95	11.1	-0.278	1.0	-0.22	2.74	1.00	0.00	0.16	111115
154	"05:08:18"	20180724	205	0	3.52	0.0797	310	0.836	1.07	14.33	6	1.42	1	2.84	14.61	14.33	15.08	400.11	388.57	3.231	5.726	19.35	34.30	199.8	1700	2	99.95	11.1	-0.278	1.0	-0.22	2.74	1.00	0.00	0.16	111115
155	"05:08:19"	20180724	205	0	3.51	0.0796	310	0.836	1.07	14.33	6	1.42	1	2.84	14.61	14.33	15.08	400.09	388.56	3.231	5.726	19.35	34.30	199.8	1700	2	99.95	11.1	-0.278	1.0	-0.22	2.74	1.00	0.00	0.16	111115
156	"05:08:19"	20180724	205	0	3.51	0.0796	310	0.836	1.07	14.33	6	1.42	1	2.84	14.61	14.33	15.08	400.09	388.57	3.232	5.727	19.36	34.30	199.8	1700	2	99.95	11.1	-0.278	1.0	-0.22	2.74	1.00	0.00	0.16	111115
157	"05:08:20"	20180724	205	0	3.52	0.0796	310	0.836	1.07	14.33	6	1.42	1	2.84	14.61	14.33	15.08	400.11	388.58	3.231	5.726	19.35	34.29	199.9	1700	3	99.95	11.1	-0.278	1.0	-0.22	2.74	1.00	0.00	0.16	111115
158	"05:08:20"	20180724	205	0	3.52	0.0797	310	0.836	1.07	14.33	6	1.42	1	2.84	14.61	14.33	15.08	400.10	388.55	3.231	5.727	19.35	34.29	199.9	1700	2	99.95	11.1	-0.278	1.0	-0.22	2.74	1.00	0.00	0.16	111115
159	"05:08:21"	20180724	205	0	3.54	0.0797	310	0.837	1.07	14.33	6	1.42	1	2.84	14.61	14.33	15.08	400.13	388.52	3.232	5.729	19.35	34.30	199.9	1700	2	99.95	11.1	-0.278	1.0	-0.22	2.74	1.00	0.00	0.16	111115
160	"05:08:21"	20180724	205	0	3.55	0.0797	309	0.837	1.07	14.33	6	1.42	1	2.84	14.61	14.33	15.08	400.17	388.53	3.232	5.730	19.35	34.31	199.9	1700	2	99.95	11.1	-0.278	1.0	-0.22	2.74	1.00	0.00	0.16	111115
161	"05:08:22"	20180724	205	0	3.57	0.0797	309	0.837	1.07	14.33	6	1.42	1	2.84	14.61	14.33	15.08	400.19	388.49	3.232	5.730	19.35	34.31	199.9	1700	2	99.95	11.1	-0.278	1.0	-0.22	2.74	1.00	0.00	0.16	111115
162	"05:08:23"	20180724	205	0	3.57	0.0798	309	0.837	1.07	14.33	6	1.42	1	2.84	14.62	14.33	15.08	400.20	388.51	3.232	5.731	19.35	34.31	199.9	1700	2	99.95	11.1	-0.278	1.0	-0.22	2.74	1.00	0.00	0.16	111115
163	"05:08:23"	20180724	205	0	3.58	0.0798	309	0.838	1.07	14.34	6	1.42	1	2.84	14.62	14.34	15.08	400.22	388.51	3.232	5.732	19.35	34.32	199.9	1700	2	99.95	11.1	-0.278	1.0	-0.22	2.74	1.00	0.00	0.16	111115
164	"05:08:24"	20180724	205	0	3.58	0.0798	309	0.838	1.07	14.34	6	1.42	1	2.84	14.62	14.34	15.08	400.22	388.48	3.232	5.734	19.35	34.32	199.8	1700	2	99.95	11.1	-0.278	1.0	-0.22	2.74	1.00	0.00	0.16	111115
165	"05:08:24"	20180724	205	0	3.58	0.0798	309	0.838	1.07	14.34	6	1.42	1	2.84	14.62	14.34	15.08	400.22	388.49	3.233	5.735	19.35	34.32	199.8	1700	2	99.95	11.1	-0.278	1.0	-0.22	2.74	1.00	0.00	0.16	111115
166	"05:08:25"	20180724	205	0	3.57	0.0798	309	0.838	1.07	14.34	6	1.42	1	2.84	14.62	14.34	15.08	400.21	388.51	3.232	5.735	19.34	34.32	199.8	1700	2	99.95	11.1	-0.278	1.0	-0.22	2.74	1.00	0.00	0.16	111115
167	"05:08:25"	20180724	205	0	3.57	0.0798	309	0.838	1.07	14.35	6	1.42	1	2.84	14.62	14.35	15.08	400.19	388.49	3.232	5.736	19.34	34.32	199.8	1700	2	99.95	11.1	-0.278	1.0	-0.22	2.74	1.00	0.00	0.16	111115
168	"05:08:26"	20180724	205	0	3.56	0.0798	309	0.839	1.07	14.35	6	1.42	1	2.84	14.62	14.35	15.08	400.19	388.52	3.233	5.737	19.34	34.33	199.8	1700	2	99.95	11.1	-0.278	1.0	-0.22	2.74	1.00	0.00	0.16	111115
"05:08:45 Coolers: Tblock -> 20.00 C"
"05:14:01 Flow: Fixed -> 200 umol/s"
169	"05:14:05"	20180724	205	0	3.87	0.0697	288	0.929	1.35	18.13	6	1.42	1	2.84	19.15	18.13	20.07	398.86	386.16	4.661	7.430	20.93	33.36	199.8	1699	2	99.96	11.1	-0.278	1.0	-0.22	2.74	1.00	0.00	0.16	111115
170	"05:14:06"	20180724	205	0	3.87	0.0697	288	0.929	1.35	18.13	6	1.42	1	2.84	19.15	18.13	20.07	398.86	386.16	4.661	7.430	20.93	33.36	199.8	1699	2	99.96	11.1	-0.278	1.0	-0.22	2.74	1.00	0.00	0.16	111115
171	"05:14:06"	20180724	205	0	3.97	0.0716	288	0.954	1.35	18.14	6	1.42	1	2.84	19.15	18.14	20.07	399.23	386.19	4.587	7.430	20.60	33.36	199.8	1699	2	99.96	11.1	-0.278	1.0	-0.22	2.74	1.00	0.00	0.16	111115
172	"05:14:06"	20180724	205	0	3.97	0.0716	288	0.954	1.35	18.14	6	1.42	1	2.84	19.15	18.14	20.07	399.23	386.19	4.587	7.430	20.60	33.36	199.8	1699	2	99.96	11.1	-0.278	1.0	-0.22	2.74	1.00	0.00	0.16	111115
173	"05:14:07"	20180724	205	0	3.98	0.0716	288	0.955	1.35	18.14	6	1.42	1	2.84	19.15	18.14	20.07	399.21	386.16	4.585	7.431	20.59	33.37	199.8	1699	2	99.96	11.1	-0.278	1.0	-0.22	2.74	1.00	0.00	0.16	111115
174	"05:14:07"	20180724	205	0	3.98	0.0716	288	0.955	1.35	18.14	6	1.42	1	2.84	19.15	18.14	20.07	399.19	386.13	4.584	7.432	20.58	33.37	199.8	1699	2	99.96	11.1	-0.278	1.0	-0.22	2.74	1.00	0.00	0.16	111115
175	"05:14:08"	20180724	205	0	3.98	0.0717	288	0.956	1.35	18.14	6	1.42	1	2.84	19.15	18.14	20.07	399.20	386.15	4.584	7.432	20.58	33.37	199.8	1699	2	99.96	11.1	-0.278	1.0	-0.22	2.74	1.00	0.00	0.16	111115
176	"05:14:08"	20180724	205	0	3.99	0.0717	288	0.956	1.35	18.14	6	1.42	1	2.84	19.15	18.14	20.07	399.23	386.14	4.584	7.433	20.58	33.37	199.8	1699	3	99.96	11.1	-0.278	1.0	-0.22	2.74	1.00	0.00	0.16	111115
177	"05:14:09"	20180724	205	0	4	0.0717	288	0.956	1.35	18.14	6	1.42	1	2.84	19.15	18.14	20.07	399.24	386.13	4.584	7.433	20.58	33.37	199.8	1699	3	99.96	11.1	-0.278	1.0	-0.22	2.74	1.00	0.00	0.16	111115
178	"05:14:09"	20180724	205	0	4.01	0.0718	287	0.957	1.35	18.14	6	1.42	1	2.84	19.16	18.14	20.08	399.23	386.08	4.584	7.435	20.58	33.38	199.8	1699	3	99.96	11.1	-0.278	1.0	-0.22	2.74	1.00	0.00	0.16	111115
179	"05:14:10"	20180724	205	0	4.01	0.0718	287	0.957	1.35	18.14	6	1.42	1	2.84	19.16	18.14	20.08	399.24	386.08	4.584	7.435	20.58	33.38	199.8	1699	3	99.96	11.1	-0.278	1.0	-0.22	2.74	1.00	0.00	0.16	111115
180	"05:14:11"	20180724	205	0	4.02	0.0718	287	0.956	1.35	18.14	6	1.42	1	2.84	19.16	18.14	20.08	399.24	386.06	4.584	7.435	20.58	33.37	199.8	1699	3	99.96	11.1	-0.278	1.0	-0.22	2.74	1.00	0.00	0.16	111115
181	"05:14:11"	20180724	205	0	4.03	0.0718	287	0.957	1.35	18.14	6	1.42	1	2.84	19.16	18.14	20.08	399.25	386.05	4.585	7.437	20.58	33.38	199.8	1699	3	99.96	11.1	-0.278	1.0	-0.22	2.74	1.00	0.00	0.16	111115
182	"05:14:12"	20180724	205	0	4.05	0.0718	287	0.958	1.35	18.15	6	1.42	1	2.84	19.16	18.15	20.08	399.30	386.03	4.585	7.440	20.58	33.39	199.8	1699	3	99.96	11.1	-0.278	1.0	-0.22	2.74	1.00	0.00	0.16	111115
183	"05:14:12"	20180724	205	0	4.04	0.0718	287	0.958	1.35	18.15	6	1.42	1	2.84	19.16	18.15	20.08	399.28	386.05	4.585	7.440	20.58	33.39	199.8	1699	3	99.96	11.1	-0.278	1.0	-0.22	2.74	1.00	0.00	0.16	111115
184	"05:14:13"	20180724	205	0	4.03	0.0718	287	0.958	1.35	18.15	6	1.42	1	2.84	19.16	18.15	20.08	399.28	386.07	4.585	7.439	20.58	33.38	199.8	1699	3	99.96	11.1	-0.278	1.0	-0.22	2.74	1.00	0.00	0.16	111115
185	"05:14:13"	20180724	205	0	4.03	0.0718	287	0.957	1.35	18.15	6	1.42	1	2.84	19.16	18.15	20.08	399.32	386.10	4.586	7.440	20.58	33.38	199.8	1699	3	99.96	11.1	-0.278	1.0	-0.22	2.74	1.00	0.00	0.16	111115
186	"05:14:14"	20180724	205	0	4.04	0.0718	287	0.958	1.35	18.16	6	1.42	1	2.84	19.16	18.16	20.08	399.32	386.09	4.585	7.439	20.58	33.38	199.8	1699	3	99.96	11.1	-0.278	1.0	-0.22	2.74	1.00	0.00	0.16	111115
187	"05:14:14"	20180724	205	0	4.04	0.0718	287	0.958	1.35	18.16	6	1.42	1	2.84	19.16	18.16	20.08	399.34	386.08	4.585	7.441	20.57	33.39	199.8	1699	3	99.96	11.1	-0.278	1.0	-0.22	2.74	1.00	0.00	0.16	111115
188	"05:14:15"	20180724	205	0	4.05	0.0718	287	0.958	1.35	18.16	6	1.42	1	2.84	19.16	18.16	20.08	399.37	386.10	4.585	7.441	20.57	33.39	199.8	1699	3	99.96	11.1	-0.278	1.0	-0.22	2.74	1.00	0.00	0.16	111115
189	"05:14:15"	20180724	205	0	4.07	0.0718	286	0.958	1.35	18.17	6	1.42	1	2.84	19.16	18.17	20.07	399.45	386.11	4.585	7.441	20.57	33.39	199.8	1699	2	99.96	11.1	-0.278	1.0	-0.22	2.74	1.00	0.00	0.16	111115
190	"05:14:16"	20180724	205	0	4.09	0.0718	286	0.958	1.35	18.16	6	1.42	1	2.84	19.16	18.16	20.07	399.52	386.12	4.585	7.442	20.57	33.39	199.8	1699	2	99.96	11.1	-0.278	1.0	-0.22	2.74	1.00	0.00	0.16	111115
191	"05:14:16"	20180724	205	0	4.14	0.0718	284	0.958	1.35	18.16	6	1.42	1	2.84	19.16	18.16	20.07	399.63	386.08	4.586	7.442	20.58	33.39	199.8	1699	2	99.96	11.1	-0.278	1.0	-0.22	2.74	1.00	0.00	0.16	111115
192	"05:14:17"	20180724	205	0	4.17	0.0719	284	0.959	1.35	18.16	6	1.42	1	2.84	19.17	18.16	20.07	399.70	386.06	4.586	7.445	20.57	33.40	199.8	1699	2	99.96	11.1	-0.278	1.0	-0.22	2.74	1.00	0.00	0.16	111115
"05:15:09 Coolers: Tblock -> 25.00 C"
"05:20:06 Flow: Fixed -> 200 umol/s"
193	"05:20:18"	20180724	205	0	4.27	0.0675	274	1.09	1.63	21.31	6	1.42	1	2.84	23.46	21.31	25.05	399.73	385.63	5.879	9.135	20.27	31.49	199.8	1699	2	99.96	11.1	-0.278	1.0	-0.22	2.74	1.00	0.00	0.16	111115
194	"05:20:19"	20180724	205	0	4.3	0.0675	273	1.09	1.63	21.31	6	1.42	1	2.84	23.46	21.31	25.05	399.78	385.61	5.879	9.135	20.27	31.49	199.8	1699	2	99.96	11.1	-0.278	1.0	-0.22	2.74	1.00	0.00	0.16	111115
195	"05:20:19"	20180724	205	0	4.3	0.0675	273	1.09	1.63	21.31	6	1.42	1	2.84	23.46	21.31	25.05	399.78	385.61	5.879	9.135	20.27	31.49	199.8	1699	2	99.96	11.1	-0.278	1.0	-0.22	2.74	1.00	0.00	0.16	111115
196	"05:20:20"	20180724	205	0	4.31	0.0675	273	1.09	1.63	21.31	6	1.42	1	2.84	23.46	21.31	25.05	399.82	385.60	5.879	9.136	20.27	31.49	199.8	1699	2	99.96	11.1	-0.278	1.0	-0.22	2.74	1.00	0.00	0.16	111115
197	"05:20:20"	20180724	205	0	4.32	0.0675	272	1.09	1.63	21.31	6	1.42	1	2.84	23.46	21.31	25.05	399.85	385.61	5.879	9.137	20.27	31.50	199.8	1699	2	99.96	11.1	-0.278	1.0	-0.22	2.74	1.00	0.00	0.16	111115
198	"05:20:21"	20180724	205	0	4.32	0.0676	273	1.1	1.63	21.31	6	1.42	1	2.84	23.46	21.31	25.05	399.85	385.60	5.879	9.139	20.26	31.50	199.8	1699	2	99.96	11.1	-0.278	1.0	-0.22	2.74	1.00	0.00	0.16	111115
199	"05:20:21"	20180724	205	0	4.3	0.0676	273	1.1	1.63	21.30	6	1.42	1	2.84	23.47	21.30	25.05	399.83	385.66	5.880	9.139	20.26	31.50	199.8	1699	2	99.96	11.1	-0.278	1.0	-0.22	2.74	1.00	0.00	0.16	111115
200	"05:20:22"	20180724	205	0	4.29	0.0676	273	1.1	1.63	21.30	6	1.42	1	2.84	23.47	21.30	25.05	399.81	385.65	5.880	9.140	20.26	31.50	199.8	1699	3	99.96	11.1	-0.278	1.0	-0.22	2.74	1.00	0.00	0.16	111115
201	"05:20:22"	20180724	205	0	4.29	0.0677	273	1.1	1.63	21.31	6	1.42	1	2.84	23.47	21.31	25.05	399.78	385.62	5.880	9.142	20.26	31.51	199.8	1699	3	99.96	11.1	-0.278	1.0	-0.22	2.74	1.00	0.00	0.16	111115
202	"05:20:23"	20180724	205	0	4.28	0.0676	273	1.1	1.63	21.31	6	1.42	1	2.84	23.47	21.31	25.06	399.73	385.60	5.880	9.141	20.26	31.50	199.8	1699	3	99.96	11.1	-0.278	1.0	-0.22	2.74	1.00	0.00	0.16	111115
203	"05:20:23"	20180724	205	0	4.24	0.0677	275	1.1	1.63	21.30	6	1.42	1	2.84	23.47	21.30	25.06	399.67	385.66	5.882	9.143	20.27	31.51	199.8	1699	3	99.96	11.1	-0.278	1.0	-0.22	2.74	1.00	0.00	0.16	111115
204	"05:20:24"	20180724	205	0	4.24	0.0677	275	1.1	1.63	21.31	6	1.42	1	2.84	23.47	21.31	25.06	399.64	385.65	5.882	9.146	20.27	31.51	199.8	1699	3	99.96	11.1	-0.278	1.0	-0.22	2.74	1.00	0.00	0.16	111115
205	"05:20:24"	20180724	205	0	4.23	0.0677	275	1.1	1.63	21.31	6	1.42	1	2.84	23.47	21.31	25.06	399.62	385.65	5.883	9.148	20.27	31.52	199.8	1699	3	99.96	11.1	-0.278	1.0	-0.22	2.74	1.00	0.00	0.16	111115
206	"05:20:25"	20180724	205	0	4.22	0.0677	275	1.1	1.63	21.32	6	1.42	1	2.84	23.47	21.32	25.06	399.56	385.63	5.884	9.151	20.27	31.52	199.8	1699	3	99.96	11.1	-0.278	1.0	-0.22	2.74	1.00	0.00	0.16	111115
207	"05:20:25"	20180724	205	0	4.21	0.0677	275	1.1	1.63	21.32	6	1.42	1	2.84	23.47	21.32	25.06	399.52	385.61	5.885	9.151	20.27	31.52	199.8	1699	3	99.96	11.1	-0.278	1.0	-0.22	2.74	1.00	0.00	0.16	111115
208	"05:20:26"	20180724	205	0	4.18	0.0676	276	1.1	1.63	21.32	6	1.42	1	2.84	23.48	21.32	25.06	399.49	385.66	5.885	9.149	20.27	31.51	199.8	1699	3	99.96	11.1	-0.278	1.0	-0.22	2.74	1.00	0.00	0.16	111115
209	"05:20:27"	20180724	205	0	4.16	0.0676	277	1.1	1.63	21.33	6	1.42	1	2.84	23.48	21.33	25.06	399.46	385.70	5.885	9.151	20.27	31.52	199.8	1699	3	99.96	11.1	-0.278	1.0	-0.22	2.74	1.00	0.00	0.16	111115
210	"05:20:27"	20180724	205	0	4.16	0.0677	277	1.1	1.63	21.33	6	1.42	1	2.84	23.48	21.33	25.06	399.44	385.68	5.885	9.152	20.27	31.52	199.8	1699	3	99.96	11.1	-0.278	1.0	-0.22	2.74	1.00	0.00	0.16	111115
211	"05:20:28"	20180724	205	0	4.15	0.0676	277	1.1	1.63	21.33	6	1.42	1	2.84	23.48	21.33	25.06	399.41	385.68	5.886	9.151	20.27	31.51	199.8	1699	3	99.96	11.1	-0.278	1.0	-0.22	2.74	1.00	0.00	0.16	111115
"05:20:51 Coolers: Tblock -> 30.00 C"
"05:24:59 Flow: Fixed -> 200 umol/s"
212	"05:25:20"	20180724	205	0	4.33	0.0597	258	1.07	1.79	24.20	6	1.42	1	2.84	27.66	24.20	30.06	399.48	385.23	9.208	12.384	24.74	33.28	199.8	1700	2	99.97	11.1	-0.278	1.0	-0.22	2.74	1.00	0.00	0.16	111115
213	"05:25:20"	20180724	205	0	4.33	0.0597	258	1.07	1.79	24.20	6	1.42	1	2.84	27.66	24.20	30.06	399.48	385.23	9.208	12.384	24.74	33.28	199.8	1700	2	99.97	11.1	-0.278	1.0	-0.22	2.74	1.00	0.00	0.16	111115
214	"05:25:21"	20180724	205	0	4.34	0.0597	258	1.07	1.79	24.20	6	1.42	1	2.84	27.66	24.20	30.06	399.48	385.22	9.208	12.389	24.74	33.29	199.8	1700	2	99.97	11.1	-0.278	1.0	-0.22	2.74	1.00	0.00	0.16	111115
215	"05:25:21"	20180724	205	0	4.35	0.0598	257	1.07	1.79	24.22	6	1.42	1	2.84	27.66	24.22	30.06	399.49	385.18	9.210	12.396	24.74	33.30	199.8	1700	2	99.97	11.1	-0.278	1.0	-0.22	2.74	1.00	0.00	0.16	111115
216	"05:25:22"	20180724	205	0	4.35	0.0599	258	1.08	1.79	24.22	6	1.42	1	2.84	27.67	24.22	30.06	399.48	385.18	9.210	12.401	24.74	33.31	199.8	1700	2	99.97	11.1	-0.278	1.0	-0.22	2.74	1.00	0.00	0.16	111115
217	"05:25:22"	20180724	205	0	4.35	0.0599	258	1.08	1.79	24.22	6	1.42	1	2.84	27.67	24.22	30.06	399.47	385.16	9.211	12.403	24.74	33.32	199.8	1700	2	99.97	11.1	-0.278	1.0	-0.22	2.74	1.00	0.00	0.16	111115
218	"05:25:23"	20180724	205	0	4.36	0.06	257	1.08	1.79	24.22	6	1.42	1	2.84	27.67	24.22	30.06	399.43	385.10	9.212	12.407	24.74	33.32	199.8	1700	2	99.97	11.1	-0.278	1.0	-0.22	2.74	1.00	0.00	0.16	111115
219	"05:25:23"	20180724	205	0	4.37	0.06	257	1.08	1.8	24.23	6	1.42	1	2.84	27.67	24.23	30.06	399.43	385.07	9.213	12.413	24.74	33.34	199.8	1700	2	99.97	11.1	-0.278	1.0	-0.22	2.74	1.00	0.00	0.16	111115
220	"05:25:24"	20180724	205	0	4.38	0.0601	257	1.08	1.8	24.23	6	1.42	1	2.84	27.67	24.23	30.06	399.46	385.05	9.213	12.417	24.74	33.34	199.8	1700	2	99.97	11.1	-0.278	1.0	-0.22	2.74	1.00	0.00	0.16	111115
221	"05:25:24"	20180724	205	0	4.4	0.0602	256	1.08	1.8	24.24	6	1.42	1	2.84	27.67	24.24	30.06	399.48	385.01	9.214	12.422	24.74	33.36	199.8	1700	2	99.97	11.1	-0.278	0.7	-0.22	2.74	1.00	0.00	0.16	111115
222	"05:25:25"	20180724	205	0	4.4	0.0602	256	1.08	1.8	24.24	6	1.42	1	2.84	27.67	24.24	30.06	399.50	385.02	9.216	12.426	24.74	33.36	199.8	1700	2	99.97	11.1	-0.278	0.7	-0.22	2.74	1.00	0.00	0.16	111115
223	"05:25:25"	20180724	205	0	4.39	0.0603	257	1.08	1.8	24.24	6	1.42	1	2.84	27.68	24.24	30.06	399.47	385.03	9.216	12.432	24.74	33.37	199.8	1700	2	99.97	11.1	-0.278	0.7	-0.22	2.74	1.00	0.00	0.16	111115
224	"05:25:26"	20180724	205	0	4.4	0.0604	257	1.09	1.8	24.24	6	1.42	1	2.84	27.68	24.24	30.06	399.49	385.02	9.217	12.436	24.74	33.38	199.8	1700	2	99.97	11.1	-0.278	0.7	-0.22	2.74	1.00	0.00	0.16	111115
225	"05:25:26"	20180724	205	0	4.41	0.0604	257	1.09	1.8	24.25	6	1.42	1	2.84	27.68	24.25	30.06	399.51	385.01	9.217	12.440	24.74	33.39	199.8	1700	2	99.97	11.1	-0.278	0.7	-0.22	2.74	1.00	0.00	0.16	111115
226	"05:25:27"	20180724	205	0	4.41	0.0605	257	1.09	1.8	24.26	6	1.42	1	2.84	27.68	24.26	30.06	399.53	385.03	9.218	12.446	24.74	33.40	199.8	1700	2	99.97	11.1	-0.278	0.7	-0.22	2.74	1.00	0.00	0.16	111115
227	"05:25:27"	20180724	205	0	4.42	0.0607	257	1.09	1.8	24.25	6	1.42	1	2.84	27.68	24.25	30.06	399.53	384.99	9.218	12.451	24.74	33.41	199.8	1700	2	99.97	11.1	-0.278	0.7	-0.22	2.74	1.00	0.00	0.16	111115
228	"05:25:28"	20180724	205	0	4.41	0.0608	257	1.09	1.79	24.25	6	1.42	1	2.84	27.68	24.25	30.06	399.51	384.99	9.219	12.456	24.74	33.42	199.8	1700	2	99.97	11.1	-0.278	0.7	-0.22	2.74	1.00	0.00	0.16	111115
229	"05:25:28"	20180724	205	0	4.4	0.0608	258	1.09	1.79	24.24	6	1.42	1	2.84	27.69	24.24	30.06	399.48	385.00	9.220	12.459	24.74	33.43	199.8	1700	2	99.97	11.1	-0.278	0.7	-0.22	2.74	1.00	0.00	0.16	111115
230	"05:25:29"	20180724	205	0	4.4	0.0609	258	1.09	1.79	24.24	6	1.42	1	2.84	27.69	24.24	30.06	399.46	384.97	9.219	12.464	24.73	33.44	199.8	1700	2	99.97	11.1	-0.278	0.7	-0.22	2.74	1.00	0.00	0.16	111115
231	"05:25:29"	20180724	205	0	4.4	0.0609	258	1.09	1.79	24.25	6	1.42	1	2.84	27.69	24.25	30.06	399.47	384.98	9.220	12.466	24.73	33.44	199.8	1700	2	99.97	11.1	-0.278	0.7	-0.22	2.74	1.00	0.00	0.16	111115
232	"05:25:30"	20180724	205	0	4.4	0.061	258	1.1	1.79	24.26	6	1.42	1	2.84	27.69	24.26	30.06	399.44	384.96	9.221	12.471	24.73	33.45	199.8	1700	2	99.97	11.1	-0.278	0.7	-0.22	2.74	1.00	0.00	0.16	111115
233	"05:25:30"	20180724	205	0	4.4	0.061	258	1.1	1.8	24.26	6	1.42	1	2.84	27.69	24.26	30.06	399.43	384.95	9.222	12.474	24.73	33.45	199.8	1700	2	99.97	11.1	-0.278	0.7	-0.22	2.74	1.00	0.00	0.16	111115
234	"05:25:31"	20180724	205	0	4.41	0.0611	258	1.1	1.79	24.26	6	1.42	1	2.84	27.70	24.26	30.06	399.42	384.91	9.222	12.479	24.73	33.46	199.8	1700	2	99.97	11.1	-0.278	0.7	-0.22	2.74	1.00	0.00	0.16	111115
235	"05:25:31"	20180724	205	0	4.41	0.0611	258	1.1	1.8	24.27	6	1.42	1	2.84	27.70	24.27	30.06	399.43	384.91	9.224	12.482	24.73	33.47	199.8	1700	2	99.97	11.1	-0.278	0.7	-0.22	2.74	1.00	0.00	0.16	111115
236	"05:25:53"	20180724	205	0	4.44	0.0628	260	1.14	1.81	24.42	6	1.42	1	2.84	27.76	24.42	30.06	399.57	384.93	9.249	12.623	24.71	33.72	199.8	1700	2	99.97	11.1	-0.278	1.0	-0.22	2.74	1.00	0.00	0.16	111115
237	"05:25:53"	20180724	205	0	4.43	0.0629	261	1.14	1.81	24.43	6	1.42	1	2.84	27.76	24.43	30.06	399.55	384.93	9.250	12.626	24.71	33.73	199.8	1700	2	99.97	11.1	-0.278	1.0	-0.22	2.74	1.00	0.00	0.16	111115
238	"05:25:53"	20180724	205	0	4.43	0.0629	261	1.14	1.81	24.43	6	1.42	1	2.84	27.76	24.43	30.06	399.55	384.93	9.250	12.626	24.71	33.73	199.8	1700	2	99.97	11.1	-0.278	1.0	-0.22	2.74	1.00	0.00	0.16	111115
239	"05:25:54"	20180724	205	0	4.44	0.0629	260	1.14	1.81	24.43	6	1.42	1	2.84	27.76	24.43	30.06	399.55	384.90	9.251	12.627	24.71	33.73	199.8	1700	2	99.97	11.1	-0.278	1.0	-0.22	2.74	1.00	0.00	0.16	111115
240	"05:25:54"	20180724	205	0	4.42	0.0629	261	1.14	1.81	24.44	6	1.42	1	2.84	27.76	24.44	30.06	399.53	384.93	9.252	12.632	24.71	33.74	199.8	1700	2	99.97	11.1	-0.278	1.0	-0.22	2.74	1.00	0.00	0.16	111115
241	"05:25:55"	20180724	205	0	4.44	0.0629	260	1.14	1.81	24.44	6	1.42	1	2.84	27.76	24.44	30.06	399.53	384.88	9.252	12.634	24.71	33.74	199.8	1700	2	99.97	11.1	-0.278	1.0	-0.22	2.74	1.00	0.00	0.16	111115
242	"05:25:56"	20180724	205	0	4.45	0.0629	260	1.14	1.81	24.44	6	1.42	1	2.84	27.77	24.44	30.06	399.56	384.88	9.253	12.637	24.71	33.75	199.8	1700	2	99.97	11.1	-0.278	1.0	-0.22	2.74	1.00	0.00	0.16	111115
243	"05:25:56"	20180724	205	0	4.45	0.063	260	1.14	1.81	24.44	6	1.42	1	2.84	27.77	24.44	30.05	399.56	384.87	9.255	12.640	24.72	33.76	199.8	1700	2	99.97	11.1	-0.278	1.0	-0.22	2.74	1.00	0.00	0.16	111115
244	"05:25:57"	20180724	205	0	4.47	0.063	260	1.14	1.81	24.45	6	1.42	1	2.84	27.77	24.45	30.05	399.58	384.83	9.255	12.644	24.72	33.76	199.8	1700	2	99.97	11.1	-0.278	1.0	-0.22	2.74	1.00	0.00	0.16	111115
245	"05:25:57"	20180724	205	0	4.49	0.0631	259	1.14	1.81	24.45	6	1.42	1	2.84	27.77	24.45	30.05	399.63	384.81	9.256	12.646	24.72	33.77	199.8	1700	2	99.97	11.1	-0.278	1.0	-0.22	2.74	1.00	0.00	0.16	111115
246	"05:25:58"	20180724	205	0	4.52	0.0631	258	1.14	1.81	24.46	6	1.42	1	2.84	27.77	24.46	30.05	399.72	384.82	9.257	12.651	24.71	33.78	199.8	1700	2	99.97	11.1	-0.278	1.0	-0.22	2.74	1.00	0.00	0.16	111115
247	"05:25:58"	20180724	205	0	4.54	0.0631	258	1.14	1.81	24.46	6	1.42	1	2.84	27.77	24.46	30.05	399.74	384.80	9.256	12.650	24.71	33.77	199.8	1700	2	99.97	11.1	-0.278	1.0	-0.22	2.74	1.00	0.00	0.16	111115
248	"05:25:59"	20180724	205	0	4.53	0.0631	258	1.15	1.82	24.47	6	1.42	1	2.84	27.77	24.47	30.05	399.76	384.83	9.256	12.653	24.71	33.78	199.8	1700	2	99.97	11.1	-0.278	1.0	-0.22	2.74	1.00	0.00	0.16	111115
249	"05:25:59"	20180724	205	0	4.55	0.0632	258	1.15	1.82	24.47	6	1.42	1	2.84	27.78	24.47	30.05	399.80	384.81	9.256	12.658	24.71	33.78	199.8	1700	2	99.97	11.1	-0.278	1.0	-0.22	2.74	1.00	0.00	0.16	111115
250	"05:26:00"	20180724	205	0	4.55	0.0632	258	1.15	1.81	24.47	6	1.42	1	2.84	27.78	24.47	30.05	399.82	384.82	9.256	12.660	24.70	33.79	199.8	1700	2	99.97	11.1	-0.278	1.0	-0.22	2.74	1.00	0.00	0.16	111115
251	"05:26:00"	20180724	205	0	4.52	0.0633	259	1.15	1.81	24.47	6	1.42	1	2.84	27.78	24.47	30.05	399.75	384.83	9.256	12.662	24.70	33.79	199.8	1700	2	99.97	11.1	-0.278	1.0	-0.22	2.74	1.00	0.00	0.16	111115
252	"05:26:01"	20180724	205	0	4.5	0.0632	259	1.15	1.82	24.47	6	1.42	1	2.84	27.78	24.47	30.05	399.66	384.82	9.258	12.663	24.71	33.79	199.8	1700	2	99.97	11.1	-0.278	1.0	-0.22	2.74	1.00	0.00	0.16	111115
253	"05:26:02"	20180724	205	0	4.49	0.0633	260	1.15	1.82	24.47	6	1.42	1	2.84	27.78	24.47	30.05	399.61	384.82	9.258	12.664	24.71	33.79	199.8	1700	2	99.97	11.1	-0.278	1.0	-0.22	2.74	1.00	0.00	0.16	111115
254	"05:26:02"	20180724	205	0	4.48	0.0634	260	1.15	1.81	24.46	6	1.42	1	2.84	27.78	24.46	30.05	399.56	384.79	9.258	12.667	24.71	33.80	199.8	1700	2	99.97	11.1	-0.278	1.0	-0.22	2.74	1.00	0.00	0.16	111115
255	"05:26:03"	20180724	205	0	4.48	0.0635	260	1.15	1.81	24.46	6	1.42	1	2.84	27.78	24.46	30.05	399.58	384.81	9.260	12.670	24.71	33.81	199.8	1700	2	99.97	11.1	-0.278	1.0	-0.22	2.74	1.00	0.00	0.16	111115
256	"05:26:03"	20180724	205	0	4.49	0.0634	260	1.15	1.81	24.46	6	1.42	1	2.84	27.78	24.46	30.04	399.59	384.79	9.261	12.672	24.71	33.81	199.8	1700	2	99.97	11.1	-0.278	1.0	-0.22	2.74	1.00	0.00	0.16	111115
257	"05:26:04"	20180724	205	0	4.5	0.0633	259	1.15	1.82	24.49	6	1.42	1	2.84	27.78	24.49	30.04	399.60	384.75	9.261	12.674	24.71	33.82	199.8	1700	2	99.97	11.1	-0.278	1.0	-0.22	2.74	1.00	0.00	0.16	111115
258	"05:26:04"	20180724	205	0	4.53	0.0633	258	1.15	1.82	24.49	6	1.42	1	2.84	27.78	24.49	30.04	399.66	384.71	9.263	12.674	24.71	33.82	199.8	1700	2	99.97	11.1	-0.278	1.0	-0.22	2.74	1.00	0.00	0.16	111115
259	"05:26:05"	20180724	205	0	4.55	0.0633	258	1.15	1.82	24.50	6	1.42	1	2.84	27.78	24.50	30.03	399.70	384.71	9.263	12.677	24.71	33.82	199.8	1700	2	99.97	11.1	-0.278	1.0	-0.22	2.74	1.00	0.00	0.16	111115
260	"05:26:06"	20180724	205	0	4.55	0.0633	258	1.15	1.82	24.51	6	1.42	1	2.84	27.78	24.51	30.03	399.71	384.73	9.263	12.681	24.71	33.83	199.8	1700	2	99.97	11.1	-0.278	1.0	-0.22	2.74	1.00	0.00	0.16	111115
261	"05:26:06"	20180724	205	0	4.53	0.0633	258	1.15	1.82	24.52	6	1.42	1	2.84	27.78	24.52	30.03	399.72	384.77	9.263	12.682	24.71	33.83	199.8	1700	2	99.97	11.1	-0.278	1.0	-0.22	2.74	1.00	0.00	0.16	111115
262	"05:26:07"	20180724	205	0	4.53	0.0633	259	1.15	1.82	24.52	6	1.42	1	2.84	27.78	24.52	30.02	399.68	384.75	9.264	12.684	24.71	33.84	199.8	1700	2	99.97	11.1	-0.278	1.0	-0.22	2.74	1.00	0.00	0.16	111115
263	"05:26:07"	20180724	205	0	4.5	0.0633	259	1.15	1.82	24.53	6	1.42	1	2.84	27.78	24.53	30.02	399.61	384.76	9.265	12.689	24.72	33.85	199.8	1700	3	99.97	11.1	-0.278	1.0	-0.22	2.74	1.00	0.00	0.16	111115
264	"05:26:08"	20180724	205	0	4.49	0.0634	260	1.16	1.82	24.53	6	1.42	1	2.84	27.78	24.53	30.01	399.60	384.77	9.266	12.692	24.72	33.86	199.8	1700	3	99.97	11.1	-0.278	1.0	-0.22	2.74	1.00	0.00	0.16	111115
"05:26:53 Coolers: Tblock -> 35.00 C"
"05:28:47 Flow: Fixed -> 200 umol/s"
265	"05:28:55"	20180724	205	0	4.54	0.0667	262	1.47	2.21	27.00	6	1.42	1	2.84	31.93	27.00	35.10	399.99	384.65	9.376	13.742	19.71	28.89	199.8	1700	2	99.97	11.1	-0.278	1.0	-0.22	2.74	1.00	0.00	0.16	111115
266	"05:28:55"	20180724	205	0	4.56	0.0667	261	1.47	2.21	27.01	6	1.42	1	2.84	31.93	27.01	35.10	400.01	384.62	9.376	13.744	19.71	28.89	199.8	1700	2	99.97	11.1	-0.278	1.0	-0.22	2.74	1.00	0.00	0.16	111115
267	"05:28:56"	20180724	205	0	4.56	0.0667	261	1.47	2.21	27.01	6	1.42	1	2.84	31.93	27.01	35.10	400.01	384.62	9.376	13.744	19.71	28.89	199.8	1700	2	99.97	11.1	-0.278	1.0	-0.22	2.74	1.00	0.00	0.16	111115
268	"05:28:56"	20180724	205	0	4.56	0.0667	261	1.47	2.21	27.01	6	1.42	1	2.84	31.93	27.01	35.10	400.01	384.62	9.376	13.744	19.71	28.89	199.8	1700	2	99.97	11.1	-0.278	1.0	-0.22	2.74	1.00	0.00	0.16	111115
269	"05:28:57"	20180724	205	0	4.57	0.0666	261	1.48	2.21	27.02	6	1.42	1	2.84	31.93	27.02	35.10	400.04	384.61	9.375	13.744	19.70	28.89	199.8	1700	2	99.97	11.1	-0.278	1.0	-0.22	2.74	1.00	0.00	0.16	111115
270	"05:28:57"	20180724	205	0	4.59	0.0667	261	1.48	2.21	27.02	6	1.42	1	2.84	31.93	27.02	35.10	400.09	384.61	9.375	13.747	19.70	28.89	199.8	1700	2	99.97	11.1	-0.278	1.0	-0.22	2.74	1.00	0.00	0.16	111115
271	"05:28:58"	20180724	205	0	4.59	0.0667	261	1.48	2.21	27.03	6	1.42	1	2.84	31.94	27.03	35.10	400.10	384.62	9.375	13.750	19.70	28.89	199.8	1700	2	99.97	11.1	-0.278	1.0	-0.22	2.74	1.00	0.00	0.16	111115
272	"05:28:58"	20180724	205	0	4.6	0.0666	260	1.48	2.21	27.03	6	1.42	1	2.84	31.94	27.03	35.10	400.13	384.61	9.376	13.751	19.69	28.88	199.8	1700	2	99.97	11.1	-0.278	1.0	-0.22	2.74	1.00	0.00	0.16	111115
273	"05:28:59"	20180724	205	0	4.6	0.0666	260	1.48	2.21	27.04	6	1.42	1	2.84	31.94	27.04	35.10	400.14	384.62	9.376	13.753	19.69	28.88	199.8	1700	2	99.97	11.1	-0.278	1.0	-0.22	2.74	1.00	0.00	0.16	111115
274	"05:28:59"	20180724	205	0	4.61	0.0666	260	1.48	2.22	27.05	6	1.42	1	2.84	31.95	27.05	35.09	400.16	384.60	9.376	13.756	19.69	28.89	199.8	1700	2	99.97	11.1	-0.278	1.0	-0.22	2.74	1.00	0.00	0.16	111115
275	"05:29:00"	20180724	205	0	4.62	0.0665	259	1.48	2.22	27.07	6	1.42	1	2.84	31.95	27.07	35.09	400.20	384.61	9.377	13.756	19.69	28.88	199.8	1700	2	99.97	11.1	-0.278	1.0	-0.22	2.74	1.00	0.00	0.16	111115
276	"05:29:00"	20180724	205	0	4.63	0.0665	259	1.48	2.22	27.07	6	1.42	1	2.84	31.95	27.07	35.09	400.22	384.60	9.377	13.757	19.68	28.88	199.8	1700	2	99.97	11.1	-0.278	1.0	-0.22	2.74	1.00	0.00	0.16	111115
277	"05:29:01"	20180724	205	0	4.61	0.0665	260	1.48	2.22	27.07	6	1.42	1	2.84	31.95	27.07	35.08	400.17	384.60	9.378	13.761	19.68	28.89	199.8	1700	2	99.97	11.1	-0.278	1.0	-0.22	2.74	1.00	0.00	0.16	111115
278	"05:29:01"	20180724	205	0	4.62	0.0665	259	1.48	2.22	27.09	6	1.42	1	2.84	31.96	27.09	35.08	400.15	384.57	9.378	13.765	19.68	28.89	199.8	1700	2	99.97	11.1	-0.278	1.0	-0.22	2.74	1.00	0.00	0.16	111115
279	"05:29:02"	20180724	205	0	4.61	0.0665	260	1.48	2.22	27.10	6	1.42	1	2.84	31.96	27.10	35.08	400.12	384.56	9.379	13.765	19.68	28.89	199.8	1700	2	99.97	11.1	-0.278	1.0	-0.22	2.74	1.00	0.00	0.16	111115
280	"05:29:02"	20180724	205	0	4.61	0.0664	260	1.48	2.23	27.11	6	1.42	1	2.84	31.96	27.11	35.08	400.07	384.53	9.378	13.767	19.68	28.89	199.8	1700	2	99.97	11.1	-0.278	1.0	-0.22	2.74	1.00	0.00	0.16	111115
281	"05:29:03"	20180724	205	0	4.61	0.0664	260	1.48	2.23	27.12	6	1.42	1	2.84	31.96	27.12	35.07	400.07	384.52	9.379	13.771	19.68	28.89	199.8	1700	2	99.97	11.1	-0.278	1.0	-0.22	2.74	1.00	0.00	0.16	111115
282	"05:29:03"	20180724	205	0	4.6	0.0664	260	1.48	2.23	27.12	6	1.42	1	2.84	31.97	27.12	35.07	400.06	384.53	9.379	13.771	19.67	28.88	199.8	1700	2	99.97	11.1	-0.278	1.0	-0.22	2.74	1.00	0.00	0.16	111115
283	"05:29:04"	20180724	205	0	4.59	0.0664	260	1.48	2.23	27.13	6	1.42	1	2.84	31.97	27.13	35.07	400.06	384.56	9.380	13.775	19.67	28.88	199.8	1700	2	99.97	11.1	-0.278	1.0	-0.22	2.74	1.00	0.00	0.16	111115
284	"05:29:04"	20180724	205	0	4.61	0.0663	259	1.48	2.23	27.14	6	1.42	1	2.84	31.97	27.14	35.07	400.12	384.57	9.380	13.775	19.67	28.88	199.8	1700	2	99.97	11.1	-0.278	1.0	-0.22	2.74	1.00	0.00	0.16	111115
285	"05:29:05"	20180724	205	0	4.61	0.0663	259	1.48	2.23	27.14	6	1.42	1	2.84	31.98	27.14	35.07	400.11	384.57	9.380	13.775	19.66	28.88	199.8	1700	2	99.97	11.1	-0.278	1.0	-0.22	2.74	1.00	0.00	0.16	111115
286	"05:29:05"	20180724	205	0	4.6	0.0663	260	1.48	2.23	27.14	6	1.42	1	2.84	31.98	27.14	35.08	400.12	384.59	9.380	13.778	19.66	28.88	199.7	1700	2	99.97	11.1	-0.278	1.0	-0.22	2.74	1.00	0.00	0.16	111115
287	"05:29:06"	20180724	205	0	4.62	0.0664	259	1.49	2.23	27.14	6	1.42	1	2.84	31.98	27.14	35.08	400.17	384.58	9.380	13.780	19.66	28.88	199.7	1700	2	99.97	11.1	-0.278	1.0	-0.22	2.74	1.00	0.00	0.16	111115
288	"05:29:06"	20180724	205	0	4.61	0.0665	260	1.49	2.23	27.13	6	1.42	1	2.84	31.98	27.13	35.08	400.17	384.59	9.381	13.781	19.66	28.88	199.8	1700	2	99.97	11.1	-0.278	1.0	-0.22	2.74	1.00	0.00	0.16	111115
289	"05:29:07"	20180724	205	0	4.61	0.0665	260	1.49	2.23	27.14	6	1.42	1	2.84	31.99	27.14	35.08	400.17	384.60	9.381	13.783	19.66	28.88	199.8	1699	2	99.97	11.1	-0.278	1.0	-0.22	2.74	1.00	0.00	0.16	111115
290	"05:29:07"	20180724	205	0	4.59	0.0664	260	1.49	2.23	27.15	6	1.42	1	2.84	31.99	27.15	35.08	400.13	384.62	9.382	13.786	19.65	28.88	199.8	1699	2	99.97	11.1	-0.278	1.0	-0.22	2.74	1.00	0.00	0.16	111115
291	"05:29:08"	20180724	205	0	4.58	0.0664	260	1.49	2.23	27.16	6	1.42	1	2.84	31.99	27.16	35.09	400.09	384.62	9.382	13.787	19.65	28.88	199.8	1699	2	99.97	11.1	-0.278	1.0	-0.22	2.74	1.00	0.00	0.16	111115
"05:29:44 Coolers: Tblock -> 40.00 C"
"05:32:53 Flow: Fixed -> 200 umol/s"
292	"05:32:59"	20180724	205	0	4.56	0.0629	251	1.82	2.88	30.43	6	1.42	1	2.84	36.34	30.43	39.92	399.85	384.04	9.528	14.918	15.67	24.53	199.8	1699	2	99.98	11.1	-0.278	1.0	-0.22	2.74	1.00	0.00	0.16	111115
293	"05:33:00"	20180724	205	0	4.56	0.0629	251	1.82	2.88	30.43	6	1.42	1	2.84	36.34	30.43	39.92	399.85	384.04	9.528	14.918	15.67	24.53	199.8	1699	2	99.98	11.1	-0.278	1.0	-0.22	2.74	1.00	0.00	0.16	111115
294	"05:33:00"	20180724	205	0	4.57	0.0629	251	1.82	2.88	30.43	6	1.42	1	2.84	36.34	30.43	39.93	399.86	384.04	9.529	14.921	15.67	24.53	199.8	1699	2	99.98	11.1	-0.278	1.0	-0.22	2.74	1.00	0.00	0.16	111115
295	"05:33:01"	20180724	205	0	4.57	0.0629	251	1.82	2.88	30.43	6	1.42	1	2.84	36.34	30.43	39.94	399.83	384.02	9.529	14.924	15.66	24.53	199.8	1699	2	99.98	11.1	-0.278	1.0	-0.22	2.74	1.00	0.00	0.16	111115
296	"05:33:01"	20180724	205	0	4.55	0.0629	251	1.82	2.88	30.44	6	1.42	1	2.84	36.35	30.44	39.95	399.80	384.02	9.530	14.924	15.66	24.52	199.8	1699	2	99.98	11.1	-0.278	1.0	-0.22	2.74	1.00	0.00	0.16	111115
297	"05:33:02"	20180724	205	0	4.53	0.0627	251	1.82	2.88	30.46	6	1.42	1	2.84	36.35	30.46	39.96	399.73	384.03	9.530	14.924	15.66	24.52	199.8	1699	2	99.98	11.1	-0.278	1.0	-0.22	2.74	1.00	0.00	0.16	111115
298	"05:33:02"	20180724	205	0	4.52	0.0626	251	1.82	2.89	30.48	6	1.42	1	2.84	36.36	30.48	39.97	399.70	384.03	9.531	14.926	15.65	24.51	199.7	1699	2	99.98	11.1	-0.278	1.0	-0.22	2.74	1.00	0.00	0.16	111115
299	"05:33:03"	20180724	205	0	4.52	0.0626	251	1.82	2.89	30.49	6	1.42	1	2.84	36.37	30.49	39.98	399.70	384.03	9.532	14.927	15.65	24.51	199.7	1699	2	99.98	11.1	-0.278	1.0	-0.22	2.74	1.00	0.00	0.16	111115
300	"05:33:03"	20180724	205	0	4.5	0.0625	252	1.82	2.89	30.51	6	1.42	1	2.84	36.37	30.51	39.99	399.65	384.03	9.533	14.928	15.65	24.50	199.7	1699	2	99.98	11.1	-0.278	1.0	-0.22	2.74	1.00	0.00	0.16	111115
301	"05:33:04"	20180724	205	0	4.52	0.0625	251	1.82	2.89	30.50	6	1.42	1	2.84	36.38	30.50	40.00	399.66	383.99	9.533	14.930	15.64	24.50	199.7	1699	2	99.98	11.1	-0.278	1.0	-0.22	2.74	1.00	0.00	0.16	111115
302	"05:33:04"	20180724	205	0	4.51	0.0625	251	1.82	2.9	30.51	6	1.42	1	2.84	36.38	30.51	40.01	399.64	383.98	9.533	14.931	15.64	24.49	199.7	1699	2	99.98	11.1	-0.278	1.0	-0.22	2.74	1.00	0.00	0.16	111115
303	"05:33:05"	20180724	205	0	4.51	0.0625	251	1.82	2.9	30.52	6	1.42	1	2.84	36.39	30.52	40.02	399.65	384.00	9.533	14.932	15.63	24.48	199.7	1699	2	99.98	11.1	-0.278	1.0	-0.22	2.74	1.00	0.00	0.16	111115
304	"05:33:05"	20180724	205	0	4.53	0.0625	251	1.83	2.9	30.52	6	1.42	1	2.84	36.39	30.52	40.03	399.69	383.99	9.533	14.934	15.63	24.48	199.7	1699	2	99.98	11.1	-0.278	1.0	-0.22	2.74	1.00	0.00	0.16	111115
305	"05:33:06"	20180724	205	0	4.55	0.0625	250	1.83	2.9	30.52	6	1.42	1	2.84	36.40	30.52	40.04	399.76	383.99	9.534	14.937	15.62	24.48	199.7	1699	2	99.98	11.1	-0.278	1.0	-0.22	2.74	1.00	0.00	0.16	111115
306	"05:33:06"	20180724	205	0	4.58	0.0625	250	1.83	2.9	30.52	6	1.42	1	2.84	36.41	30.52	40.05	399.83	383.98	9.535	14.937	15.62	24.47	199.8	1699	2	99.98	11.1	-0.278	1.0	-0.22	2.74	1.00	0.00	0.16	111115
307	"05:33:07"	20180724	205	0	4.58	0.0625	250	1.83	2.9	30.53	6	1.42	1	2.84	36.41	30.53	40.06	399.85	384.00	9.535	14.939	15.61	24.46	199.8	1699	2	99.98	11.1	-0.278	1.0	-0.22	2.74	1.00	0.00	0.16	111115
308	"05:33:07"	20180724	205	0	4.6	0.0625	249	1.83	2.9	30.53	6	1.42	1	2.84	36.42	30.53	40.07	399.90	383.98	9.535	14.940	15.61	24.46	199.8	1699	2	99.98	11.1	-0.278	1.0	-0.22	2.74	1.00	0.00	0.16	111115
309	"05:33:08"	20180724	205	0	4.61	0.0624	248	1.83	2.9	30.54	6	1.42	1	2.84	36.42	30.54	40.08	399.93	383.97	9.537	14.940	15.61	24.45	199.8	1699	2	99.98	11.1	-0.278	1.0	-0.22	2.74	1.00	0.00	0.16	111115
310	"05:33:08"	20180724	205	0	4.64	0.0624	248	1.83	2.9	30.56	6	1.42	1	2.84	36.43	30.56	40.09	400.00	383.96	9.538	14.941	15.60	24.44	199.8	1699	2	99.98	11.1	-0.278	1.0	-0.22	2.74	1.00	0.00	0.16	111115
311	"05:33:09"	20180724	205	0	4.65	0.0623	247	1.83	2.91	30.57	6	1.42	1	2.84	36.44	30.57	40.10	400.03	383.96	9.538	14.942	15.60	24.44	199.8	1699	2	99.98	11.1	-0.278	1.0	-0.22	2.74	1.00	0.00	0.16	111115
312	"05:33:09"	20180724	205	0	4.65	0.0622	247	1.83	2.91	30.59	6	1.42	1	2.84	36.44	30.59	40.11	400.05	383.97	9.538	14.944	15.59	24.43	199.8	1699	2	99.98	11.1	-0.278	1.0	-0.22	2.74	1.00	0.00	0.16	111115
313	"05:33:10"	20180724	205	0	4.67	0.0622	246	1.83	2.91	30.59	6	1.42	1	2.84	36.45	30.59	40.11	400.09	383.95	9.538	14.944	15.59	24.42	199.8	1699	3	99.98	11.1	-0.278	1.0	-0.22	2.74	1.00	0.00	0.16	111115
314	"05:33:10"	20180724	205	0	4.66	0.0621	247	1.83	2.92	30.61	6	1.42	1	2.84	36.46	30.61	40.12	400.08	383.96	9.538	14.947	15.58	24.42	199.7	1699	3	99.98	11.1	-0.278	1.0	-0.22	2.74	1.00	0.00	0.16	111115
315	"05:33:11"	20180724	205	0	4.68	0.0621	246	1.83	2.92	30.62	6	1.42	1	2.84	36.46	30.62	40.13	400.11	383.94	9.538	14.946	15.58	24.41	199.7	1699	3	99.98	11.1	-0.278	1.0	-0.22	2.74	1.00	0.00	0.16	111115
316	"05:33:12"	20180724	205	0	4.69	0.062	246	1.83	2.92	30.63	6	1.42	1	2.84	36.47	30.63	40.13	400.16	383.97	9.539	14.949	15.57	24.40	199.8	1699	3	99.98	11.1	-0.278	1.0	-0.22	2.74	1.00	0.00	0.16	111115
317	"05:33:12"	20180724	205	0	4.69	0.062	245	1.83	2.93	30.65	6	1.42	1	2.84	36.48	30.65	40.14	400.19	383.98	9.539	14.950	15.56	24.39	199.8	1699	3	99.98	11.1	-0.278	1.0	-0.22	2.74	1.00	0.00	0.16	111115
"05:34:48 Coolers: Tblock -> 45.00 C"
"05:38:51 Flow: Fixed -> 200 umol/s"
318	"05:38:57"	20180724	205	0	4.32	0.0574	243	2.17	3.71	33.92	6	1.42	1	2.84	41.02	33.92	45.10	400.17	384.70	9.675	16.075	12.36	20.54	199.7	1700	3	99.99	11.1	-0.278	1.0	-0.22	2.74	1.00	0.00	0.16	111115
319	"05:38:58"	20180724	205	0	4.32	0.0574	243	2.17	3.71	33.92	6	1.42	1	2.84	41.02	33.92	45.10	400.17	384.70	9.675	16.075	12.36	20.54	199.7	1700	3	99.99	11.1	-0.278	1.0	-0.22	2.74	1.00	0.00	0.16	111115
320	"05:38:58"	20180724	205	0	4.31	0.0575	243	2.17	3.71	33.92	6	1.42	1	2.84	41.02	33.92	45.09	400.18	384.73	9.675	16.075	12.36	20.54	199.8	1700	3	99.99	11.1	-0.278	1.0	-0.22	2.74	1.00	0.00	0.16	111115
321	"05:38:59"	20180724	205	0	4.32	0.0575	243	2.17	3.71	33.91	6	1.42	1	2.84	41.02	33.91	45.09	400.20	384.71	9.676	16.078	12.36	20.54	199.7	1700	3	99.99	11.1	-0.278	1.0	-0.22	2.74	1.00	0.00	0.16	111115
322	"05:38:59"	20180724	205	0	4.31	0.0575	243	2.17	3.71	33.91	6	1.42	1	2.84	41.03	33.91	45.09	400.20	384.74	9.676	16.079	12.36	20.53	199.7	1700	3	99.99	11.1	-0.278	1.0	-0.22	2.74	1.00	0.00	0.16	111115
323	"05:39:00"	20180724	205	0	4.3	0.0574	243	2.17	3.71	33.93	6	1.42	1	2.84	41.03	33.93	45.08	400.18	384.74	9.676	16.078	12.36	20.53	199.7	1700	3	99.99	11.1	-0.278	1.0	-0.22	2.74	1.00	0.00	0.16	111115
324	"05:39:00"	20180724	205	0	4.29	0.0574	244	2.17	3.72	33.94	6	1.42	1	2.84	41.03	33.94	45.08	400.18	384.79	9.677	16.079	12.35	20.53	199.7	1700	3	99.99	11.1	-0.278	1.0	-0.22	2.74	1.00	0.00	0.16	111115
325	"05:39:01"	20180724	205	0	4.29	0.0574	244	2.17	3.72	33.94	6	1.42	1	2.84	41.03	33.94	45.08	400.20	384.81	9.677	16.077	12.35	20.52	199.8	1700	3	99.99	11.1	-0.278	1.0	-0.22	2.74	1.00	0.00	0.16	111115
326	"05:39:01"	20180724	205	0	4.3	0.0575	244	2.17	3.71	33.92	6	1.42	1	2.84	41.04	33.92	45.08	400.20	384.79	9.677	16.076	12.35	20.52	199.8	1700	3	99.99	11.1	-0.278	1.0	-0.22	2.74	1.00	0.00	0.16	111115
327	"05:39:02"	20180724	205	0	4.29	0.0576	244	2.17	3.71	33.90	6	1.42	1	2.84	41.04	33.90	45.07	400.19	384.79	9.676	16.076	12.35	20.52	199.8	1700	3	99.99	11.1	-0.278	1.0	-0.22	2.74	1.00	0.00	0.16	111115
328	"05:39:02"	20180724	205	0	4.29	0.0576	244	2.17	3.7	33.89	6	1.42	1	2.84	41.04	33.89	45.07	400.18	384.80	9.676	16.076	12.35	20.52	199.8	1700	3	99.99	11.1	-0.278	1.0	-0.22	2.74	1.00	0.00	0.16	111115
329	"05:39:03"	20180724	205	0	4.28	0.0576	244	2.17	3.71	33.90	6	1.42	1	2.84	41.04	33.90	45.07	400.16	384.80	9.675	16.076	12.35	20.52	199.8	1700	3	99.99	11.1	-0.278	1.0	-0.22	2.74	1.00	0.00	0.16	111115
330	"05:39:03"	20180724	205	0	4.29	0.0576	244	2.17	3.71	33.90	6	1.42	1	2.84	41.04	33.90	45.07	400.16	384.76	9.676	16.076	12.35	20.51	199.8	1700	3	99.99	11.1	-0.278	1.0	-0.22	2.74	1.00	0.00	0.16	111115
331	"05:39:04"	20180724	205	0	4.29	0.0576	244	2.17	3.7	33.89	6	1.42	1	2.84	41.04	33.89	45.07	400.17	384.79	9.676	16.077	12.35	20.51	199.8	1700	3	99.99	11.1	-0.278	1.0	-0.22	2.74	1.00	0.00	0.16	111115
332	"05:39:04"	20180724	205	0	4.29	0.0577	244	2.17	3.7	33.89	6	1.42	1	2.84	41.04	33.89	45.07	400.17	384.78	9.676	16.079	12.35	20.52	199.8	1700	3	99.99	11.1	-0.278	1.0	-0.22	2.74	1.00	0.00	0.16	111115
333	"05:39:05"	20180724	205	0	4.29	0.0576	244	2.17	3.7	33.89	6	1.42	1	2.84	41.04	33.89	45.07	400.14	384.75	9.676	16.081	12.34	20.52	199.7	1700	3	99.99	11.1	-0.278	1.0	-0.22	2.74	1.00	0.00	0.16	111115
334	"05:39:05"	20180724	205	0	4.29	0.0575	244	2.17	3.71	33.92	6	1.42	1	2.84	41.05	33.92	45.07	400.14	384.75	9.676	16.081	12.34	20.51	199.7	1700	3	99.99	11.1	-0.278	1.0	-0.22	2.74	1.00	0.00	0.16	111115
335	"05:39:06"	20180724	205	0	4.29	0.0574	244	2.17	3.72	33.95	6	1.42	1	2.84	41.05	33.95	45.07	400.17	384.76	9.677	16.084	12.34	20.52	199.7	1700	2	99.99	11.1	-0.278	1.0	-0.22	2.74	1.00	0.00	0.16	111115
336	"05:39:06"	20180724	205	0	4.3	0.0573	243	2.17	3.72	33.97	6	1.42	1	2.84	41.05	33.97	45.07	400.18	384.74	9.677	16.088	12.34	20.52	199.7	1700	2	99.99	11.1	-0.278	1.0	-0.22	2.74	1.00	0.00	0.16	111115
337	"05:39:07"	20180724	205	0	4.31	0.0574	243	2.17	3.72	33.96	6	1.42	1	2.84	41.05	33.96	45.07	400.18	384.73	9.678	16.088	12.34	20.52	199.7	1700	2	99.99	11.1	-0.278	1.0	-0.22	2.74	1.00	0.00	0.16	111115
338	"05:39:07"	20180724	205	0	4.31	0.0574	243	2.17	3.72	33.96	6	1.42	1	2.84	41.05	33.96	45.07	400.19	384.75	9.678	16.089	12.34	20.52	199.7	1700	2	99.99	11.1	-0.278	1.0	-0.22	2.74	1.00	0.00	0.16	111115
339	"05:39:08"	20180724	205	0	4.3	0.0574	243	2.17	3.72	33.95	6	1.42	1	2.84	41.06	33.95	45.07	400.18	384.75	9.678	16.090	12.34	20.52	199.8	1700	2	99.99	11.1	-0.278	1.0	-0.22	2.74	1.00	0.00	0.16	111115
340	"05:39:08"	20180724	205	0	4.3	0.0574	244	2.17	3.72	33.95	6	1.42	1	2.84	41.06	33.95	45.07	400.19	384.77	9.678	16.090	12.34	20.51	199.8	1700	2	99.99	11.1	-0.278	1.0	-0.22	2.74	1.00	0.00	0.16	111115
341	"05:39:09"	20180724	205	0	4.29	0.0575	244	2.17	3.72	33.94	6	1.42	1	2.84	41.06	33.94	45.08	400.20	384.80	9.679	16.093	12.34	20.51	199.8	1700	2	99.99	11.1	-0.278	1.0	-0.22	2.74	1.00	0.00	0.16	111115
342	"05:39:09"	20180724	205	0	4.29	0.0576	244	2.17	3.71	33.92	6	1.42	1	2.84	41.06	33.92	45.08	400.18	384.79	9.679	16.093	12.34	20.51	199.8	1700	2	99.99	11.1	-0.278	1.0	-0.22	2.74	1.00	0.00	0.16	111115
"05:39:42 Coolers: Tblock -> 50.00 C"
"05:44:38 Coolers: Tblock -> 49.88 C"
"05:44:55 Flow: Fixed -> 200 umol/s"
343	"05:44:58"	20180724	205	0	3.66	0.0563	256	2.57	4.47	36.80	6	1.42	1	2.84	45.17	36.80	49.79	399.64	385.67	10.110	17.693	10.40	18.20	199.7	1700	2	99.99	11.1	-0.278	1.0	-0.22	2.74	1.00	0.00	0.16	111115
344	"05:44:58"	20180724	205	0	3.66	0.0563	256	2.57	4.47	36.80	6	1.42	1	2.84	45.17	36.80	49.79	399.64	385.67	10.110	17.693	10.40	18.20	199.7	1700	2	99.99	11.1	-0.278	1.0	-0.22	2.74	1.00	0.00	0.16	111115
345	"05:44:58"	20180724	205	0	3.67	0.0566	256	2.59	4.48	36.85	6	1.42	1	2.84	45.17	36.85	49.79	399.73	385.69	10.046	17.694	10.33	18.20	199.7	1700	2	99.99	11.1	-0.278	1.0	-0.22	2.74	1.00	0.00	0.16	111115
346	"05:44:59"	20180724	205	0	3.67	0.0569	257	2.61	4.48	36.85	6	1.42	1	2.84	45.17	36.85	49.79	399.77	385.71	10.004	17.695	10.29	18.20	199.7	1700	2	99.99	11.1	-0.278	1.0	-0.22	2.74	1.00	0.00	0.16	111115
347	"05:44:59"	20180724	205	0	3.67	0.0572	257	2.62	4.48	36.85	6	1.42	1	2.84	45.17	36.85	49.79	399.78	385.71	9.973	17.697	10.26	18.20	199.7	1700	2	99.99	11.1	-0.278	1.0	-0.22	2.74	1.00	0.00	0.16	111115
348	"05:45:00"	20180724	205	0	3.68	0.0573	257	2.63	4.48	36.85	6	1.42	1	2.84	45.17	36.85	49.79	399.79	385.71	9.950	17.698	10.23	18.20	199.7	1700	2	99.99	11.1	-0.278	1.0	-0.22	2.74	1.00	0.00	0.16	111115
349	"05:45:00"	20180724	205	0	3.74	0.0586	258	2.68	4.48	36.84	6	1.42	1	2.84	45.18	36.84	49.79	400.04	385.70	9.796	17.703	10.07	18.20	199.7	1700	2	99.99	11.1	-0.278	1.0	-0.22	2.74	1.00	0.00	0.16	111115
350	"05:45:01"	20180724	205	0	3.75	0.0585	257	2.68	4.49	36.86	6	1.42	1	2.84	45.18	36.86	49.79	400.05	385.68	9.793	17.704	10.07	18.20	199.7	1701	2	99.99	11.1	-0.278	1.0	-0.22	2.74	1.00	0.00	0.16	111115
351	"05:45:01"	20180724	205	0	3.73	0.0585	258	2.68	4.49	36.88	6	1.42	1	2.84	45.18	36.88	49.78	400.03	385.72	9.793	17.708	10.06	18.20	199.7	1701	2	99.99	11.1	-0.278	1.0	-0.22	2.74	1.00	0.00	0.16	111115
352	"05:45:02"	20180724	205	0	3.71	0.0584	258	2.68	4.5	36.91	6	1.42	1	2.84	45.19	36.91	49.78	400.01	385.74	9.793	17.710	10.06	18.20	199.7	1701	2	99.99	11.1	-0.278	1.0	-0.22	2.74	1.00	0.00	0.16	111115
353	"05:45:02"	20180724	205	0	3.71	0.0584	258	2.68	4.5	36.91	6	1.42	1	2.84	45.19	36.91	49.78	399.99	385.73	9.793	17.714	10.06	18.20	199.7	1701	2	99.99	11.1	-0.278	1.0	-0.22	2.74	1.00	0.00	0.16	111115
354	"05:45:03"	20180724	205	0	3.71	0.0583	258	2.69	4.51	36.93	6	1.42	1	2.84	45.19	36.93	49.78	399.99	385.73	9.793	17.719	10.06	18.20	199.7	1701	2	99.99	11.1	-0.278	1.0	-0.22	2.74	1.00	0.00	0.16	111115
355	"05:45:03"	20180724	205	0	3.72	0.0583	258	2.69	4.51	36.94	6	1.42	1	2.84	45.20	36.94	49.78	400.01	385.73	9.794	17.722	10.06	18.20	199.7	1701	2	99.99	11.1	-0.278	1.0	-0.22	2.74	1.00	0.00	0.16	111115
356	"05:45:04"	20180724	205	0	3.73	0.0583	257	2.69	4.52	36.96	6	1.42	1	2.84	45.20	36.96	49.77	400.02	385.71	9.794	17.728	10.06	18.20	199.7	1701	2	99.99	11.1	-0.278	1.0	-0.22	2.74	1.00	0.00	0.16	111115
357	"05:45:04"	20180724	205	0	3.72	0.0582	257	2.69	4.53	36.98	6	1.42	1	2.84	45.20	36.98	49.77	400.01	385.72	9.795	17.732	10.06	18.20	199.8	1700	2	99.99	11.1	-0.278	1.0	-0.22	2.74	1.00	0.00	0.16	111115
358	"05:45:05"	20180724	205	0	3.72	0.0582	257	2.69	4.53	37.00	6	1.42	1	2.84	45.21	37.00	49.77	400.00	385.70	9.795	17.738	10.05	18.21	199.7	1700	2	99.99	11.1	-0.278	1.0	-0.22	2.74	1.00	0.00	0.16	111115
359	"05:45:05"	20180724	205	0	3.71	0.0582	258	2.69	4.53	37.01	6	1.42	1	2.84	45.21	37.01	49.77	399.97	385.70	9.795	17.742	10.05	18.21	199.7	1700	2	99.99	11.1	-0.278	1.0	-0.22	2.74	1.00	0.00	0.16	111115
360	"05:45:06"	20180724	205	0	3.7	0.0582	258	2.69	4.53	37.00	6	1.42	1	2.84	45.21	37.00	49.76	399.95	385.72	9.796	17.747	10.05	18.21	199.7	1700	2	99.99	11.1	-0.278	1.0	-0.22	2.74	1.00	0.00	0.16	111115
361	"05:45:06"	20180724	205	0	3.69	0.0583	258	2.7	4.53	36.99	6	1.42	1	2.84	45.22	36.99	49.76	399.94	385.72	9.795	17.751	10.05	18.21	199.7	1700	2	99.99	11.1	-0.278	1.0	-0.22	2.74	1.00	0.00	0.16	111115
362	"05:45:07"	20180724	205	0	3.71	0.0583	258	2.7	4.53	37.00	6	1.42	1	2.84	45.22	37.00	49.76	399.94	385.68	9.796	17.755	10.05	18.21	199.7	1700	2	99.99	11.1	-0.278	1.0	-0.22	2.74	1.00	0.00	0.16	111115
363	"05:45:07"	20180724	205	0	3.7	0.0583	258	2.7	4.53	37.01	6	1.42	1	2.84	45.22	37.01	49.76	399.93	385.68	9.795	17.757	10.05	18.21	199.7	1700	2	99.99	11.1	-0.278	1.0	-0.22	2.74	1.00	0.00	0.16	111115
364	"05:45:08"	20180724	205	0	3.69	0.0583	258	2.7	4.53	37.02	6	1.42	1	2.84	45.22	37.02	49.76	399.93	385.72	9.795	17.761	10.05	18.21	199.7	1700	2	99.99	11.1	-0.278	1.0	-0.22	2.74	1.00	0.00	0.16	111115
365	"05:45:08"	20180724	205	0	3.67	0.0583	259	2.7	4.53	37.02	6	1.42	1	2.84	45.23	37.02	49.76	399.89	385.75	9.794	17.765	10.04	18.22	199.7	1700	2	99.99	11.1	-0.278	1.0	-0.22	2.74	1.00	0.00	0.16	111115
366	"05:45:09"	20180724	205	0	3.64	0.0584	260	2.7	4.53	37.01	6	1.42	1	2.84	45.23	37.01	49.76	399.88	385.80	9.794	17.769	10.04	18.22	199.7	1700	2	99.99	11.1	-0.278	1.0	-0.22	2.74	1.00	0.00	0.16	111115
