"OPEN 6.3.4"
"Mon Jul 23 2018 07:10:27"
<open><version>"6.3.4"</version></open>
<open><configfile>"/User/Configs/UserPrefs/LED2x3.xml"</configfile></open>
<open><light><source>"6400-02 or -02B LED Source"</source><par_in>1<sensor>"SI-2503"<cal>-0.86<actinity>1.00</actinity><transm>1.00</transm></cal></sensor><transm>1</transm></par_in><par_out>1<sensor>"Q40491"<cal>6.5</cal></sensor></par_out></light></open>
<open><comps><file>"/User/Configs/Comps/StdComps_6.1"<header>""</header><extras></extras></file><energybal>no<f_parIn>1</f_parIn><f_parOut>0</f_parOut><alphaK>0.16</alphaK></energybal><bc_total>2.840<stomatal_ratio>1</stomatal_ratio><bc_oneside>1.420<type>2</type><table>"/Sys/Lib/StdBLCTable"</table><area>6</area><slope>-0.219565</slope><offset>2.73739</offset><fan>5</fan></bc_oneside></bc_total></comps></open>
<open><prompts><onlog>off</onlog><items>"Default (none)"</items></prompts></open>
<open><constants><oxygen>21 %</oxygen><bb_vapor>1.5</bb_vapor><bb_oxy>0.9</bb_oxy></constants></open>
<open><stability><items>"Std Stability"<items[1]><id>-2</id><size>15</size><pcv><onoff>0</onoff><value>1</value></pcv><std><onoff>0</onoff><value>1</value></std><slp><onoff>1</onoff><value>1</value></slp></items[1]><items[2]><id>-5</id><size>15</size><pcv><onoff>0</onoff><value>1</value></pcv><std><onoff>0</onoff><value>1</value></std><slp><onoff>1</onoff><value>1</value></slp></items[2]><items[3]><id>-7</id><size>15</size><pcv><onoff>0</onoff><value>1</value></pcv><std><onoff>0</onoff><value>1</value></std><slp><onoff>1</onoff><value>1</value></slp></items[3]></items></stability></open>
<open><log><format>"StdLogFmt_6.0"<items>{ -35 -21 -70 -69 -76 30 23 36 21 25 221 -33 111 -34 11 -9 -10 -8 -1 -2 -4 -5 -14 -15 -7 -12 -13 -11 -65 -66 -72 -18 -19 -77 -78 -79 -23  }<hdr>{  }</hdr></items></format><options><beep>on</beep><match>"never"<time>30</time><co2>100</co2><delta>10</delta></match><hdr>normal</hdr><rem>normal</rem><stab>no</stab><stats>no<mean>no</mean><file>no</file><period>15</period></stats><excel>yes</excel><controls>yes</controls><comm>no</comm></options><datafile>"/User/0000-AAJ6801-230718"</datafile><button><action>"Normal Log"<code>" LogOneObsManual "</code></action></button><autoprog>"/User/Configs/AutoProgs/AutoLog2"<active>no</active></autoprog></log></open>
<open><a2d><avgtime>4.0 secs</avgtime><userchans><ch20>"Off"</ch20><ch21>"Off"</ch21><ch22>"Off"</ch22><ch23>"Off"</ch23></userchans></a2d></open>
<open><matching><type>0</type><disp>'a'</disp><settings>><CO2Limit>10.0</CO2Limit><H2OLimit>1.0</H2OLimit><MaxAutoTime>60</MaxAutoTime><AverageTime>10</AverageTime></settings></matching></open>
<li6400><factory><unit>"PSC-2470"</unit><serviced>"5 Feb 2018"</serviced><fuseaware>0</fuseaware><co2mixer>yes</co2mixer><co2><coeffs>{ 0 0.214772 2.55802e-05 1.93228e-08 -3.02262e-12 2.75724e-16  }</coeffs><dvdt>-4</dvdt><xs>{ 9.11e-05 0.00178  }</xs></co2><h2o><coeffs>{ 0 0.00581526 2.16703e-06 7.69607e-12  }</coeffs><dvdt>-2.9</dvdt><xs>{ -0.000111 -0.00256  }</xs></h2o><flow>{ 0 0.3696  }</flow><press>{ 86.913 0.00551  }</press></factory></li6400>
<li6400><user><flow_zero>-42.6</flow_zero><irga_zero><co2>113.5 152.5<at>27.1329</at></co2><h2o>-3.5 -3.5<at>28.1091</at></h2o></irga_zero><irga_span><co2>{ 0.990134 0.992694  }</co2><h2o>{ 0.996743 0.99801  }</h2o></irga_span><irga_match><co2>{ 0.110267 3.61077  }</co2><h2o>{ -0.0816591 0.051011  }</h2o></irga_match><co2_mixer><pump_mv>4500</pump_mv><ppm>{ 2352.67 1117.67 439.284 266.3 121.188 70.6751 48.8233 48.8102  }</ppm><mv>{ 5000 3000 1500 1000 500 300 200 100  }</mv></co2_mixer><parin_offset>-0.211894</parin_offset><led_cal><unit>"SI-2503"</unit><mv>{ 10 25 50 100 1000 2000 3000 4000 5000  }</mv><qntm>{ 1.83047 9.20354 23.3042 57.5395 736.221 1467.2 2160.1 2821.48 3447.04  }</qntm></led_cal><lcf_cal><unit>"LCF-0981"</unit><red><mv>{ 50 100 200 400 800 1500  }</mv><qntm>{ 64.6036 145.758 312.409 661.73 1377.94 2641.23  }</qntm></red><blue><mv>{ 100 500 1000 2000 3000 4000 5000  }</mv><qntm>{ 11.107 44.4539 81.9578 145.168 203.372 256.093 300.56  }</qntm></blue></lcf_cal></user></li6400>
"07:10:29 "
$STARTOFDATA$
"Obs"	"HHMMSS"	"YYYYMMDD"	"DOY"	"EBal?"	"Photo"	"Cond"	"Ci"	"Trmmol"	"VpdL"	"CTleaf"	"Area"	"BLC_1"	"StmRat"	"BLCond"	"Tair"	"Tleaf"	"TBlk"	"CO2R"	"CO2S"	"H2OR"	"H2OS"	"RH_R"	"RH_S"	"Flow"	"PARi"	"PARo"	"Press"	"CsMch"	"HsMch"	"StableF"	"BLCslope"	"BLCoffst"	"f_parin"	"f_parout"	"alphaK"	"Status"
"07:13:02 Coolers: Tblock -> 0.00 C"
"07:19:21 Flow: Fixed -> 500 umol/s"
"07:21:36 Flow: Fixed -> 800 umol/s"
"07:21:57 Flow: Fixed -> 400 umol/s"
"07:37:51 Flow: Fixed -> 200 umol/s"
"07:38:44 Coolers: Tblock -> 1.53 C"
1	"07:40:22"	20180723	204	0	0.924	0.0403	350	0.348	0.871	8.68	6	1.42	1	2.84	3.53	8.68	1.64	395.08	391.89	1.527	2.570	19.35	32.57	199.8	1700	2	100.1	3.61	0.051	0.7	-0.22	2.74	1.00	0.00	0.16	111115
2	"07:40:25"	20180723	204	0	2.26	0.0335	278	0.291	0.874	8.69	6	1.42	1	2.84	3.53	8.69	1.64	398.72	391.59	1.673	2.544	21.20	32.23	199.8	1700	2	100.1	3.61	0.051	1.0	-0.22	2.74	1.00	0.00	0.16	111115
3	"07:40:26"	20180723	204	0	2.55	0.0318	257	0.277	0.875	8.69	6	1.42	1	2.84	3.53	8.69	1.63	399.34	391.35	1.707	2.537	21.63	32.14	199.8	1700	2	100.1	3.61	0.051	1.0	-0.22	2.74	1.00	0.00	0.16	111115
4	"07:40:26"	20180723	204	0	2.7	0.0311	247	0.271	0.876	8.70	6	1.42	1	2.84	3.53	8.70	1.63	399.61	391.20	1.721	2.534	21.81	32.10	199.8	1700	2	100.1	3.61	0.051	1.0	-0.22	2.74	1.00	0.00	0.16	111115
5	"07:40:27"	20180723	204	0	2.8	0.0306	239	0.267	0.876	8.70	6	1.42	1	2.84	3.53	8.70	1.63	399.79	391.06	1.733	2.532	21.95	32.08	199.9	1700	2	100.1	3.61	0.051	0.7	-0.22	2.74	1.00	0.00	0.16	111115
6	"07:40:59"	20180723	204	0	2.82	0.00818	-165	0.0707	0.861	8.69	6	1.42	1	2.84	3.53	8.69	1.63	398.88	390.32	2.461	2.673	31.19	33.87	199.8	1700	3	100.1	3.61	0.051	1.0	-0.22	2.74	1.00	0.00	0.16	111115
7	"07:41:00"	20180723	204	0	2.85	0.00806	-177	0.0696	0.86	8.69	6	1.42	1	2.84	3.53	8.69	1.63	398.91	390.28	2.470	2.678	31.30	33.94	199.8	1700	3	100.1	3.61	0.051	1.0	-0.22	2.74	1.00	0.00	0.16	111115
8	"07:41:00"	20180723	204	0	2.86	0.00805	-181	0.0694	0.859	8.69	6	1.42	1	2.84	3.53	8.69	1.63	398.95	390.28	2.478	2.686	31.40	34.03	199.8	1700	3	100.1	3.61	0.051	1.0	-0.22	2.74	1.00	0.00	0.16	111115
9	"07:41:00"	20180723	204	0	2.86	0.00805	-181	0.0694	0.859	8.69	6	1.42	1	2.84	3.53	8.69	1.63	398.95	390.28	2.478	2.686	31.40	34.03	199.8	1700	3	100.1	3.61	0.051	1.0	-0.22	2.74	1.00	0.00	0.16	111115
10	"07:41:01"	20180723	204	0	2.88	0.00797	-190	0.0687	0.859	8.68	6	1.42	1	2.84	3.53	8.68	1.63	398.97	390.25	2.485	2.691	31.49	34.10	199.8	1700	3	100.1	3.61	0.051	1.0	-0.22	2.74	1.00	0.00	0.16	111115
11	"07:41:01"	20180723	204	0	2.88	0.00801	-188	0.0689	0.858	8.68	6	1.42	1	2.84	3.53	8.68	1.63	398.98	390.24	2.491	2.697	31.57	34.18	199.8	1700	3	100.1	3.61	0.051	1.0	-0.22	2.74	1.00	0.00	0.16	111115
12	"07:41:02"	20180723	204	0	2.88	0.00801	-188	0.0689	0.858	8.68	6	1.42	1	2.84	3.53	8.68	1.63	398.98	390.24	2.491	2.697	31.57	34.18	199.8	1700	3	100.1	3.61	0.051	1.0	-0.22	2.74	1.00	0.00	0.16	111115
13	"07:41:02"	20180723	204	0	2.89	0.00808	-185	0.0695	0.857	8.67	6	1.42	1	2.84	3.53	8.67	1.63	398.98	390.23	2.496	2.704	31.63	34.27	199.8	1700	3	100.1	3.61	0.051	1.0	-0.22	2.74	1.00	0.00	0.16	111115
14	"07:41:03"	20180723	204	0	2.88	0.00817	-177	0.0701	0.856	8.67	6	1.42	1	2.84	3.53	8.67	1.63	398.98	390.24	2.501	2.710	31.69	34.35	199.8	1700	3	100.1	3.61	0.051	0.7	-0.22	2.74	1.00	0.00	0.16	111115
15	"07:41:03"	20180723	204	0	2.88	0.00829	-169	0.0711	0.855	8.68	6	1.42	1	2.84	3.52	8.68	1.63	398.99	390.25	2.505	2.717	31.74	34.44	199.8	1701	3	100.1	3.61	0.051	0.7	-0.22	2.74	1.00	0.00	0.16	111115
"07:42:35 Coolers: Tblock -> 0.00 C"
"07:48:36 Coolers: Tblock -> 0.81 C"
16	"07:48:41"	20180723	204	0	2.68	0.0279	233	0.225	0.809	8.24	6	1.42	1	2.84	2.86	8.24	0.80	399.98	391.68	2.183	2.855	28.99	37.92	199.9	1701	2	100.1	3.61	0.051	1.0	-0.22	2.74	1.00	0.00	0.16	111115
17	"07:48:41"	20180723	204	0	2.68	0.0279	233	0.225	0.808	8.23	6	1.42	1	2.84	2.86	8.23	0.80	399.99	391.68	2.182	2.856	28.99	37.93	199.9	1701	2	100.1	3.61	0.051	1.0	-0.22	2.74	1.00	0.00	0.16	111115
18	"07:48:42"	20180723	204	0	2.69	0.028	232	0.225	0.808	8.23	6	1.42	1	2.84	2.86	8.23	0.80	400.00	391.65	2.182	2.857	28.99	37.94	199.9	1701	2	100.1	3.61	0.051	1.0	-0.22	2.74	1.00	0.00	0.16	111115
19	"07:48:42"	20180723	204	0	2.69	0.028	232	0.225	0.808	8.23	6	1.42	1	2.84	2.86	8.23	0.80	400.00	391.65	2.182	2.857	28.99	37.94	199.9	1701	2	100.1	3.61	0.051	1.0	-0.22	2.74	1.00	0.00	0.16	111115
20	"07:48:43"	20180723	204	0	2.68	0.028	233	0.225	0.808	8.23	6	1.42	1	2.84	2.86	8.23	0.80	399.97	391.66	2.182	2.857	28.98	37.94	199.9	1701	2	100.1	3.61	0.051	1.0	-0.22	2.74	1.00	0.00	0.16	111115
21	"07:48:43"	20180723	204	0	2.67	0.028	234	0.225	0.807	8.22	6	1.42	1	2.84	2.86	8.22	0.80	399.97	391.69	2.182	2.857	28.99	37.94	199.9	1701	2	100.1	3.61	0.051	1.0	-0.22	2.74	1.00	0.00	0.16	111115
22	"07:48:44"	20180723	204	0	2.67	0.028	234	0.225	0.807	8.22	6	1.42	1	2.84	2.86	8.22	0.81	399.98	391.71	2.183	2.857	28.99	37.94	199.9	1701	2	100.1	3.61	0.051	1.0	-0.22	2.74	1.00	0.00	0.16	111115
23	"07:48:44"	20180723	204	0	2.68	0.028	233	0.225	0.807	8.22	6	1.42	1	2.84	2.86	8.22	0.81	400.01	391.69	2.183	2.858	28.99	37.96	199.9	1701	2	100.1	3.61	0.051	1.0	-0.22	2.74	1.00	0.00	0.16	111115
24	"07:48:44"	20180723	204	0	2.68	0.028	233	0.225	0.807	8.22	6	1.42	1	2.84	2.86	8.22	0.81	400.01	391.71	2.183	2.857	29.00	37.95	199.9	1701	2	100.1	3.61	0.051	1.0	-0.22	2.74	1.00	0.00	0.16	111115
25	"07:48:45"	20180723	204	0	2.69	0.028	233	0.225	0.807	8.21	6	1.42	1	2.84	2.86	8.21	0.81	400.02	391.67	2.183	2.857	28.99	37.96	199.9	1701	2	100.1	3.61	0.051	1.0	-0.22	2.74	1.00	0.00	0.16	111115
26	"07:48:46"	20180723	204	0	2.7	0.028	232	0.225	0.807	8.21	6	1.42	1	2.84	2.86	8.21	0.81	400.03	391.66	2.183	2.857	29.00	37.95	199.9	1701	2	100.1	3.61	0.051	1.0	-0.22	2.74	1.00	0.00	0.16	111115
27	"07:48:46"	20180723	204	0	2.69	0.028	233	0.225	0.807	8.22	6	1.42	1	2.84	2.86	8.22	0.81	400.02	391.69	2.183	2.857	29.00	37.95	199.8	1701	2	100.1	3.61	0.051	1.0	-0.22	2.74	1.00	0.00	0.16	111115
28	"07:48:46"	20180723	204	0	2.68	0.028	233	0.225	0.807	8.22	6	1.42	1	2.84	2.86	8.22	0.81	400.00	391.68	2.183	2.858	29.00	37.97	199.8	1701	2	100.1	3.61	0.051	1.0	-0.22	2.74	1.00	0.00	0.16	111115
29	"07:48:47"	20180723	204	0	2.67	0.0281	234	0.226	0.807	8.22	6	1.42	1	2.84	2.86	8.22	0.81	399.97	391.69	2.183	2.859	29.00	37.98	199.8	1701	2	100.1	3.61	0.051	1.0	-0.22	2.74	1.00	0.00	0.16	111115
30	"07:48:47"	20180723	204	0	2.67	0.0281	234	0.226	0.807	8.22	6	1.42	1	2.84	2.86	8.22	0.81	399.97	391.68	2.183	2.859	29.00	37.99	199.8	1701	2	100.1	3.61	0.051	1.0	-0.22	2.74	1.00	0.00	0.16	111115
"07:49:06 Coolers: Tblock -> 5.00 C"
31	"07:50:18"	20180723	204	0	3.11	0.023	171	0.192	0.837	9.28	6	1.42	1	2.84	5.79	9.28	5.13	402.76	393.19	2.792	3.367	30.21	36.43	199.9	1701	2	100.1	3.61	0.051	0.7	-0.22	2.74	1.00	0.00	0.16	111115
32	"07:50:24"	20180723	204	0	1.81	0.0284	286	0.238	0.84	9.34	6	1.42	1	2.84	5.83	9.34	5.12	399.05	393.34	2.676	3.387	28.88	36.54	199.9	1701	2	100.1	3.61	0.051	1.0	-0.22	2.74	1.00	0.00	0.16	111115
33	"07:50:25"	20180723	204	0	1.81	0.0284	286	0.238	0.84	9.34	6	1.42	1	2.84	5.83	9.34	5.12	399.05	393.34	2.676	3.387	28.88	36.54	199.9	1701	2	100.1	3.61	0.051	1.0	-0.22	2.74	1.00	0.00	0.16	111115
34	"07:50:25"	20180723	204	0	1.76	0.0286	289	0.239	0.84	9.34	6	1.42	1	2.84	5.83	9.34	5.12	398.91	393.33	2.672	3.388	28.83	36.55	199.9	1700	2	100.1	3.61	0.051	1.0	-0.22	2.74	1.00	0.00	0.16	111115
35	"07:50:26"	20180723	204	0	1.72	0.0288	292	0.241	0.84	9.34	6	1.42	1	2.84	5.83	9.34	5.12	398.79	393.33	2.669	3.389	28.78	36.55	199.9	1700	2	100.1	3.61	0.051	1.0	-0.22	2.74	1.00	0.00	0.16	111115
36	"07:50:26"	20180723	204	0	1.72	0.0288	292	0.241	0.84	9.34	6	1.42	1	2.84	5.83	9.34	5.12	398.79	393.33	2.669	3.389	28.78	36.55	199.9	1700	2	100.1	3.61	0.051	1.0	-0.22	2.74	1.00	0.00	0.16	111115
37	"07:50:26"	20180723	204	0	1.7	0.0289	294	0.242	0.84	9.35	6	1.42	1	2.84	5.84	9.35	5.12	398.72	393.34	2.665	3.390	28.74	36.56	199.9	1700	2	100.1	3.61	0.051	1.0	-0.22	2.74	1.00	0.00	0.16	111115
38	"07:50:27"	20180723	204	0	1.69	0.0291	295	0.244	0.841	9.35	6	1.42	1	2.84	5.84	9.35	5.12	398.70	393.32	2.663	3.391	28.71	36.56	199.9	1700	2	100.1	3.61	0.051	1.0	-0.22	2.74	1.00	0.00	0.16	111115
39	"07:50:27"	20180723	204	0	1.72	0.0291	293	0.244	0.841	9.36	6	1.42	1	2.84	5.84	9.36	5.11	398.70	393.25	2.661	3.390	28.68	36.54	199.9	1700	2	100.1	3.61	0.051	1.0	-0.22	2.74	1.00	0.00	0.16	111115
40	"07:50:27"	20180723	204	0	1.72	0.0291	293	0.244	0.841	9.36	6	1.42	1	2.84	5.84	9.36	5.11	398.70	393.25	2.661	3.390	28.68	36.54	199.9	1700	2	100.1	3.61	0.051	1.0	-0.22	2.74	1.00	0.00	0.16	111115
41	"07:50:28"	20180723	204	0	1.74	0.0291	292	0.244	0.841	9.36	6	1.42	1	2.84	5.84	9.36	5.11	398.69	393.16	2.659	3.390	28.65	36.53	199.8	1700	2	100.1	3.61	0.051	1.0	-0.22	2.74	1.00	0.00	0.16	111115
42	"07:50:28"	20180723	204	0	1.76	0.0292	291	0.245	0.841	9.36	6	1.42	1	2.84	5.85	9.36	5.11	398.68	393.09	2.657	3.391	28.62	36.53	199.8	1700	2	100.1	3.61	0.051	1.0	-0.22	2.74	1.00	0.00	0.16	111115
43	"07:50:29"	20180723	204	0	1.79	0.0293	290	0.245	0.842	9.37	6	1.42	1	2.84	5.85	9.37	5.11	398.67	393.02	2.655	3.390	28.60	36.52	199.8	1700	2	100.1	3.61	0.051	1.0	-0.22	2.74	1.00	0.00	0.16	111115
44	"07:50:29"	20180723	204	0	1.79	0.0293	290	0.245	0.842	9.37	6	1.42	1	2.84	5.85	9.37	5.11	398.67	393.02	2.655	3.390	28.60	36.52	199.8	1700	2	100.1	3.61	0.051	1.0	-0.22	2.74	1.00	0.00	0.16	111115
45	"07:50:29"	20180723	204	0	1.81	0.0292	288	0.245	0.842	9.37	6	1.42	1	2.84	5.85	9.37	5.11	398.67	392.95	2.654	3.388	28.59	36.49	199.8	1700	2	100.1	3.61	0.051	1.0	-0.22	2.74	1.00	0.00	0.16	111115
46	"07:50:30"	20180723	204	0	1.84	0.0292	287	0.246	0.843	9.37	6	1.42	1	2.84	5.86	9.37	5.11	398.68	392.86	2.653	3.388	28.57	36.48	199.8	1700	2	100.1	3.61	0.051	1.0	-0.22	2.74	1.00	0.00	0.16	111115
47	"07:50:30"	20180723	204	0	1.87	0.0293	285	0.246	0.843	9.38	6	1.42	1	2.84	5.86	9.38	5.11	398.67	392.78	2.652	3.387	28.55	36.46	199.8	1700	2	100.1	3.61	0.051	1.0	-0.22	2.74	1.00	0.00	0.16	111115
48	"07:50:30"	20180723	204	0	1.87	0.0293	285	0.246	0.843	9.38	6	1.42	1	2.84	5.86	9.38	5.11	398.67	392.78	2.652	3.387	28.55	36.46	199.8	1700	2	100.1	3.61	0.051	1.0	-0.22	2.74	1.00	0.00	0.16	111115
"07:50:42 Coolers: Tblock -> 10.00 C"
49	"07:52:57"	20180723	204	0	3.22	0.0289	207	0.272	0.941	11.73	6	1.42	1	2.84	9.96	11.73	10.10	400.64	390.66	3.600	4.413	29.31	35.92	199.8	1699	3	100.1	3.61	0.051	0.7	-0.22	2.74	1.00	0.00	0.16	111115
50	"07:53:13"	20180723	204	0	2.91	0.0283	221	0.269	0.953	11.85	6	1.42	1	2.84	10.04	11.85	10.09	399.94	390.90	3.601	4.405	29.16	35.68	199.9	1699	2	100.1	3.61	0.051	1.0	-0.22	2.74	1.00	0.00	0.16	111115
51	"07:53:13"	20180723	204	0	2.9	0.0283	221	0.269	0.953	11.85	6	1.42	1	2.84	10.04	11.85	10.09	399.92	390.91	3.600	4.405	29.16	35.67	199.8	1699	2	100.1	3.61	0.051	1.0	-0.22	2.74	1.00	0.00	0.16	111115
52	"07:53:14"	20180723	204	0	2.91	0.0283	220	0.269	0.953	11.85	6	1.42	1	2.84	10.04	11.85	10.09	399.94	390.89	3.600	4.405	29.15	35.67	199.8	1699	2	100.1	3.61	0.051	1.0	-0.22	2.74	1.00	0.00	0.16	111115
53	"07:53:14"	20180723	204	0	2.93	0.0282	218	0.269	0.954	11.86	6	1.42	1	2.84	10.05	11.86	10.09	399.97	390.85	3.601	4.404	29.15	35.65	199.9	1699	2	100.1	3.61	0.051	1.0	-0.22	2.74	1.00	0.00	0.16	111115
54	"07:53:15"	20180723	204	0	2.92	0.0282	219	0.269	0.955	11.87	6	1.42	1	2.84	10.05	11.87	10.09	399.94	390.86	3.600	4.404	29.14	35.65	199.8	1699	2	100.1	3.61	0.051	1.0	-0.22	2.74	1.00	0.00	0.16	111115
55	"07:53:15"	20180723	204	0	2.93	0.0281	218	0.268	0.955	11.87	6	1.42	1	2.84	10.05	11.87	10.09	399.96	390.84	3.601	4.402	29.14	35.63	199.8	1699	2	100.1	3.61	0.051	1.0	-0.22	2.74	1.00	0.00	0.16	111115
56	"07:53:16"	20180723	204	0	2.94	0.0281	217	0.268	0.956	11.88	6	1.42	1	2.84	10.05	11.88	10.09	399.96	390.83	3.600	4.402	29.13	35.62	199.8	1699	2	100.1	3.61	0.051	1.0	-0.22	2.74	1.00	0.00	0.16	111115
57	"07:53:16"	20180723	204	0	2.94	0.0281	217	0.268	0.956	11.88	6	1.42	1	2.84	10.05	11.88	10.09	399.98	390.83	3.601	4.402	29.13	35.62	199.8	1699	2	100.1	3.61	0.051	1.0	-0.22	2.74	1.00	0.00	0.16	111115
58	"07:53:17"	20180723	204	0	2.95	0.0281	217	0.268	0.956	11.88	6	1.42	1	2.84	10.06	11.88	10.09	399.99	390.83	3.601	4.402	29.13	35.61	199.8	1699	2	100.1	3.61	0.051	1.0	-0.22	2.74	1.00	0.00	0.16	111115
59	"07:53:17"	20180723	204	0	2.96	0.028	216	0.268	0.956	11.88	6	1.42	1	2.84	10.06	11.88	10.09	400.01	390.81	3.601	4.401	29.13	35.60	199.8	1699	2	100.1	3.61	0.051	1.0	-0.22	2.74	1.00	0.00	0.16	111115
60	"07:53:18"	20180723	204	0	2.97	0.028	215	0.268	0.957	11.89	6	1.42	1	2.84	10.06	11.89	10.09	400.01	390.79	3.601	4.402	29.12	35.60	199.8	1699	3	100.1	3.61	0.051	1.0	-0.22	2.74	1.00	0.00	0.16	111115
61	"07:53:18"	20180723	204	0	2.98	0.0281	215	0.268	0.957	11.89	6	1.42	1	2.84	10.06	11.89	10.09	400.02	390.76	3.600	4.402	29.11	35.60	199.8	1699	3	100.1	3.61	0.051	1.0	-0.22	2.74	1.00	0.00	0.16	111115
62	"07:53:19"	20180723	204	0	3	0.028	213	0.268	0.957	11.90	6	1.42	1	2.84	10.07	11.90	10.09	400.07	390.75	3.600	4.401	29.11	35.59	199.8	1699	3	100.1	3.61	0.051	1.0	-0.22	2.74	1.00	0.00	0.16	111115
63	"07:53:19"	20180723	204	0	3	0.0281	214	0.268	0.958	11.90	6	1.42	1	2.84	10.07	11.90	10.09	400.08	390.77	3.600	4.403	29.11	35.59	199.8	1699	3	100.1	3.61	0.051	1.0	-0.22	2.74	1.00	0.00	0.16	111115
64	"07:53:20"	20180723	204	0	3	0.0281	213	0.269	0.959	11.91	6	1.42	1	2.84	10.07	11.91	10.09	400.08	390.74	3.600	4.403	29.10	35.59	199.8	1699	3	100.1	3.61	0.051	1.0	-0.22	2.74	1.00	0.00	0.16	111115
"07:53:24 Lamp: ParIn ->  1700 uml"
"07:53:24 CO2 Mixer: CO2R -> 400 uml"
"07:53:24 Coolers: Tblock -> 10.00 C"
"07:53:24 Flow: Fixed -> 200 umol/s"
"07:53:48 Coolers: Tblock -> 15.00 C"
65	"07:56:06"	20180723	204	0	3.4	0.0251	167	0.258	1.03	14.22	6	1.42	1	2.84	14.11	14.22	15.09	400.39	389.87	5.239	6.009	32.44	37.21	199.8	1699	1	100.1	3.61	0.051	1.0	-0.22	2.74	1.00	0.00	0.16	111115
66	"07:56:06"	20180723	204	0	3.39	0.0251	168	0.259	1.03	14.23	6	1.42	1	2.84	14.11	14.23	15.09	400.33	389.86	5.237	6.009	32.43	37.21	199.8	1699	1	100.1	3.61	0.051	1.0	-0.22	2.74	1.00	0.00	0.16	111115
67	"07:56:07"	20180723	204	0	3.37	0.0252	170	0.259	1.03	14.23	6	1.42	1	2.84	14.12	14.23	15.09	400.30	389.88	5.236	6.010	32.42	37.20	199.8	1699	1	100.1	3.61	0.051	1.0	-0.22	2.74	1.00	0.00	0.16	111115
68	"07:56:07"	20180723	204	0	3.35	0.0253	172	0.26	1.03	14.23	6	1.42	1	2.84	14.12	14.23	15.09	400.27	389.90	5.235	6.012	32.40	37.21	199.8	1699	1	100.1	3.61	0.051	1.0	-0.22	2.74	1.00	0.00	0.16	111115
69	"07:56:08"	20180723	204	0	3.37	0.0253	170	0.26	1.03	14.24	6	1.42	1	2.84	14.12	14.24	15.09	400.30	389.87	5.235	6.012	32.39	37.20	199.8	1699	1	100.1	3.61	0.051	1.0	-0.22	2.74	1.00	0.00	0.16	111115
70	"07:56:08"	20180723	204	0	3.39	0.0254	170	0.261	1.03	14.24	6	1.42	1	2.84	14.13	14.24	15.09	400.32	389.83	5.233	6.013	32.38	37.20	199.8	1699	1	100.1	3.61	0.051	1.0	-0.22	2.74	1.00	0.00	0.16	111115
71	"07:56:09"	20180723	204	0	3.39	0.0254	170	0.262	1.03	14.25	6	1.42	1	2.84	14.13	14.25	15.09	400.34	389.87	5.233	6.014	32.37	37.20	199.8	1699	1	100.1	3.61	0.051	1.0	-0.22	2.74	1.00	0.00	0.16	111115
72	"07:56:09"	20180723	204	0	3.4	0.0254	170	0.262	1.03	14.25	6	1.42	1	2.84	14.13	14.25	15.09	400.36	389.86	5.233	6.014	32.36	37.19	199.8	1699	1	100.1	3.61	0.051	1.0	-0.22	2.74	1.00	0.00	0.16	111115
73	"07:56:10"	20180723	204	0	3.4	0.0254	170	0.262	1.03	14.25	6	1.42	1	2.84	14.14	14.25	15.09	400.37	389.87	5.232	6.013	32.35	37.18	199.8	1699	1	100.1	3.61	0.051	1.0	-0.22	2.74	1.00	0.00	0.16	111115
74	"07:56:10"	20180723	204	0	3.4	0.0254	170	0.262	1.03	14.25	6	1.42	1	2.84	14.14	14.25	15.09	400.37	389.87	5.232	6.013	32.35	37.18	199.8	1699	1	100.1	3.61	0.051	1.0	-0.22	2.74	1.00	0.00	0.16	111115
75	"07:56:11"	20180723	204	0	3.41	0.0255	169	0.263	1.03	14.27	6	1.42	1	2.84	14.14	14.27	15.09	400.41	389.85	5.232	6.016	32.34	37.18	199.8	1699	1	100.1	3.61	0.051	1.0	-0.22	2.74	1.00	0.00	0.16	111115
76	"07:56:11"	20180723	204	0	3.41	0.0255	169	0.263	1.03	14.27	6	1.42	1	2.84	14.14	14.27	15.09	400.41	389.85	5.232	6.016	32.34	37.18	199.8	1699	1	100.1	3.61	0.051	1.0	-0.22	2.74	1.00	0.00	0.16	111115
77	"07:56:12"	20180723	204	0	3.41	0.0254	169	0.262	1.03	14.27	6	1.42	1	2.84	14.15	14.27	15.09	400.38	389.83	5.232	6.015	32.33	37.17	199.8	1699	1	100.1	3.61	0.051	1.0	-0.22	2.74	1.00	0.00	0.16	111115
78	"07:56:12"	20180723	204	0	3.39	0.0255	171	0.263	1.03	14.28	6	1.42	1	2.84	14.15	14.28	15.09	400.33	389.85	5.232	6.017	32.33	37.18	199.8	1699	1	100.1	3.61	0.051	1.0	-0.22	2.74	1.00	0.00	0.16	111115
79	"07:56:13"	20180723	204	0	3.36	0.0255	172	0.263	1.03	14.28	6	1.42	1	2.84	14.15	14.28	15.09	400.29	389.87	5.233	6.019	32.33	37.18	199.8	1698	1	100.1	3.61	0.051	1.0	-0.22	2.74	1.00	0.00	0.16	111115
80	"07:56:14"	20180723	204	0	3.33	0.0255	175	0.264	1.03	14.29	6	1.42	1	2.84	14.16	14.29	15.09	400.18	389.87	5.233	6.021	32.31	37.18	199.8	1698	1	100.1	3.61	0.051	1.0	-0.22	2.74	1.00	0.00	0.16	111115
81	"07:56:14"	20180723	204	0	3.3	0.0256	177	0.265	1.03	14.29	6	1.42	1	2.84	14.16	14.29	15.09	400.10	389.87	5.233	6.023	32.31	37.18	199.8	1698	1	100.1	3.61	0.051	1.0	-0.22	2.74	1.00	0.00	0.16	111115
82	"07:56:15"	20180723	204	0	3.29	0.0257	178	0.265	1.03	14.30	6	1.42	1	2.84	14.16	14.30	15.09	400.04	389.83	5.233	6.025	32.30	37.19	199.8	1698	1	100.1	3.61	0.051	1.0	-0.22	2.74	1.00	0.00	0.16	111115
"07:56:25 Coolers: Tblock -> 20.00 C"
83	"08:02:14"	20180723	204	0	4.33	0.0301	149	0.413	1.37	18.24	6	1.42	1	2.84	19.10	18.24	20.08	400.32	386.84	6.115	7.347	27.58	33.14	199.8	1699	3	100.1	3.61	0.051	1.0	-0.22	2.74	1.00	0.00	0.16	111115
84	"08:02:14"	20180723	204	0	4.32	0.0302	150	0.414	1.37	18.24	6	1.42	1	2.84	19.10	18.24	20.08	400.30	386.86	6.115	7.349	27.58	33.14	199.8	1699	3	100.1	3.61	0.051	1.0	-0.22	2.74	1.00	0.00	0.16	111115
85	"08:02:15"	20180723	204	0	4.33	0.0302	149	0.414	1.37	18.24	6	1.42	1	2.84	19.10	18.24	20.08	400.32	386.85	6.115	7.349	27.58	33.14	199.8	1699	3	100.1	3.61	0.051	1.0	-0.22	2.74	1.00	0.00	0.16	111115
86	"08:02:15"	20180723	204	0	4.33	0.0302	150	0.414	1.37	18.24	6	1.42	1	2.84	19.10	18.24	20.08	400.33	386.85	6.115	7.349	27.57	33.14	199.8	1699	3	100.1	3.61	0.051	1.0	-0.22	2.74	1.00	0.00	0.16	111115
87	"08:02:16"	20180723	204	0	4.33	0.0302	150	0.414	1.37	18.24	6	1.42	1	2.84	19.10	18.24	20.08	400.33	386.85	6.115	7.349	27.57	33.14	199.8	1699	3	100.1	3.61	0.051	1.0	-0.22	2.74	1.00	0.00	0.16	111115
88	"08:02:16"	20180723	204	0	4.33	0.0303	150	0.415	1.37	18.24	6	1.42	1	2.84	19.11	18.24	20.08	400.36	386.87	6.114	7.351	27.57	33.14	199.8	1699	3	100.1	3.61	0.051	1.0	-0.22	2.74	1.00	0.00	0.16	111115
89	"08:02:16"	20180723	204	0	4.33	0.0303	150	0.415	1.37	18.24	6	1.42	1	2.84	19.11	18.24	20.08	400.38	386.89	6.115	7.352	27.57	33.14	199.8	1699	3	100.1	3.61	0.051	1.0	-0.22	2.74	1.00	0.00	0.16	111115
90	"08:02:17"	20180723	204	0	4.32	0.0303	151	0.415	1.37	18.24	6	1.42	1	2.84	19.11	18.24	20.08	400.36	386.92	6.115	7.353	27.56	33.15	199.8	1699	3	100.1	3.61	0.051	1.0	-0.22	2.74	1.00	0.00	0.16	111115
91	"08:02:17"	20180723	204	0	4.31	0.0303	151	0.416	1.37	18.24	6	1.42	1	2.84	19.11	18.24	20.08	400.35	386.92	6.115	7.354	27.56	33.15	199.8	1699	3	100.1	3.61	0.051	1.0	-0.22	2.74	1.00	0.00	0.16	111115
92	"08:02:18"	20180723	204	0	4.31	0.0304	152	0.416	1.37	18.24	6	1.42	1	2.84	19.11	18.24	20.08	400.34	386.92	6.115	7.355	27.56	33.15	199.8	1699	3	100.1	3.61	0.051	1.0	-0.22	2.74	1.00	0.00	0.16	111115
93	"08:02:18"	20180723	204	0	4.32	0.0304	151	0.416	1.37	18.24	6	1.42	1	2.84	19.11	18.24	20.08	400.33	386.89	6.114	7.355	27.56	33.14	199.8	1699	2	100.1	3.61	0.051	1.0	-0.22	2.74	1.00	0.00	0.16	111115
94	"08:02:19"	20180723	204	0	4.29	0.0304	153	0.417	1.37	18.24	6	1.42	1	2.84	19.11	18.24	20.08	400.29	386.92	6.114	7.357	27.55	33.15	199.8	1699	2	100.1	3.61	0.051	1.0	-0.22	2.74	1.00	0.00	0.16	111115
95	"08:02:19"	20180723	204	0	4.28	0.0305	154	0.418	1.37	18.24	6	1.42	1	2.84	19.11	18.24	20.08	400.27	386.94	6.113	7.358	27.55	33.16	199.8	1699	2	100.1	3.61	0.051	1.0	-0.22	2.74	1.00	0.00	0.16	111115
96	"08:02:20"	20180723	204	0	4.27	0.0305	155	0.418	1.37	18.25	6	1.42	1	2.84	19.12	18.25	20.08	400.27	386.96	6.113	7.360	27.54	33.16	199.8	1699	2	100.1	3.61	0.051	1.0	-0.22	2.74	1.00	0.00	0.16	111115
97	"08:02:20"	20180723	204	0	4.27	0.0305	155	0.418	1.37	18.25	6	1.42	1	2.84	19.12	18.25	20.08	400.27	386.96	6.113	7.360	27.54	33.16	199.8	1699	2	100.1	3.61	0.051	1.0	-0.22	2.74	1.00	0.00	0.16	111115
"08:02:59 Flow: Fixed -> 200 umol/s"
98	"08:03:02"	20180723	204	0	3.32	0.0292	199	0.412	1.41	18.56	6	1.42	1	2.84	19.22	18.56	20.08	399.73	389.28	6.156	7.385	27.55	33.05	199.8	1698	2	100.1	6.29	0.0293	0.7	-0.22	2.74	1.00	0.00	0.16	111115
99	"08:03:15"	20180723	204	0	3.47	0.0303	198	0.429	1.41	18.61	6	1.42	1	2.84	19.25	18.61	20.08	400.12	389.19	6.121	7.401	27.35	33.07	199.8	1700	2	100.1	6.29	0.0293	1.0	-0.22	2.74	1.00	0.00	0.16	111115
100	"08:03:16"	20180723	204	0	3.48	0.0303	197	0.429	1.41	18.61	6	1.42	1	2.84	19.25	18.61	20.08	400.15	389.21	6.122	7.401	27.35	33.07	199.8	1700	2	100.1	6.29	0.0293	1.0	-0.22	2.74	1.00	0.00	0.16	111115
101	"08:03:16"	20180723	204	0	3.49	0.0303	197	0.429	1.41	18.61	6	1.42	1	2.84	19.25	18.61	20.07	400.16	389.18	6.122	7.401	27.35	33.07	199.8	1700	2	100.1	6.29	0.0293	1.0	-0.22	2.74	1.00	0.00	0.16	111115
102	"08:03:17"	20180723	204	0	3.5	0.0303	196	0.429	1.41	18.61	6	1.42	1	2.84	19.25	18.61	20.07	400.20	389.19	6.123	7.402	27.36	33.07	199.8	1700	2	100.1	6.29	0.0293	1.0	-0.22	2.74	1.00	0.00	0.16	111115
103	"08:03:17"	20180723	204	0	3.49	0.0303	197	0.429	1.41	18.62	6	1.42	1	2.84	19.25	18.62	20.07	400.18	389.21	6.123	7.402	27.35	33.07	199.8	1700	2	100.1	6.29	0.0293	1.0	-0.22	2.74	1.00	0.00	0.16	111115
104	"08:03:18"	20180723	204	0	3.49	0.0303	197	0.43	1.41	18.62	6	1.42	1	2.84	19.25	18.62	20.08	400.17	389.18	6.123	7.403	27.35	33.07	199.8	1700	2	100.1	6.29	0.0293	1.0	-0.22	2.74	1.00	0.00	0.16	111115
105	"08:03:18"	20180723	204	0	3.48	0.0304	198	0.431	1.41	18.62	6	1.42	1	2.84	19.25	18.62	20.07	400.16	389.20	6.123	7.406	27.35	33.08	199.8	1700	2	100.1	6.29	0.0293	1.0	-0.22	2.74	1.00	0.00	0.16	111115
106	"08:03:19"	20180723	204	0	3.5	0.0304	197	0.431	1.41	18.62	6	1.42	1	2.84	19.25	18.62	20.07	400.16	389.15	6.122	7.406	27.35	33.08	199.8	1700	2	100.1	6.29	0.0293	1.0	-0.22	2.74	1.00	0.00	0.16	111115
107	"08:03:19"	20180723	204	0	3.5	0.0304	197	0.431	1.41	18.63	6	1.42	1	2.84	19.26	18.63	20.07	400.17	389.16	6.122	7.407	27.35	33.08	199.8	1700	2	100.1	6.29	0.0293	1.0	-0.22	2.74	1.00	0.00	0.16	111115
108	"08:03:19"	20180723	204	0	3.52	0.0304	196	0.431	1.41	18.63	6	1.42	1	2.84	19.26	18.63	20.07	400.20	389.13	6.122	7.407	27.34	33.08	199.8	1700	2	100.1	6.29	0.0293	1.0	-0.22	2.74	1.00	0.00	0.16	111115
109	"08:03:20"	20180723	204	0	3.5	0.0304	197	0.431	1.41	18.63	6	1.42	1	2.84	19.26	18.63	20.07	400.20	389.17	6.122	7.407	27.34	33.08	199.8	1700	2	100.1	6.29	0.0293	1.0	-0.22	2.74	1.00	0.00	0.16	111115
110	"08:03:20"	20180723	204	0	3.5	0.0305	197	0.432	1.41	18.63	6	1.42	1	2.84	19.26	18.63	20.07	400.17	389.15	6.121	7.408	27.34	33.08	199.8	1700	2	100.1	6.29	0.0293	1.0	-0.22	2.74	1.00	0.00	0.16	111115
111	"08:03:21"	20180723	204	0	3.5	0.0304	197	0.432	1.41	18.63	6	1.42	1	2.84	19.26	18.63	20.07	400.18	389.15	6.122	7.409	27.34	33.08	199.8	1700	2	100.1	6.29	0.0293	1.0	-0.22	2.74	1.00	0.00	0.16	111115
112	"08:03:21"	20180723	204	0	3.51	0.0304	196	0.432	1.41	18.63	6	1.42	1	2.84	19.26	18.63	20.07	400.20	389.16	6.122	7.409	27.34	33.08	199.8	1700	2	100.1	6.29	0.0293	1.0	-0.22	2.74	1.00	0.00	0.16	111115
113	"08:03:22"	20180723	204	0	3.51	0.0304	196	0.431	1.41	18.63	6	1.42	1	2.84	19.26	18.63	20.07	400.21	389.15	6.123	7.407	27.34	33.07	199.8	1700	2	100.1	6.29	0.0293	1.0	-0.22	2.74	1.00	0.00	0.16	111115
"08:03:42 Coolers: Tblock -> 25.00 C"
"08:05:58 Flow: Fixed -> 200 umol/s"
114	"08:06:09"	20180723	204	0	3.66	0.0305	187	0.499	1.63	20.85	6	1.42	1	2.84	23.29	20.85	25.06	400.07	388.51	6.956	8.443	24.26	29.45	199.8	1699	3	100.1	6.47	0.00397	0.7	-0.22	2.74	1.00	0.00	0.16	111115
115	"08:06:10"	20180723	204	0	3.66	0.0305	187	0.499	1.63	20.85	6	1.42	1	2.84	23.29	20.85	25.06	400.07	388.51	6.956	8.443	24.26	29.45	199.8	1699	3	100.1	6.47	0.00397	0.7	-0.22	2.74	1.00	0.00	0.16	111115
116	"08:06:10"	20180723	204	0	3.65	0.0305	188	0.5	1.63	20.85	6	1.42	1	2.84	23.29	20.85	25.06	400.07	388.52	6.956	8.444	24.26	29.45	199.8	1699	3	100.1	6.47	0.00397	0.7	-0.22	2.74	1.00	0.00	0.16	111115
117	"08:06:10"	20180723	204	0	3.65	0.0305	188	0.5	1.63	20.85	6	1.42	1	2.84	23.29	20.85	25.06	400.07	388.52	6.956	8.444	24.26	29.45	199.8	1699	3	100.1	6.47	0.00397	0.7	-0.22	2.74	1.00	0.00	0.16	111115
118	"08:06:11"	20180723	204	0	3.66	0.0305	187	0.5	1.63	20.85	6	1.42	1	2.84	23.29	20.85	25.06	400.08	388.49	6.956	8.445	24.26	29.45	199.8	1699	3	100.1	6.47	0.00397	0.7	-0.22	2.74	1.00	0.00	0.16	111115
119	"08:06:11"	20180723	204	0	3.68	0.0306	187	0.501	1.63	20.85	6	1.42	1	2.84	23.29	20.85	25.06	400.12	388.50	6.956	8.447	24.25	29.45	199.8	1699	3	100.1	6.47	0.00397	0.7	-0.22	2.74	1.00	0.00	0.16	111115
120	"08:06:12"	20180723	204	0	3.68	0.0305	186	0.5	1.63	20.86	6	1.42	1	2.84	23.29	20.86	25.06	400.11	388.47	6.956	8.446	24.25	29.45	199.8	1699	3	100.1	6.47	0.00397	1.0	-0.22	2.74	1.00	0.00	0.16	111115
121	"08:06:12"	20180723	204	0	3.68	0.0305	186	0.5	1.63	20.86	6	1.42	1	2.84	23.29	20.86	25.06	400.11	388.47	6.956	8.446	24.25	29.45	199.8	1699	3	100.1	6.47	0.00397	1.0	-0.22	2.74	1.00	0.00	0.16	111115
122	"08:06:12"	20180723	204	0	3.67	0.0306	187	0.501	1.63	20.86	6	1.42	1	2.84	23.30	20.86	25.06	400.08	388.47	6.956	8.447	24.25	29.45	199.8	1699	3	100.1	6.47	0.00397	1.0	-0.22	2.74	1.00	0.00	0.16	111115
123	"08:06:13"	20180723	204	0	3.65	0.0306	188	0.501	1.63	20.87	6	1.42	1	2.84	23.30	20.87	25.06	400.00	388.45	6.956	8.448	24.25	29.45	199.8	1699	3	100.1	6.47	0.00397	1.0	-0.22	2.74	1.00	0.00	0.16	111115
124	"08:06:13"	20180723	204	0	3.63	0.0306	189	0.501	1.63	20.87	6	1.42	1	2.84	23.30	20.87	25.06	399.93	388.44	6.956	8.449	24.24	29.45	199.8	1699	3	100.1	6.47	0.00397	1.0	-0.22	2.74	1.00	0.00	0.16	111115
125	"08:06:13"	20180723	204	0	3.63	0.0306	189	0.501	1.63	20.87	6	1.42	1	2.84	23.30	20.87	25.06	399.93	388.44	6.956	8.449	24.24	29.45	199.8	1699	3	100.1	6.47	0.00397	1.0	-0.22	2.74	1.00	0.00	0.16	111115
126	"08:06:14"	20180723	204	0	3.6	0.0306	191	0.501	1.63	20.88	6	1.42	1	2.84	23.30	20.88	25.06	399.83	388.45	6.956	8.449	24.24	29.44	199.8	1699	3	100.1	6.47	0.00397	1.0	-0.22	2.74	1.00	0.00	0.16	111115
127	"08:06:14"	20180723	204	0	3.57	0.0306	192	0.501	1.63	20.88	6	1.42	1	2.84	23.30	20.88	25.06	399.75	388.45	6.956	8.449	24.24	29.44	199.8	1699	3	100.1	6.47	0.00397	1.0	-0.22	2.74	1.00	0.00	0.16	111115
128	"08:06:15"	20180723	204	0	3.55	0.0305	193	0.501	1.63	20.89	6	1.42	1	2.84	23.30	20.89	25.06	399.68	388.44	6.956	8.449	24.24	29.44	199.8	1699	3	100.1	6.47	0.00397	1.0	-0.22	2.74	1.00	0.00	0.16	111115
129	"08:06:15"	20180723	204	0	3.55	0.0305	193	0.501	1.63	20.89	6	1.42	1	2.84	23.30	20.89	25.06	399.68	388.44	6.956	8.449	24.24	29.44	199.8	1699	3	100.1	6.47	0.00397	1.0	-0.22	2.74	1.00	0.00	0.16	111115
130	"08:06:15"	20180723	204	0	3.52	0.0305	195	0.502	1.63	20.89	6	1.42	1	2.84	23.31	20.89	25.06	399.60	388.44	6.956	8.450	24.23	29.44	199.8	1699	3	100.1	6.47	0.00397	1.0	-0.22	2.74	1.00	0.00	0.16	111115
131	"08:06:16"	20180723	204	0	3.52	0.0307	196	0.504	1.63	20.90	6	1.42	1	2.84	23.31	20.90	25.06	399.58	388.43	6.956	8.458	24.23	29.45	199.8	1699	3	100.1	6.47	0.00397	1.0	-0.22	2.74	1.00	0.00	0.16	111115
132	"08:06:16"	20180723	204	0	3.52	0.0307	196	0.504	1.63	20.90	6	1.42	1	2.84	23.31	20.90	25.06	399.58	388.43	6.956	8.458	24.23	29.45	199.8	1699	3	100.1	6.47	0.00397	1.0	-0.22	2.74	1.00	0.00	0.16	111115
"08:06:34 Coolers: Tblock -> 30.00 C"
"08:09:51 Flow: Fixed -> 200 umol/s"
133	"08:10:09"	20180723	204	0	3.42	0.0227	138	0.438	1.9	24.05	6	1.42	1	2.84	27.88	24.05	30.06	399.84	389.05	9.728	11.028	25.83	29.28	199.7	1699	1	100.1	6.84	-0.0436	1.0	-0.22	2.74	1.00	0.00	0.16	111115
134	"08:10:10"	20180723	204	0	3.42	0.0228	139	0.439	1.9	24.06	6	1.42	1	2.84	27.89	24.06	30.06	399.85	389.06	9.729	11.034	25.82	29.29	199.7	1699	1	100.1	6.84	-0.0436	1.0	-0.22	2.74	1.00	0.00	0.16	111115
135	"08:10:10"	20180723	204	0	3.45	0.0228	138	0.44	1.9	24.06	6	1.42	1	2.84	27.89	24.06	30.06	399.91	389.04	9.730	11.037	25.82	29.29	199.7	1699	1	100.1	6.84	-0.0436	1.0	-0.22	2.74	1.00	0.00	0.16	111115
136	"08:10:11"	20180723	204	0	3.46	0.0229	138	0.442	1.9	24.07	6	1.42	1	2.84	27.89	24.07	30.06	399.98	389.08	9.731	11.043	25.82	29.30	199.8	1699	1	100.1	6.84	-0.0436	1.0	-0.22	2.74	1.00	0.00	0.16	111115
137	"08:10:12"	20180723	204	0	3.45	0.023	139	0.442	1.9	24.08	6	1.42	1	2.84	27.90	24.08	30.06	399.98	389.10	9.732	11.046	25.82	29.30	199.8	1699	1	100.1	6.84	-0.0436	1.0	-0.22	2.74	1.00	0.00	0.16	111115
138	"08:10:12"	20180723	204	0	3.44	0.023	141	0.444	1.91	24.09	6	1.42	1	2.84	27.90	24.09	30.06	399.93	389.10	9.735	11.054	25.82	29.32	199.8	1699	1	100.1	6.84	-0.0436	1.0	-0.22	2.74	1.00	0.00	0.16	111115
139	"08:10:13"	20180723	204	0	3.44	0.0231	141	0.445	1.91	24.10	6	1.42	1	2.84	27.90	24.10	30.06	399.94	389.10	9.736	11.058	25.82	29.33	199.8	1699	1	100.1	6.84	-0.0436	1.0	-0.22	2.74	1.00	0.00	0.16	111115
140	"08:10:14"	20180723	204	0	3.44	0.0231	141	0.445	1.91	24.10	6	1.42	1	2.84	27.90	24.10	30.06	399.94	389.09	9.737	11.059	25.82	29.33	199.8	1699	1	100.1	6.84	-0.0436	1.0	-0.22	2.74	1.00	0.00	0.16	111115
141	"08:10:14"	20180723	204	0	3.44	0.0232	142	0.447	1.91	24.12	6	1.42	1	2.84	27.91	24.12	30.06	399.92	389.08	9.738	11.067	25.82	29.34	199.8	1699	1	100.1	6.84	-0.0436	1.0	-0.22	2.74	1.00	0.00	0.16	111115
142	"08:10:15"	20180723	204	0	3.43	0.0232	142	0.448	1.91	24.12	6	1.42	1	2.84	27.91	24.12	30.06	399.92	389.08	9.740	11.069	25.82	29.34	199.8	1699	1	100.1	6.84	-0.0436	1.0	-0.22	2.74	1.00	0.00	0.16	111115
143	"08:10:16"	20180723	204	0	3.46	0.0232	141	0.449	1.91	24.13	6	1.42	1	2.84	27.91	24.13	30.06	399.97	389.07	9.741	11.074	25.82	29.35	199.8	1699	1	100.1	6.84	-0.0436	1.0	-0.22	2.74	1.00	0.00	0.16	111115
144	"08:10:16"	20180723	204	0	3.47	0.0233	141	0.45	1.91	24.14	6	1.42	1	2.84	27.92	24.14	30.06	400.02	389.08	9.742	11.080	25.81	29.36	199.8	1699	1	100.1	6.84	-0.0436	1.0	-0.22	2.74	1.00	0.00	0.16	111115
145	"08:10:17"	20180723	204	0	3.46	0.0233	141	0.451	1.91	24.15	6	1.42	1	2.84	27.92	24.15	30.06	400.01	389.09	9.744	11.083	25.81	29.36	199.8	1699	1	100.1	6.84	-0.0436	1.0	-0.22	2.74	1.00	0.00	0.16	111115
146	"08:10:18"	20180723	204	0	3.46	0.0233	142	0.452	1.91	24.15	6	1.42	1	2.84	27.92	24.15	30.06	400.01	389.09	9.744	11.085	25.81	29.36	199.8	1699	1	100.1	6.84	-0.0436	1.0	-0.22	2.74	1.00	0.00	0.16	111115
147	"08:10:18"	20180723	204	0	3.49	0.0234	141	0.453	1.91	24.15	6	1.42	1	2.84	27.93	24.15	30.06	400.06	389.06	9.746	11.091	25.81	29.37	199.8	1699	1	100.1	6.84	-0.0436	1.0	-0.22	2.74	1.00	0.00	0.16	111115
148	"08:10:19"	20180723	204	0	3.49	0.0234	140	0.453	1.91	24.15	6	1.42	1	2.84	27.93	24.15	30.06	400.07	389.05	9.747	11.093	25.81	29.37	199.8	1699	1	100.1	6.84	-0.0436	1.0	-0.22	2.74	1.00	0.00	0.16	111115
149	"08:10:20"	20180723	204	0	3.47	0.0234	142	0.454	1.91	24.16	6	1.42	1	2.84	27.93	24.16	30.06	400.01	389.05	9.748	11.095	25.81	29.37	199.8	1699	1	100.1	6.84	-0.0436	1.0	-0.22	2.74	1.00	0.00	0.16	111115
150	"08:10:20"	20180723	204	0	3.45	0.0234	144	0.454	1.91	24.16	6	1.42	1	2.84	27.93	24.16	30.06	399.94	389.06	9.749	11.097	25.81	29.37	199.8	1699	1	100.1	6.84	-0.0436	1.0	-0.22	2.74	1.00	0.00	0.16	111115
"08:10:28 Coolers: Tblock -> 35.00 C"
"08:11:55 Flow: Fixed -> 200 umol/s"
151	"08:12:12"	20180723	204	0	2.67	0.024	201	0.551	2.27	26.24	6	1.42	1	2.84	31.91	26.24	35.09	400.03	391.36	9.888	11.525	20.83	24.28	199.8	1699	3	100.1	7.33	-0.0436	1.0	-0.22	2.74	1.00	0.00	0.16	111115
152	"08:12:13"	20180723	204	0	2.67	0.0239	201	0.551	2.27	26.25	6	1.42	1	2.84	31.91	26.25	35.09	400.04	391.37	9.889	11.524	20.82	24.27	199.8	1699	3	100.1	7.33	-0.0436	1.0	-0.22	2.74	1.00	0.00	0.16	111115
153	"08:12:13"	20180723	204	0	2.62	0.0239	204	0.552	2.27	26.27	6	1.42	1	2.84	31.92	26.27	35.09	399.94	391.42	9.889	11.526	20.82	24.26	199.8	1699	3	100.1	7.33	-0.0436	0.7	-0.22	2.74	1.00	0.00	0.16	111115
154	"08:12:23"	20180723	204	0	2.61	0.0235	202	0.549	2.3	26.40	6	1.42	1	2.84	32.00	26.40	35.10	399.95	391.48	9.895	11.526	20.74	24.15	199.8	1699	3	100.1	7.33	-0.0436	1.0	-0.22	2.74	1.00	0.00	0.16	111115
155	"08:12:24"	20180723	204	0	2.61	0.0235	202	0.55	2.3	26.40	6	1.42	1	2.84	32.00	26.40	35.10	399.95	391.47	9.895	11.526	20.73	24.15	199.8	1699	3	100.1	7.33	-0.0436	1.0	-0.22	2.74	1.00	0.00	0.16	111115
156	"08:12:25"	20180723	204	0	2.61	0.0235	201	0.549	2.3	26.41	6	1.42	1	2.84	32.01	26.41	35.10	399.95	391.46	9.896	11.525	20.73	24.14	199.8	1699	3	100.1	7.33	-0.0436	1.0	-0.22	2.74	1.00	0.00	0.16	111115
157	"08:12:25"	20180723	204	0	2.63	0.0234	200	0.549	2.31	26.43	6	1.42	1	2.84	32.02	26.43	35.10	400.01	391.47	9.896	11.525	20.72	24.13	199.8	1699	3	100.1	7.33	-0.0436	1.0	-0.22	2.74	1.00	0.00	0.16	111115
158	"08:12:26"	20180723	204	0	2.63	0.0234	200	0.549	2.31	26.43	6	1.42	1	2.84	32.02	26.43	35.10	400.01	391.48	9.897	11.526	20.72	24.13	199.8	1699	3	100.1	7.33	-0.0436	1.0	-0.22	2.74	1.00	0.00	0.16	111115
159	"08:12:27"	20180723	204	0	2.65	0.0234	198	0.548	2.31	26.45	6	1.42	1	2.84	32.02	26.45	35.10	400.05	391.46	9.896	11.524	20.71	24.12	199.8	1699	3	100.1	7.33	-0.0436	1.0	-0.22	2.74	1.00	0.00	0.16	111115
160	"08:12:28"	20180723	204	0	2.65	0.0233	197	0.547	2.31	26.46	6	1.42	1	2.84	32.03	26.46	35.10	400.07	391.45	9.898	11.522	20.70	24.10	199.8	1699	2	100.1	7.33	-0.0436	1.0	-0.22	2.74	1.00	0.00	0.16	111115
161	"08:12:28"	20180723	204	0	2.65	0.0233	197	0.547	2.32	26.47	6	1.42	1	2.84	32.04	26.47	35.10	400.07	391.48	9.899	11.522	20.70	24.10	199.8	1699	2	100.1	7.33	-0.0436	1.0	-0.22	2.74	1.00	0.00	0.16	111115
162	"08:12:29"	20180723	204	0	2.64	0.0232	197	0.546	2.32	26.48	6	1.42	1	2.84	32.04	26.48	35.10	400.03	391.47	9.900	11.521	20.70	24.09	199.8	1699	2	100.1	7.33	-0.0436	1.0	-0.22	2.74	1.00	0.00	0.16	111115
163	"08:12:29"	20180723	204	0	2.6	0.0231	199	0.545	2.32	26.50	6	1.42	1	2.84	32.05	26.50	35.10	399.99	391.53	9.900	11.519	20.69	24.07	199.8	1699	2	100.1	7.33	-0.0436	1.0	-0.22	2.74	1.00	0.00	0.16	111115
164	"08:12:30"	20180723	204	0	2.61	0.0231	198	0.544	2.33	26.51	6	1.42	1	2.84	32.05	26.51	35.10	400.00	391.52	9.901	11.517	20.69	24.07	199.8	1699	2	100.1	7.33	-0.0436	1.0	-0.22	2.74	1.00	0.00	0.16	111115
165	"08:12:31"	20180723	204	0	2.6	0.023	199	0.544	2.33	26.52	6	1.42	1	2.84	32.06	26.52	35.10	399.98	391.54	9.903	11.517	20.68	24.06	199.8	1699	2	100.1	7.33	-0.0436	1.0	-0.22	2.74	1.00	0.00	0.16	111115
166	"08:12:31"	20180723	204	0	2.59	0.023	199	0.544	2.33	26.53	6	1.42	1	2.84	32.06	26.53	35.10	399.97	391.56	9.903	11.517	20.68	24.05	199.8	1699	2	100.1	7.33	-0.0436	1.0	-0.22	2.74	1.00	0.00	0.16	111115
167	"08:12:32"	20180723	204	0	2.57	0.023	200	0.543	2.33	26.54	6	1.42	1	2.84	32.07	26.54	35.10	399.94	391.57	9.904	11.516	20.68	24.04	199.8	1699	2	100.1	7.33	-0.0436	1.0	-0.22	2.74	1.00	0.00	0.16	111115
168	"08:12:33"	20180723	204	0	2.57	0.0229	200	0.543	2.33	26.55	6	1.42	1	2.84	32.07	26.55	35.10	399.95	391.59	9.904	11.516	20.67	24.04	199.8	1699	2	100.1	7.33	-0.0436	1.0	-0.22	2.74	1.00	0.00	0.16	111115
"08:12:52 Coolers: Tblock -> 40.00 C"
"08:18:35 Flow: Fixed -> 200 umol/s"
169	"08:18:39"	20180723	204	0	0.924	0.0147	278	0.473	3.15	30.13	6	1.42	1	2.84	36.98	30.13	40.09	399.83	396.49	10.024	11.428	15.93	18.16	199.8	1699	3	100.1	8.46	-0.00419	0.7	-0.22	2.74	1.00	0.00	0.16	111115
170	"08:18:39"	20180723	204	0	0.924	0.0147	278	0.473	3.15	30.13	6	1.42	1	2.84	36.98	30.13	40.09	399.83	396.49	10.024	11.428	15.93	18.16	199.8	1699	3	100.1	8.46	-0.00419	0.7	-0.22	2.74	1.00	0.00	0.16	111115
171	"08:18:39"	20180723	204	0	0.935	0.0147	277	0.474	3.15	30.13	6	1.42	1	2.84	36.98	30.13	40.09	399.81	396.44	10.020	11.429	15.92	18.16	199.8	1699	3	100.1	8.46	-0.00419	0.7	-0.22	2.74	1.00	0.00	0.16	111115
172	"08:18:40"	20180723	204	0	0.935	0.0147	277	0.474	3.15	30.13	6	1.42	1	2.84	36.98	30.13	40.09	399.81	396.44	10.020	11.429	15.92	18.16	199.8	1699	3	100.1	8.46	-0.00419	0.7	-0.22	2.74	1.00	0.00	0.16	111115
173	"08:18:40"	20180723	204	0	0.942	0.015	278	0.482	3.15	30.13	6	1.42	1	2.84	36.98	30.13	40.09	399.85	396.44	10.001	11.431	15.89	18.16	199.8	1699	3	100.1	8.46	-0.00419	0.7	-0.22	2.74	1.00	0.00	0.16	111115
174	"08:18:40"	20180723	204	0	0.94	0.015	278	0.482	3.15	30.13	6	1.42	1	2.84	36.98	30.13	40.09	399.84	396.44	10.000	11.431	15.89	18.16	199.8	1699	3	100.1	8.46	-0.00419	0.7	-0.22	2.74	1.00	0.00	0.16	111115
175	"08:18:41"	20180723	204	0	0.951	0.015	277	0.482	3.15	30.13	6	1.42	1	2.84	36.98	30.13	40.09	399.84	396.41	9.999	11.430	15.88	18.16	199.8	1699	3	100.1	8.46	-0.00419	0.7	-0.22	2.74	1.00	0.00	0.16	111115
176	"08:18:41"	20180723	204	0	0.939	0.015	278	0.482	3.15	30.14	6	1.42	1	2.84	36.98	30.14	40.09	399.84	396.44	9.999	11.429	15.88	18.16	199.8	1699	3	100.1	8.46	-0.00419	0.7	-0.22	2.74	1.00	0.00	0.16	111115
177	"08:18:42"	20180723	204	0	0.939	0.015	278	0.482	3.15	30.14	6	1.42	1	2.84	36.98	30.14	40.09	399.84	396.44	9.999	11.429	15.88	18.16	199.8	1699	3	100.1	8.46	-0.00419	0.7	-0.22	2.74	1.00	0.00	0.16	111115
178	"08:18:42"	20180723	204	0	0.961	0.0149	276	0.482	3.15	30.15	6	1.42	1	2.84	36.99	30.15	40.09	399.86	396.40	10.001	11.431	15.89	18.16	199.8	1699	2	100.1	8.46	-0.00419	0.7	-0.22	2.74	1.00	0.00	0.16	111115
179	"08:18:42"	20180723	204	0	0.96	0.015	276	0.482	3.15	30.15	6	1.42	1	2.84	36.99	30.15	40.09	399.86	396.41	10.000	11.431	15.88	18.16	199.8	1699	2	100.1	8.46	-0.00419	0.7	-0.22	2.74	1.00	0.00	0.16	111115
180	"08:18:43"	20180723	204	0	0.961	0.015	276	0.483	3.16	30.16	6	1.42	1	2.84	36.99	30.16	40.09	399.87	396.41	10.000	11.433	15.88	18.16	199.8	1699	2	100.1	8.46	-0.00419	0.7	-0.22	2.74	1.00	0.00	0.16	111115
181	"08:18:43"	20180723	204	0	0.944	0.015	278	0.483	3.16	30.17	6	1.42	1	2.84	36.99	30.17	40.09	399.87	396.46	10.000	11.433	15.88	18.16	199.8	1699	2	100.1	8.46	-0.00419	0.7	-0.22	2.74	1.00	0.00	0.16	111115
182	"08:18:44"	20180723	204	0	0.944	0.015	278	0.483	3.16	30.17	6	1.42	1	2.84	36.99	30.17	40.09	399.87	396.46	10.000	11.433	15.88	18.16	199.8	1699	2	100.1	8.46	-0.00419	0.7	-0.22	2.74	1.00	0.00	0.16	111115
183	"08:18:44"	20180723	204	0	0.954	0.0149	276	0.482	3.16	30.18	6	1.42	1	2.84	36.99	30.18	40.08	399.87	396.43	9.999	11.430	15.88	18.15	199.8	1699	2	100.1	8.46	-0.00419	0.7	-0.22	2.74	1.00	0.00	0.16	111115
184	"08:18:44"	20180723	204	0	0.948	0.0149	277	0.481	3.16	30.19	6	1.42	1	2.84	36.99	30.19	40.08	399.85	396.43	9.999	11.429	15.88	18.15	199.8	1699	2	100.1	8.46	-0.00419	0.7	-0.22	2.74	1.00	0.00	0.16	111115
185	"08:18:45"	20180723	204	0	0.956	0.0149	276	0.482	3.17	30.20	6	1.42	1	2.84	36.99	30.20	40.08	399.87	396.42	10.000	11.430	15.88	18.15	199.8	1699	2	100.1	8.46	-0.00419	0.7	-0.22	2.74	1.00	0.00	0.16	111115
186	"08:18:46"	20180723	204	0	0.955	0.0149	276	0.482	3.17	30.21	6	1.42	1	2.84	36.99	30.21	40.08	399.86	396.42	10.000	11.431	15.88	18.15	199.8	1699	2	100.1	8.46	-0.00419	0.7	-0.22	2.74	1.00	0.00	0.16	111115
187	"08:18:46"	20180723	204	0	0.955	0.0149	276	0.482	3.17	30.21	6	1.42	1	2.84	36.99	30.21	40.08	399.86	396.42	10.000	11.431	15.88	18.15	199.8	1699	2	100.1	8.46	-0.00419	0.7	-0.22	2.74	1.00	0.00	0.16	111115
"08:19:21 Coolers: Tblock -> 45.00 C"
"08:22:32 Flow: Fixed -> 200 umol/s"
188	"08:22:34"	20180723	204	0	0.906	0.0143	275	0.55	3.75	32.52	6	1.42	1	2.84	41.37	32.52	45.08	400.50	397.13	10.078	11.709	12.65	14.70	199.8	1700	3	100.1	9.38	-0.01	0.7	-0.22	2.74	1.00	0.00	0.16	111115
189	"08:22:34"	20180723	204	0	0.906	0.0143	275	0.55	3.75	32.52	6	1.42	1	2.84	41.37	32.52	45.08	400.50	397.13	10.078	11.709	12.65	14.70	199.8	1700	3	100.1	9.38	-0.01	0.7	-0.22	2.74	1.00	0.00	0.16	111115
190	"08:22:34"	20180723	204	0	0.871	0.0144	279	0.554	3.75	32.53	6	1.42	1	2.84	41.37	32.53	45.08	400.49	397.21	10.065	11.708	12.63	14.70	199.8	1700	3	100.1	9.38	-0.01	0.7	-0.22	2.74	1.00	0.00	0.16	111115
191	"08:22:35"	20180723	204	0	0.871	0.0144	279	0.554	3.75	32.53	6	1.42	1	2.84	41.37	32.53	45.08	400.49	397.21	10.065	11.708	12.63	14.70	199.8	1700	3	100.1	9.38	-0.01	0.7	-0.22	2.74	1.00	0.00	0.16	111115
192	"08:22:35"	20180723	204	0	0.858	0.0145	281	0.556	3.75	32.53	6	1.42	1	2.84	41.37	32.53	45.08	400.45	397.21	10.056	11.706	12.62	14.69	199.8	1700	3	100.1	9.38	-0.01	0.7	-0.22	2.74	1.00	0.00	0.16	111115
193	"08:22:36"	20180723	204	0	0.837	0.0145	284	0.558	3.75	32.53	6	1.42	1	2.84	41.37	32.53	45.08	400.40	397.22	10.049	11.707	12.61	14.69	199.8	1700	3	100.1	9.38	-0.01	0.7	-0.22	2.74	1.00	0.00	0.16	111115
194	"08:22:36"	20180723	204	0	0.829	0.0146	285	0.56	3.75	32.54	6	1.42	1	2.84	41.37	32.54	45.08	400.36	397.20	10.045	11.708	12.61	14.69	199.8	1700	3	100.1	9.38	-0.01	0.7	-0.22	2.74	1.00	0.00	0.16	111115
195	"08:22:36"	20180723	204	0	0.831	0.0146	285	0.561	3.75	32.54	6	1.42	1	2.84	41.37	32.54	45.08	400.32	397.16	10.041	11.707	12.60	14.69	199.8	1700	3	100.1	9.38	-0.01	0.7	-0.22	2.74	1.00	0.00	0.16	111115
196	"08:22:37"	20180723	204	0	0.808	0.0148	288	0.568	3.76	32.55	6	1.42	1	2.84	41.37	32.55	45.08	400.30	397.20	10.020	11.707	12.57	14.69	199.7	1700	3	100.1	9.38	-0.01	0.7	-0.22	2.74	1.00	0.00	0.16	111115
197	"08:22:37"	20180723	204	0	0.808	0.0148	288	0.568	3.76	32.55	6	1.42	1	2.84	41.37	32.55	45.08	400.30	397.20	10.020	11.707	12.57	14.69	199.7	1700	3	100.1	9.38	-0.01	0.7	-0.22	2.74	1.00	0.00	0.16	111115
198	"08:22:38"	20180723	204	0	0.792	0.0148	290	0.569	3.76	32.57	6	1.42	1	2.84	41.37	32.57	45.08	400.25	397.20	10.019	11.707	12.57	14.69	199.7	1700	3	100.1	9.38	-0.01	0.7	-0.22	2.74	1.00	0.00	0.16	111115
199	"08:22:38"	20180723	204	0	0.785	0.0148	290	0.569	3.76	32.57	6	1.42	1	2.84	41.38	32.57	45.08	400.23	397.19	10.019	11.708	12.57	14.69	199.7	1700	3	100.1	9.38	-0.01	0.7	-0.22	2.74	1.00	0.00	0.16	111115
200	"08:22:39"	20180723	204	0	0.796	0.0147	289	0.569	3.76	32.58	6	1.42	1	2.84	41.38	32.58	45.08	400.22	397.15	10.018	11.707	12.57	14.69	199.7	1700	3	100.1	9.38	-0.01	0.7	-0.22	2.74	1.00	0.00	0.16	111115
201	"08:22:39"	20180723	204	0	0.794	0.0147	289	0.57	3.77	32.60	6	1.42	1	2.84	41.38	32.60	45.08	400.22	397.16	10.018	11.709	12.57	14.69	199.7	1700	3	100.1	9.38	-0.01	0.7	-0.22	2.74	1.00	0.00	0.16	111115
202	"08:22:39"	20180723	204	0	0.802	0.0147	288	0.569	3.77	32.60	6	1.42	1	2.84	41.38	32.60	45.07	400.24	397.16	10.018	11.708	12.56	14.69	199.7	1700	3	100.1	9.38	-0.01	0.7	-0.22	2.74	1.00	0.00	0.16	111115
203	"08:22:40"	20180723	204	0	0.802	0.0147	288	0.569	3.77	32.60	6	1.42	1	2.84	41.38	32.60	45.07	400.24	397.16	10.018	11.708	12.56	14.69	199.7	1700	3	100.1	9.38	-0.01	0.7	-0.22	2.74	1.00	0.00	0.16	111115
204	"08:22:40"	20180723	204	0	0.808	0.0147	288	0.569	3.77	32.59	6	1.42	1	2.84	41.38	32.59	45.07	400.28	397.17	10.018	11.708	12.56	14.68	199.7	1700	3	100.1	9.38	-0.01	0.7	-0.22	2.74	1.00	0.00	0.16	111115
"08:23:15 Coolers: Tblock -> 50.00 C"
"08:30:07 Flow: Fixed -> 200 umol/s"
205	"08:30:15"	20180723	204	0	0.689	0.0146	297	0.645	4.3	34.49	6	1.42	1	2.84	45.37	34.49	49.76	400.10	397.26	10.019	11.934	10.21	12.16	199.7	1699	3	100.1	9.98	-0.00856	1.0	-0.22	2.74	1.00	0.00	0.16	111115
206	"08:30:15"	20180723	204	0	0.689	0.0146	297	0.645	4.3	34.49	6	1.42	1	2.84	45.37	34.49	49.76	400.10	397.26	10.019	11.934	10.21	12.16	199.7	1699	3	100.1	9.98	-0.00856	1.0	-0.22	2.74	1.00	0.00	0.16	111115
207	"08:30:15"	20180723	204	0	0.689	0.0146	297	0.645	4.3	34.49	6	1.42	1	2.84	45.37	34.49	49.76	400.10	397.26	10.019	11.934	10.21	12.16	199.7	1699	3	100.1	9.98	-0.00856	1.0	-0.22	2.74	1.00	0.00	0.16	111115
208	"08:30:16"	20180723	204	0	0.69	0.0146	297	0.645	4.3	34.49	6	1.42	1	2.84	45.37	34.49	49.76	400.10	397.25	10.019	11.935	10.20	12.15	199.7	1699	3	100.1	9.98	-0.00856	1.0	-0.22	2.74	1.00	0.00	0.16	111115
209	"08:30:16"	20180723	204	0	0.71	0.0146	294	0.645	4.3	34.49	6	1.42	1	2.84	45.37	34.49	49.76	400.10	397.20	10.019	11.934	10.20	12.15	199.7	1699	3	100.1	9.98	-0.00856	1.0	-0.22	2.74	1.00	0.00	0.16	111115
210	"08:30:17"	20180723	204	0	0.719	0.0146	294	0.646	4.3	34.49	6	1.42	1	2.84	45.38	34.49	49.76	400.12	397.19	10.019	11.937	10.20	12.15	199.7	1699	3	100.1	9.98	-0.00856	1.0	-0.22	2.74	1.00	0.00	0.16	111115
211	"08:30:17"	20180723	204	0	0.719	0.0146	294	0.646	4.3	34.49	6	1.42	1	2.84	45.38	34.49	49.76	400.12	397.19	10.019	11.937	10.20	12.15	199.7	1699	3	100.1	9.98	-0.00856	1.0	-0.22	2.74	1.00	0.00	0.16	111115
212	"08:30:17"	20180723	204	0	0.714	0.0146	294	0.646	4.3	34.49	6	1.42	1	2.84	45.38	34.49	49.76	400.12	397.21	10.019	11.937	10.20	12.15	199.7	1699	2	100.1	9.98	-0.00856	1.0	-0.22	2.74	1.00	0.00	0.16	111115
213	"08:30:18"	20180723	204	0	0.726	0.0146	293	0.647	4.3	34.49	6	1.42	1	2.84	45.38	34.49	49.76	400.12	397.17	10.018	11.938	10.20	12.15	199.7	1699	2	100.1	9.98	-0.00856	1.0	-0.22	2.74	1.00	0.00	0.16	111115
214	"08:30:18"	20180723	204	0	0.727	0.0146	293	0.647	4.3	34.49	6	1.42	1	2.84	45.39	34.49	49.76	400.12	397.16	10.019	11.939	10.20	12.15	199.7	1699	2	100.1	9.98	-0.00856	1.0	-0.22	2.74	1.00	0.00	0.16	111115
215	"08:30:18"	20180723	204	0	0.727	0.0146	293	0.647	4.3	34.49	6	1.42	1	2.84	45.39	34.49	49.76	400.12	397.16	10.019	11.939	10.20	12.15	199.7	1699	2	100.1	9.98	-0.00856	1.0	-0.22	2.74	1.00	0.00	0.16	111115
216	"08:30:19"	20180723	204	0	0.743	0.0146	291	0.646	4.3	34.51	6	1.42	1	2.84	45.39	34.51	49.75	400.12	397.12	10.020	11.938	10.20	12.15	199.7	1699	2	100.1	9.98	-0.00856	1.0	-0.22	2.74	1.00	0.00	0.16	111115
217	"08:30:19"	20180723	204	0	0.745	0.0146	291	0.646	4.3	34.52	6	1.42	1	2.84	45.39	34.52	49.75	400.12	397.11	10.020	11.938	10.19	12.15	199.7	1699	2	100.1	9.98	-0.00856	1.0	-0.22	2.74	1.00	0.00	0.16	111115
218	"08:30:20"	20180723	204	0	0.737	0.0146	291	0.646	4.31	34.53	6	1.42	1	2.84	45.40	34.53	49.75	400.11	397.12	10.020	11.939	10.19	12.14	199.7	1699	2	100.1	9.98	-0.00856	1.0	-0.22	2.74	1.00	0.00	0.16	111115
219	"08:30:20"	20180723	204	0	0.737	0.0146	291	0.646	4.31	34.53	6	1.42	1	2.84	45.40	34.53	49.75	400.11	397.12	10.020	11.939	10.19	12.14	199.7	1699	2	100.1	9.98	-0.00856	1.0	-0.22	2.74	1.00	0.00	0.16	111115
220	"08:30:20"	20180723	204	0	0.713	0.0146	294	0.646	4.31	34.54	6	1.42	1	2.84	45.40	34.54	49.75	400.06	397.14	10.020	11.940	10.19	12.14	199.7	1699	2	100.1	9.98	-0.00856	1.0	-0.22	2.74	1.00	0.00	0.16	111115
221	"08:30:21"	20180723	204	0	0.707	0.0146	294	0.646	4.31	34.55	6	1.42	1	2.84	45.40	34.55	49.75	400.04	397.14	10.020	11.938	10.19	12.14	199.7	1699	2	100.1	9.98	-0.00856	1.0	-0.22	2.74	1.00	0.00	0.16	111115
222	"08:30:21"	20180723	204	0	0.701	0.0145	295	0.646	4.32	34.56	6	1.42	1	2.84	45.40	34.56	49.75	400.03	397.15	10.021	11.939	10.19	12.14	199.6	1699	2	100.1	9.98	-0.00856	1.0	-0.22	2.74	1.00	0.00	0.16	111115
223	"08:30:21"	20180723	204	0	0.701	0.0145	295	0.646	4.32	34.56	6	1.42	1	2.84	45.40	34.56	49.75	400.03	397.15	10.021	11.939	10.19	12.14	199.6	1699	2	100.1	9.98	-0.00856	1.0	-0.22	2.74	1.00	0.00	0.16	111115
