"OPEN 6.3.4"
"Fri Jul 20 2018 07:29:56"
<open><version>"6.3.4"</version></open>
<open><configfile>"/User/Configs/UserPrefs/LED2x3.xml"</configfile></open>
<open><light><source>"6400-02 or -02B LED Source"</source><par_in>1<sensor>"SI-2503"<cal>-0.86<actinity>1.00</actinity><transm>1.00</transm></cal></sensor><transm>1</transm></par_in><par_out>1<sensor>"Q40491"<cal>6.5</cal></sensor></par_out></light></open>
<open><comps><file>"/User/Configs/Comps/StdComps_6.1"<header>""</header><extras></extras></file><energybal>no<f_parIn>1</f_parIn><f_parOut>0</f_parOut><alphaK>0.16</alphaK></energybal><bc_total>2.840<stomatal_ratio>1</stomatal_ratio><bc_oneside>1.420<type>2</type><table>"/Sys/Lib/StdBLCTable"</table><area>6</area><slope>-0.219565</slope><offset>2.73739</offset><fan>5</fan></bc_oneside></bc_total></comps></open>
<open><prompts><onlog>off</onlog><items>"Default (none)"</items></prompts></open>
<open><constants><oxygen>21 %</oxygen><bb_vapor>1.5</bb_vapor><bb_oxy>0.9</bb_oxy></constants></open>
<open><stability><items>"Std Stability"<items[1]><id>-2</id><size>15</size><pcv><onoff>0</onoff><value>1</value></pcv><std><onoff>0</onoff><value>1</value></std><slp><onoff>1</onoff><value>1</value></slp></items[1]><items[2]><id>-5</id><size>15</size><pcv><onoff>0</onoff><value>1</value></pcv><std><onoff>0</onoff><value>1</value></std><slp><onoff>1</onoff><value>1</value></slp></items[2]><items[3]><id>-7</id><size>15</size><pcv><onoff>0</onoff><value>1</value></pcv><std><onoff>0</onoff><value>1</value></std><slp><onoff>1</onoff><value>1</value></slp></items[3]></items></stability></open>
<open><log><format>"StdLogFmt_6.0"<items>{ -35 -21 -70 -69 -76 30 23 36 21 25 221 -33 111 -34 11 -9 -10 -8 -1 -2 -4 -5 -14 -15 -7 -12 -13 -11 -65 -66 -72 -18 -19 -77 -78 -79 -23  }<hdr>{  }</hdr></items></format><options><beep>on</beep><match>"never"<time>30</time><co2>100</co2><delta>10</delta></match><hdr>normal</hdr><rem>normal</rem><stab>no</stab><stats>no<mean>no</mean><file>no</file><period>15</period></stats><excel>yes</excel><controls>yes</controls><comm>no</comm></options><datafile>"/User/0000-DWS5327-200718"</datafile><button><action>"Normal Log"<code>" LogOneObsManual "</code></action></button><autoprog>"/User/Configs/AutoProgs/AutoLog2"<active>no</active></autoprog></log></open>
<open><a2d><avgtime>4.0 secs</avgtime><userchans><ch20>"Off"</ch20><ch21>"Off"</ch21><ch22>"Off"</ch22><ch23>"Off"</ch23></userchans></a2d></open>
<open><matching><type>0</type><disp>'a'</disp><settings>><CO2Limit>10.0</CO2Limit><H2OLimit>1.0</H2OLimit><MaxAutoTime>60</MaxAutoTime><AverageTime>10</AverageTime></settings></matching></open>
<li6400><factory><unit>"PSC-2470"</unit><serviced>"5 Feb 2018"</serviced><fuseaware>0</fuseaware><co2mixer>yes</co2mixer><co2><coeffs>{ 0 0.214772 2.55802e-05 1.93228e-08 -3.02262e-12 2.75724e-16  }</coeffs><dvdt>-4</dvdt><xs>{ 9.11e-05 0.00178  }</xs></co2><h2o><coeffs>{ 0 0.00581526 2.16703e-06 7.69607e-12  }</coeffs><dvdt>-2.9</dvdt><xs>{ -0.000111 -0.00256  }</xs></h2o><flow>{ 0 0.3696  }</flow><press>{ 86.913 0.00551  }</press></factory></li6400>
<li6400><user><flow_zero>-3.5</flow_zero><irga_zero><co2>113.5 152.5<at>27.1329</at></co2><h2o>-3.5 -3.5<at>28.1091</at></h2o></irga_zero><irga_span><co2>{ 0.990134 0.992694  }</co2><h2o>{ 0.996743 0.99801  }</h2o></irga_span><irga_match><co2>{ 0.110267 6.96361  }</co2><h2o>{ -0.0816591 0.0489167  }</h2o></irga_match><co2_mixer><pump_mv>4500</pump_mv><ppm>{ 2352.67 1117.67 439.284 266.3 121.188 70.6751 48.8233 48.8102  }</ppm><mv>{ 5000 3000 1500 1000 500 300 200 100  }</mv></co2_mixer><parin_offset>-0.211894</parin_offset><led_cal><unit>"SI-2503"</unit><mv>{ 10 25 50 100 1000 2000 3000 4000 5000  }</mv><qntm>{ 1.83047 9.20354 23.3042 57.5395 736.221 1467.2 2160.1 2821.48 3447.04  }</qntm></led_cal><lcf_cal><unit>"LCF-0981"</unit><red><mv>{ 50 100 200 400 800 1500  }</mv><qntm>{ 64.6036 145.758 312.409 661.73 1377.94 2641.23  }</qntm></red><blue><mv>{ 100 500 1000 2000 3000 4000 5000  }</mv><qntm>{ 11.107 44.4539 81.9578 145.168 203.372 256.093 300.56  }</qntm></blue></lcf_cal></user></li6400>
"07:30:01 "
$STARTOFDATA$
"Obs"	"HHMMSS"	"YYYYMMDD"	"DOY"	"EBal?"	"Photo"	"Cond"	"Ci"	"Trmmol"	"VpdL"	"CTleaf"	"Area"	"BLC_1"	"StmRat"	"BLCond"	"Tair"	"Tleaf"	"TBlk"	"CO2R"	"CO2S"	"H2OR"	"H2OS"	"RH_R"	"RH_S"	"Flow"	"PARi"	"PARo"	"Press"	"CsMch"	"HsMch"	"StableF"	"BLCslope"	"BLCoffst"	"f_parin"	"f_parout"	"alphaK"	"Status"
"07:32:18 Flow: Fixed -> 400 umol/s"
"07:32:51 Flow: Fixed -> 200 umol/s"
"07:51:14 Coolers: Tblock -> 0.53 C"
1	"07:51:29"	20180720	201	0	3	0.0302	226	0.245	0.814	7.83	6	1.42	1	2.84	2.86	7.83	0.52	400.01	390.72	1.770	2.504	23.51	33.25	199.8	1700	1	100	6.96	0.0489	1.0	-0.22	2.74	1.00	0.00	0.16	111115
2	"07:51:29"	20180720	201	0	3	0.0302	226	0.245	0.814	7.83	6	1.42	1	2.84	2.86	7.83	0.52	400.01	390.72	1.770	2.504	23.51	33.25	199.8	1700	1	100	6.96	0.0489	1.0	-0.22	2.74	1.00	0.00	0.16	111115
3	"07:51:30"	20180720	201	0	3	0.0303	227	0.245	0.813	7.82	6	1.42	1	2.84	2.85	7.82	0.52	400.03	390.73	1.770	2.505	23.51	33.26	199.8	1700	1	100	6.96	0.0489	1.0	-0.22	2.74	1.00	0.00	0.16	111115
4	"07:51:30"	20180720	201	0	3.01	0.0304	227	0.246	0.813	7.81	6	1.42	1	2.84	2.85	7.81	0.52	400.04	390.72	1.770	2.506	23.51	33.29	199.8	1700	1	100	6.96	0.0489	1.0	-0.22	2.74	1.00	0.00	0.16	111115
5	"07:51:30"	20180720	201	0	3.01	0.0303	226	0.245	0.813	7.82	6	1.42	1	2.84	2.85	7.82	0.53	400.06	390.72	1.770	2.505	23.51	33.27	199.8	1700	1	100	6.96	0.0489	1.0	-0.22	2.74	1.00	0.00	0.16	111115
6	"07:51:31"	20180720	201	0	3.01	0.0303	226	0.245	0.813	7.82	6	1.42	1	2.84	2.85	7.82	0.53	400.06	390.72	1.770	2.505	23.51	33.27	199.8	1700	1	100	6.96	0.0489	1.0	-0.22	2.74	1.00	0.00	0.16	111115
7	"07:51:31"	20180720	201	0	3.01	0.0302	226	0.245	0.813	7.82	6	1.42	1	2.84	2.85	7.82	0.53	400.06	390.72	1.770	2.503	23.51	33.25	199.8	1700	1	100	6.96	0.0489	1.0	-0.22	2.74	1.00	0.00	0.16	111115
8	"07:51:32"	20180720	201	0	3.01	0.0303	226	0.245	0.813	7.82	6	1.42	1	2.84	2.85	7.82	0.53	400.06	390.75	1.770	2.504	23.51	33.25	199.8	1700	1	100	6.96	0.0489	1.0	-0.22	2.74	1.00	0.00	0.16	111115
9	"07:51:32"	20180720	201	0	3.02	0.0303	226	0.245	0.813	7.81	6	1.42	1	2.84	2.85	7.81	0.53	400.10	390.72	1.770	2.505	23.51	33.27	199.8	1700	1	100	6.96	0.0489	1.0	-0.22	2.74	1.00	0.00	0.16	111115
10	"07:51:32"	20180720	201	0	3.02	0.0303	226	0.245	0.813	7.81	6	1.42	1	2.84	2.85	7.81	0.53	400.10	390.72	1.770	2.505	23.51	33.27	199.8	1700	1	100	6.96	0.0489	1.0	-0.22	2.74	1.00	0.00	0.16	111115
11	"07:51:33"	20180720	201	0	3.03	0.0303	225	0.245	0.813	7.81	6	1.42	1	2.84	2.85	7.81	0.54	400.13	390.74	1.771	2.504	23.52	33.26	199.8	1700	1	100	6.96	0.0489	1.0	-0.22	2.74	1.00	0.00	0.16	111115
12	"07:51:33"	20180720	201	0	3.01	0.0303	226	0.245	0.812	7.80	6	1.42	1	2.84	2.85	7.80	0.54	400.12	390.78	1.771	2.505	23.52	33.27	199.8	1700	1	100	6.96	0.0489	1.0	-0.22	2.74	1.00	0.00	0.16	111115
13	"07:51:33"	20180720	201	0	3.03	0.0303	225	0.245	0.812	7.80	6	1.42	1	2.84	2.85	7.80	0.54	400.12	390.74	1.771	2.505	23.52	33.27	199.8	1700	1	100	6.96	0.0489	1.0	-0.22	2.74	1.00	0.00	0.16	111115
14	"07:51:34"	20180720	201	0	3.03	0.0303	225	0.245	0.812	7.80	6	1.42	1	2.84	2.85	7.80	0.54	400.12	390.74	1.771	2.505	23.52	33.27	199.8	1700	1	100	6.96	0.0489	1.0	-0.22	2.74	1.00	0.00	0.16	111115
15	"07:51:34"	20180720	201	0	3.03	0.0303	225	0.245	0.811	7.79	6	1.42	1	2.84	2.85	7.79	0.54	400.15	390.77	1.771	2.504	23.53	33.25	199.8	1700	1	100	6.96	0.0489	1.0	-0.22	2.74	1.00	0.00	0.16	111115
16	"07:51:34"	20180720	201	0	3.02	0.0304	226	0.245	0.81	7.78	6	1.42	1	2.84	2.85	7.78	0.55	400.12	390.77	1.771	2.505	23.52	33.27	199.8	1700	1	100	6.96	0.0489	1.0	-0.22	2.74	1.00	0.00	0.16	111115
17	"07:51:35"	20180720	201	0	3.02	0.0304	226	0.245	0.81	7.78	6	1.42	1	2.84	2.85	7.78	0.55	400.12	390.77	1.771	2.505	23.52	33.27	199.8	1700	1	100	6.96	0.0489	1.0	-0.22	2.74	1.00	0.00	0.16	111115
"07:51:47 Coolers: Tblock -> 5.00 C"
18	"07:53:56"	20180720	201	0	3.22	0.0272	196	0.226	0.83	9.30	6	1.42	1	2.84	6.22	9.30	5.10	400.16	390.23	2.783	3.458	29.21	36.29	199.8	1700	1	100	6.96	0.0489	1.0	-0.22	2.74	1.00	0.00	0.16	111115
19	"07:53:56"	20180720	201	0	3.22	0.0272	196	0.226	0.83	9.30	6	1.42	1	2.84	6.22	9.30	5.10	400.16	390.23	2.783	3.458	29.21	36.29	199.8	1700	1	100	6.96	0.0489	1.0	-0.22	2.74	1.00	0.00	0.16	111115
20	"07:53:57"	20180720	201	0	3.23	0.0272	195	0.226	0.831	9.31	6	1.42	1	2.84	6.22	9.31	5.10	400.20	390.23	2.783	3.457	29.20	36.29	199.8	1700	1	100	6.96	0.0489	1.0	-0.22	2.74	1.00	0.00	0.16	111115
21	"07:53:57"	20180720	201	0	3.24	0.0271	194	0.225	0.831	9.31	6	1.42	1	2.84	6.22	9.31	5.10	400.22	390.23	2.783	3.456	29.20	36.27	199.8	1700	1	100	6.96	0.0489	1.0	-0.22	2.74	1.00	0.00	0.16	111115
22	"07:53:57"	20180720	201	0	3.25	0.0271	193	0.225	0.831	9.31	6	1.42	1	2.84	6.22	9.31	5.10	400.25	390.22	2.783	3.456	29.20	36.26	199.8	1700	1	100	6.96	0.0489	1.0	-0.22	2.74	1.00	0.00	0.16	111115
23	"07:53:58"	20180720	201	0	3.25	0.0271	193	0.225	0.831	9.31	6	1.42	1	2.84	6.22	9.31	5.10	400.25	390.22	2.783	3.456	29.20	36.26	199.8	1700	1	100	6.96	0.0489	1.0	-0.22	2.74	1.00	0.00	0.16	111115
24	"07:53:58"	20180720	201	0	3.26	0.0271	192	0.225	0.832	9.32	6	1.42	1	2.84	6.22	9.32	5.10	400.27	390.21	2.783	3.456	29.20	36.26	199.8	1700	1	100	6.96	0.0489	1.0	-0.22	2.74	1.00	0.00	0.16	111115
25	"07:53:58"	20180720	201	0	3.26	0.0271	192	0.225	0.832	9.32	6	1.42	1	2.84	6.22	9.32	5.10	400.25	390.19	2.783	3.456	29.20	36.26	199.8	1700	1	100	6.96	0.0489	1.0	-0.22	2.74	1.00	0.00	0.16	111115
26	"07:53:59"	20180720	201	0	3.26	0.0271	192	0.225	0.832	9.32	6	1.42	1	2.84	6.23	9.32	5.10	400.25	390.21	2.783	3.456	29.20	36.25	199.8	1700	1	100	6.96	0.0489	1.0	-0.22	2.74	1.00	0.00	0.16	111115
27	"07:53:59"	20180720	201	0	3.26	0.0271	192	0.225	0.832	9.32	6	1.42	1	2.84	6.23	9.32	5.10	400.25	390.21	2.783	3.456	29.20	36.25	199.8	1700	1	100	6.96	0.0489	1.0	-0.22	2.74	1.00	0.00	0.16	111115
28	"07:54:00"	20180720	201	0	3.24	0.0271	193	0.225	0.831	9.31	6	1.42	1	2.84	6.23	9.31	5.10	400.24	390.24	2.783	3.456	29.19	36.25	199.8	1700	1	100	6.96	0.0489	1.0	-0.22	2.74	1.00	0.00	0.16	111115
29	"07:54:00"	20180720	201	0	3.24	0.0271	194	0.225	0.831	9.31	6	1.42	1	2.84	6.23	9.31	5.10	400.24	390.25	2.783	3.457	29.19	36.25	199.8	1700	1	100	6.96	0.0489	1.0	-0.22	2.74	1.00	0.00	0.16	111115
30	"07:54:00"	20180720	201	0	3.21	0.0272	196	0.225	0.831	9.31	6	1.42	1	2.84	6.23	9.31	5.10	400.19	390.28	2.783	3.457	29.18	36.26	199.8	1700	1	100	6.96	0.0489	1.0	-0.22	2.74	1.00	0.00	0.16	111115
31	"07:54:01"	20180720	201	0	3.21	0.0272	196	0.225	0.831	9.31	6	1.42	1	2.84	6.23	9.31	5.10	400.19	390.28	2.783	3.457	29.18	36.26	199.8	1700	1	100	6.96	0.0489	1.0	-0.22	2.74	1.00	0.00	0.16	111115
32	"07:54:01"	20180720	201	0	3.19	0.0272	197	0.226	0.832	9.32	6	1.42	1	2.84	6.23	9.32	5.10	400.14	390.31	2.782	3.458	29.18	36.26	199.8	1700	1	100	6.96	0.0489	1.0	-0.22	2.74	1.00	0.00	0.16	111115
33	"07:54:01"	20180720	201	0	3.18	0.0272	198	0.226	0.832	9.33	6	1.42	1	2.84	6.23	9.33	5.10	400.13	390.30	2.783	3.459	29.18	36.27	199.8	1700	1	100	6.96	0.0489	1.0	-0.22	2.74	1.00	0.00	0.16	111115
34	"07:54:02"	20180720	201	0	3.17	0.0272	198	0.226	0.832	9.33	6	1.42	1	2.84	6.23	9.33	5.10	400.13	390.34	2.782	3.459	29.17	36.27	199.8	1700	1	100	6.96	0.0489	1.0	-0.22	2.74	1.00	0.00	0.16	111115
35	"07:54:02"	20180720	201	0	3.17	0.0272	198	0.226	0.832	9.33	6	1.42	1	2.84	6.23	9.33	5.10	400.13	390.34	2.782	3.459	29.17	36.27	199.8	1700	1	100	6.96	0.0489	1.0	-0.22	2.74	1.00	0.00	0.16	111115
36	"07:54:02"	20180720	201	0	3.17	0.0273	199	0.227	0.833	9.34	6	1.42	1	2.84	6.23	9.34	5.09	400.14	390.37	2.782	3.460	29.17	36.28	199.8	1700	1	100	6.96	0.0489	1.0	-0.22	2.74	1.00	0.00	0.16	111115
37	"07:54:03"	20180720	201	0	3.17	0.0273	199	0.227	0.833	9.35	6	1.42	1	2.84	6.24	9.35	5.09	400.15	390.36	2.782	3.461	29.16	36.28	199.8	1700	1	100	6.96	0.0489	1.0	-0.22	2.74	1.00	0.00	0.16	111115
38	"07:54:03"	20180720	201	0	3.19	0.0273	198	0.227	0.834	9.36	6	1.42	1	2.84	6.24	9.36	5.09	400.18	390.34	2.782	3.462	29.16	36.28	199.9	1700	1	100	6.96	0.0489	1.0	-0.22	2.74	1.00	0.00	0.16	111115
39	"07:54:04"	20180720	201	0	3.19	0.0273	198	0.227	0.834	9.36	6	1.42	1	2.84	6.24	9.36	5.09	400.18	390.34	2.782	3.462	29.16	36.28	199.9	1700	1	100	6.96	0.0489	1.0	-0.22	2.74	1.00	0.00	0.16	111115
40	"07:54:04"	20180720	201	0	3.18	0.0273	198	0.227	0.835	9.37	6	1.42	1	2.84	6.24	9.37	5.09	400.17	390.34	2.782	3.462	29.15	36.28	199.9	1700	1	100	6.96	0.0489	1.0	-0.22	2.74	1.00	0.00	0.16	111115
41	"07:54:04"	20180720	201	0	3.19	0.0273	198	0.228	0.836	9.38	6	1.42	1	2.84	6.24	9.38	5.09	400.19	390.34	2.782	3.463	29.15	36.29	199.9	1700	1	100	6.96	0.0489	1.0	-0.22	2.74	1.00	0.00	0.16	111115
42	"07:54:05"	20180720	201	0	3.21	0.0274	197	0.228	0.836	9.38	6	1.42	1	2.84	6.24	9.38	5.09	400.22	390.34	2.782	3.464	29.15	36.30	199.9	1700	1	100	6.96	0.0489	1.0	-0.22	2.74	1.00	0.00	0.16	111115
43	"07:54:05"	20180720	201	0	3.21	0.0274	197	0.228	0.836	9.38	6	1.42	1	2.84	6.24	9.38	5.09	400.22	390.34	2.782	3.464	29.15	36.30	199.9	1700	1	100	6.96	0.0489	1.0	-0.22	2.74	1.00	0.00	0.16	111115
44	"07:54:06"	20180720	201	0	3.19	0.0274	198	0.228	0.837	9.39	6	1.42	1	2.84	6.24	9.39	5.09	400.23	390.39	2.782	3.465	29.14	36.30	199.9	1700	1	100	6.96	0.0489	1.0	-0.22	2.74	1.00	0.00	0.16	111115
"07:54:16 Coolers: Tblock -> 10.00 C"
45	"07:57:03"	20180720	201	0	3.33	0.0289	200	0.268	0.926	11.75	6	1.42	1	2.84	10.36	11.75	10.09	400.20	389.90	3.782	4.582	29.98	36.32	199.8	1699	2	100	6.96	0.0489	1.0	-0.22	2.74	1.00	0.00	0.16	111115
46	"07:57:03"	20180720	201	0	3.33	0.0289	200	0.268	0.926	11.75	6	1.42	1	2.84	10.36	11.75	10.09	400.20	389.90	3.782	4.582	29.98	36.32	199.8	1699	2	100	6.96	0.0489	1.0	-0.22	2.74	1.00	0.00	0.16	111115
47	"07:57:04"	20180720	201	0	3.33	0.0289	199	0.268	0.927	11.75	6	1.42	1	2.84	10.36	11.75	10.09	400.20	389.88	3.782	4.582	29.97	36.31	199.8	1699	2	100	6.96	0.0489	1.0	-0.22	2.74	1.00	0.00	0.16	111115
48	"07:57:04"	20180720	201	0	3.33	0.0289	199	0.268	0.927	11.75	6	1.42	1	2.84	10.36	11.75	10.09	400.20	389.88	3.782	4.582	29.97	36.31	199.8	1699	2	100	6.96	0.0489	1.0	-0.22	2.74	1.00	0.00	0.16	111115
49	"07:57:04"	20180720	201	0	3.33	0.0289	200	0.268	0.927	11.76	6	1.42	1	2.84	10.36	11.76	10.09	400.20	389.89	3.782	4.583	29.97	36.31	199.8	1699	2	100	6.96	0.0489	1.0	-0.22	2.74	1.00	0.00	0.16	111115
50	"07:57:05"	20180720	201	0	3.34	0.029	199	0.268	0.927	11.76	6	1.42	1	2.84	10.36	11.76	10.09	400.20	389.85	3.782	4.584	29.96	36.31	199.8	1699	2	100	6.96	0.0489	1.0	-0.22	2.74	1.00	0.00	0.16	111115
51	"07:57:05"	20180720	201	0	3.34	0.029	199	0.269	0.926	11.76	6	1.42	1	2.84	10.36	11.76	10.09	400.22	389.86	3.782	4.585	29.96	36.32	199.8	1699	2	100	6.96	0.0489	1.0	-0.22	2.74	1.00	0.00	0.16	111115
52	"07:57:06"	20180720	201	0	3.34	0.029	199	0.269	0.926	11.76	6	1.42	1	2.84	10.36	11.76	10.09	400.22	389.86	3.782	4.585	29.96	36.32	199.8	1699	2	100	6.96	0.0489	1.0	-0.22	2.74	1.00	0.00	0.16	111115
53	"07:57:06"	20180720	201	0	3.33	0.029	200	0.269	0.926	11.75	6	1.42	1	2.84	10.36	11.75	10.09	400.18	389.87	3.782	4.585	29.96	36.32	199.8	1699	2	100	6.96	0.0489	1.0	-0.22	2.74	1.00	0.00	0.16	111115
54	"07:57:06"	20180720	201	0	3.33	0.029	200	0.269	0.927	11.76	6	1.42	1	2.84	10.37	11.76	10.09	400.18	389.85	3.782	4.585	29.96	36.31	199.8	1699	2	100	6.96	0.0489	1.0	-0.22	2.74	1.00	0.00	0.16	111115
55	"07:57:07"	20180720	201	0	3.32	0.029	201	0.269	0.927	11.76	6	1.42	1	2.84	10.37	11.76	10.09	400.16	389.87	3.782	4.585	29.95	36.31	199.8	1699	2	100	6.96	0.0489	1.0	-0.22	2.74	1.00	0.00	0.16	111115
56	"07:57:07"	20180720	201	0	3.32	0.029	201	0.269	0.927	11.76	6	1.42	1	2.84	10.37	11.76	10.09	400.16	389.87	3.782	4.585	29.95	36.31	199.8	1699	2	100	6.96	0.0489	1.0	-0.22	2.74	1.00	0.00	0.16	111115
57	"07:57:07"	20180720	201	0	3.33	0.029	200	0.268	0.928	11.77	6	1.42	1	2.84	10.37	11.77	10.09	400.18	389.87	3.782	4.584	29.94	36.29	199.8	1699	2	100	6.96	0.0489	1.0	-0.22	2.74	1.00	0.00	0.16	111115
58	"07:57:08"	20180720	201	0	3.34	0.029	200	0.269	0.927	11.77	6	1.42	1	2.84	10.37	11.77	10.09	400.21	389.87	3.782	4.586	29.94	36.31	199.8	1699	2	100	6.96	0.0489	1.0	-0.22	2.74	1.00	0.00	0.16	111115
59	"07:57:08"	20180720	201	0	3.33	0.0291	200	0.269	0.928	11.77	6	1.42	1	2.84	10.37	11.77	10.09	400.21	389.88	3.782	4.586	29.94	36.31	199.8	1699	2	100	6.96	0.0489	1.0	-0.22	2.74	1.00	0.00	0.16	111115
60	"07:57:08"	20180720	201	0	3.33	0.0291	200	0.269	0.928	11.77	6	1.42	1	2.84	10.37	11.77	10.09	400.21	389.88	3.782	4.586	29.94	36.31	199.8	1699	2	100	6.96	0.0489	1.0	-0.22	2.74	1.00	0.00	0.16	111115
61	"07:57:09"	20180720	201	0	3.33	0.029	201	0.269	0.928	11.78	6	1.42	1	2.84	10.37	11.78	10.09	400.20	389.89	3.781	4.587	29.93	36.30	199.8	1699	2	100	6.96	0.0489	1.0	-0.22	2.74	1.00	0.00	0.16	111115
62	"07:57:09"	20180720	201	0	3.32	0.0291	201	0.27	0.929	11.79	6	1.42	1	2.84	10.38	11.79	10.10	400.19	389.90	3.781	4.588	29.93	36.31	199.8	1699	2	100	6.96	0.0489	1.0	-0.22	2.74	1.00	0.00	0.16	111115
63	"07:57:10"	20180720	201	0	3.32	0.0291	202	0.27	0.93	11.79	6	1.42	1	2.84	10.38	11.79	10.10	400.17	389.90	3.781	4.589	29.92	36.31	199.8	1699	2	100	6.96	0.0489	1.0	-0.22	2.74	1.00	0.00	0.16	111115
64	"07:57:10"	20180720	201	0	3.3	0.0291	203	0.271	0.93	11.80	6	1.42	1	2.84	10.38	11.80	10.10	400.14	389.91	3.781	4.590	29.92	36.32	199.8	1699	2	100	6.96	0.0489	1.0	-0.22	2.74	1.00	0.00	0.16	111115
"07:57:34 Coolers: Tblock -> 15.00 C"
"07:57:48 Lamp: ParIn ->  1700 uml"
"07:57:48 CO2 Mixer: CO2R -> 400 uml"
"07:57:48 Coolers: Tblock -> 15.00 C"
"07:57:48 Flow: Fixed -> 200 umol/s"
65	"07:59:06"	20180720	201	0	3.23	0.0292	207	0.301	1.03	13.82	6	1.42	1	2.84	14.27	13.82	15.06	399.83	389.78	4.679	5.577	28.66	34.16	199.8	1699	1	100	6.96	0.0489	1.0	-0.22	2.74	1.00	0.00	0.16	111115
66	"07:59:07"	20180720	201	0	3.23	0.0292	207	0.301	1.03	13.82	6	1.42	1	2.84	14.27	13.82	15.06	399.83	389.78	4.679	5.577	28.66	34.16	199.8	1699	1	100	6.96	0.0489	1.0	-0.22	2.74	1.00	0.00	0.16	111115
67	"07:59:07"	20180720	201	0	3.27	0.0293	205	0.301	1.03	13.82	6	1.42	1	2.84	14.28	13.82	15.06	399.93	389.75	4.678	5.578	28.65	34.16	199.8	1699	1	100	6.96	0.0489	1.0	-0.22	2.74	1.00	0.00	0.16	111115
68	"07:59:08"	20180720	201	0	3.3	0.0294	203	0.303	1.03	13.84	6	1.42	1	2.84	14.28	13.84	15.06	400.04	389.76	4.677	5.580	28.63	34.17	199.8	1698	1	100	6.96	0.0489	0.7	-0.22	2.74	1.00	0.00	0.16	111115
69	"07:59:08"	20180720	201	0	3.3	0.0294	203	0.303	1.03	13.84	6	1.42	1	2.84	14.28	13.84	15.06	400.04	389.76	4.677	5.580	28.63	34.17	199.8	1698	1	100	6.96	0.0489	0.7	-0.22	2.74	1.00	0.00	0.16	111115
70	"07:59:08"	20180720	201	0	3.32	0.0295	203	0.304	1.03	13.85	6	1.42	1	2.84	14.28	13.85	15.06	400.11	389.79	4.674	5.581	28.61	34.16	199.8	1698	1	100	6.96	0.0489	0.7	-0.22	2.74	1.00	0.00	0.16	111115
71	"07:59:34"	20180720	201	0	3.61	0.0312	197	0.332	1.06	14.19	6	1.42	1	2.84	14.46	14.19	15.07	400.53	389.29	4.622	5.612	27.97	33.96	199.8	1699	1	100	6.96	0.0489	1.0	-0.22	2.74	1.00	0.00	0.16	111115
72	"07:59:35"	20180720	201	0	3.61	0.0312	197	0.332	1.06	14.19	6	1.42	1	2.84	14.46	14.19	15.07	400.53	389.29	4.622	5.612	27.97	33.96	199.8	1699	1	100	6.96	0.0489	1.0	-0.22	2.74	1.00	0.00	0.16	111115
73	"07:59:35"	20180720	201	0	3.59	0.0312	199	0.332	1.06	14.20	6	1.42	1	2.84	14.46	14.20	15.07	400.47	389.31	4.621	5.613	27.96	33.96	199.8	1700	1	100	6.96	0.0489	1.0	-0.22	2.74	1.00	0.00	0.16	111115
74	"07:59:35"	20180720	201	0	3.59	0.0312	199	0.332	1.06	14.20	6	1.42	1	2.84	14.46	14.20	15.07	400.47	389.31	4.621	5.613	27.96	33.96	199.8	1700	1	100	6.96	0.0489	1.0	-0.22	2.74	1.00	0.00	0.16	111115
75	"07:59:36"	20180720	201	0	3.57	0.0313	200	0.333	1.06	14.21	6	1.42	1	2.84	14.47	14.21	15.07	400.48	389.36	4.622	5.615	27.96	33.97	199.8	1699	1	100	6.96	0.0489	1.0	-0.22	2.74	1.00	0.00	0.16	111115
76	"07:59:36"	20180720	201	0	3.58	0.0312	199	0.332	1.06	14.21	6	1.42	1	2.84	14.47	14.21	15.07	400.49	389.35	4.622	5.615	27.95	33.96	199.8	1700	1	100	6.96	0.0489	1.0	-0.22	2.74	1.00	0.00	0.16	111115
77	"07:59:37"	20180720	201	0	3.59	0.0312	199	0.333	1.07	14.22	6	1.42	1	2.84	14.47	14.22	15.07	400.52	389.34	4.622	5.615	27.95	33.95	199.8	1700	1	100	6.96	0.0489	1.0	-0.22	2.74	1.00	0.00	0.16	111115
78	"07:59:37"	20180720	201	0	3.59	0.0312	199	0.333	1.07	14.22	6	1.42	1	2.84	14.47	14.22	15.07	400.52	389.34	4.622	5.615	27.95	33.95	199.8	1700	1	100	6.96	0.0489	1.0	-0.22	2.74	1.00	0.00	0.16	111115
79	"07:59:37"	20180720	201	0	3.56	0.0312	200	0.333	1.07	14.22	6	1.42	1	2.84	14.48	14.22	15.07	400.49	389.40	4.621	5.615	27.94	33.94	199.8	1699	1	100	6.96	0.0489	1.0	-0.22	2.74	1.00	0.00	0.16	111115
80	"07:59:38"	20180720	201	0	3.55	0.0312	201	0.333	1.07	14.22	6	1.42	1	2.84	14.48	14.22	15.07	400.47	389.41	4.621	5.615	27.93	33.94	199.8	1699	1	100	6.96	0.0489	1.0	-0.22	2.74	1.00	0.00	0.16	111115
81	"07:59:38"	20180720	201	0	3.55	0.0313	201	0.334	1.07	14.23	6	1.42	1	2.84	14.48	14.23	15.07	400.46	389.41	4.620	5.617	27.92	33.94	199.8	1699	1	100	6.96	0.0489	1.0	-0.22	2.74	1.00	0.00	0.16	111115
82	"07:59:39"	20180720	201	0	3.56	0.0313	201	0.334	1.07	14.24	6	1.42	1	2.84	14.49	14.24	15.07	400.47	389.39	4.621	5.618	27.92	33.94	199.8	1699	1	100	6.96	0.0489	1.0	-0.22	2.74	1.00	0.00	0.16	111115
83	"07:59:39"	20180720	201	0	3.55	0.0312	201	0.334	1.07	14.24	6	1.42	1	2.84	14.49	14.24	15.08	400.48	389.43	4.621	5.618	27.92	33.93	199.8	1699	1	100	6.96	0.0489	1.0	-0.22	2.74	1.00	0.00	0.16	111115
84	"07:59:39"	20180720	201	0	3.55	0.0312	201	0.334	1.07	14.24	6	1.42	1	2.84	14.49	14.24	15.08	400.48	389.43	4.621	5.618	27.92	33.93	199.8	1699	1	100	6.96	0.0489	1.0	-0.22	2.74	1.00	0.00	0.16	111115
85	"07:59:40"	20180720	201	0	3.55	0.0312	201	0.334	1.07	14.25	6	1.42	1	2.84	14.49	14.25	15.08	400.46	389.42	4.621	5.617	27.91	33.93	199.8	1699	1	100	6.96	0.0489	1.0	-0.22	2.74	1.00	0.00	0.16	111115
86	"07:59:40"	20180720	201	0	3.54	0.0312	201	0.334	1.07	14.26	6	1.42	1	2.84	14.49	14.26	15.08	400.46	389.43	4.621	5.617	27.90	33.92	199.8	1699	1	100	6.96	0.0489	1.0	-0.22	2.74	1.00	0.00	0.16	111115
87	"07:59:40"	20180720	201	0	3.54	0.0312	201	0.334	1.07	14.26	6	1.42	1	2.84	14.49	14.26	15.08	400.46	389.43	4.621	5.617	27.90	33.92	199.8	1699	1	100	6.96	0.0489	1.0	-0.22	2.74	1.00	0.00	0.16	111115
88	"07:59:41"	20180720	201	0	3.54	0.0312	201	0.334	1.07	14.27	6	1.42	1	2.84	14.50	14.27	15.08	400.44	389.42	4.621	5.618	27.90	33.92	199.8	1699	1	100	6.96	0.0489	1.0	-0.22	2.74	1.00	0.00	0.16	111115
89	"07:59:41"	20180720	201	0	3.55	0.0312	201	0.334	1.07	14.28	6	1.42	1	2.84	14.50	14.28	15.08	400.46	389.42	4.621	5.619	27.89	33.92	199.8	1699	1	100	6.96	0.0489	1.0	-0.22	2.74	1.00	0.00	0.16	111115
90	"07:59:42"	20180720	201	0	3.53	0.0312	202	0.335	1.07	14.28	6	1.42	1	2.84	14.50	14.28	15.08	400.42	389.43	4.621	5.620	27.89	33.92	199.8	1699	1	100	6.96	0.0489	1.0	-0.22	2.74	1.00	0.00	0.16	111115
91	"07:59:42"	20180720	201	0	3.53	0.0312	202	0.335	1.07	14.28	6	1.42	1	2.84	14.50	14.28	15.08	400.42	389.43	4.621	5.620	27.89	33.92	199.8	1699	1	100	6.96	0.0489	1.0	-0.22	2.74	1.00	0.00	0.16	111115
92	"07:59:42"	20180720	201	0	3.51	0.0312	203	0.335	1.07	14.28	6	1.42	1	2.84	14.51	14.28	15.08	400.38	389.44	4.622	5.620	27.89	33.91	199.8	1699	1	100	6.96	0.0489	1.0	-0.22	2.74	1.00	0.00	0.16	111115
93	"07:59:43"	20180720	201	0	3.47	0.0312	205	0.335	1.07	14.29	6	1.42	1	2.84	14.51	14.29	15.08	400.29	389.49	4.621	5.620	27.88	33.90	199.8	1699	1	100	6.96	0.0489	1.0	-0.22	2.74	1.00	0.00	0.16	111115
94	"07:59:43"	20180720	201	0	3.45	0.0313	206	0.335	1.07	14.29	6	1.42	1	2.84	14.51	14.29	15.08	400.25	389.49	4.621	5.621	27.87	33.91	199.8	1699	1	100	6.96	0.0489	1.0	-0.22	2.74	1.00	0.00	0.16	111115
95	"07:59:43"	20180720	201	0	3.45	0.0313	206	0.335	1.07	14.29	6	1.42	1	2.84	14.51	14.29	15.08	400.25	389.49	4.621	5.621	27.87	33.91	199.8	1699	1	100	6.96	0.0489	1.0	-0.22	2.74	1.00	0.00	0.16	111115
96	"07:59:44"	20180720	201	0	3.43	0.0313	207	0.335	1.07	14.29	6	1.42	1	2.84	14.52	14.29	15.08	400.20	389.50	4.621	5.622	27.86	33.90	199.8	1699	1	100	6.96	0.0489	1.0	-0.22	2.74	1.00	0.00	0.16	111115
97	"07:59:44"	20180720	201	0	3.41	0.0313	208	0.336	1.07	14.30	6	1.42	1	2.84	14.52	14.30	15.07	400.13	389.51	4.621	5.623	27.86	33.90	199.8	1699	1	100	6.96	0.0489	1.0	-0.22	2.74	1.00	0.00	0.16	111115
"07:59:52 Coolers: Tblock -> 20.00 C"
98	"08:01:47"	20180720	201	0	3.54	0.0306	196	0.364	1.19	16.45	6	1.42	1	2.84	18.66	16.45	20.09	400.02	388.95	5.820	6.905	26.97	31.99	199.8	1699	2	100	6.96	0.0489	1.0	-0.22	2.74	1.00	0.00	0.16	111115
99	"08:01:47"	20180720	201	0	3.54	0.0306	197	0.365	1.19	16.46	6	1.42	1	2.84	18.67	16.46	20.09	400.00	388.95	5.821	6.908	26.96	32.00	199.8	1699	2	100	6.96	0.0489	1.0	-0.22	2.74	1.00	0.00	0.16	111115
100	"08:01:48"	20180720	201	0	3.54	0.0306	197	0.365	1.19	16.46	6	1.42	1	2.84	18.67	16.46	20.09	400.00	388.95	5.821	6.908	26.96	32.00	199.8	1699	2	100	6.96	0.0489	1.0	-0.22	2.74	1.00	0.00	0.16	111115
101	"08:01:48"	20180720	201	0	3.53	0.0306	197	0.365	1.19	16.47	6	1.42	1	2.84	18.67	16.47	20.09	399.98	388.95	5.822	6.910	26.96	32.00	199.8	1699	2	100	6.96	0.0489	1.0	-0.22	2.74	1.00	0.00	0.16	111115
102	"08:01:48"	20180720	201	0	3.52	0.0307	198	0.366	1.19	16.48	6	1.42	1	2.84	18.67	16.48	20.09	399.97	388.96	5.822	6.913	26.95	32.00	199.8	1699	2	100	6.96	0.0489	1.0	-0.22	2.74	1.00	0.00	0.16	111115
103	"08:01:49"	20180720	201	0	3.53	0.0307	197	0.366	1.19	16.49	6	1.42	1	2.84	18.68	16.49	20.09	399.95	388.92	5.822	6.913	26.95	31.99	199.8	1699	2	100	6.96	0.0489	1.0	-0.22	2.74	1.00	0.00	0.16	111115
104	"08:01:49"	20180720	201	0	3.53	0.0307	197	0.366	1.19	16.49	6	1.42	1	2.84	18.68	16.49	20.09	399.95	388.92	5.822	6.913	26.95	31.99	199.8	1699	2	100	6.96	0.0489	1.0	-0.22	2.74	1.00	0.00	0.16	111115
105	"08:01:50"	20180720	201	0	3.52	0.0307	198	0.366	1.19	16.49	6	1.42	1	2.84	18.68	16.49	20.09	399.95	388.94	5.822	6.915	26.94	32.00	199.8	1699	2	100	6.96	0.0489	1.0	-0.22	2.74	1.00	0.00	0.16	111115
106	"08:01:50"	20180720	201	0	3.52	0.0307	198	0.367	1.19	16.50	6	1.42	1	2.84	18.69	16.50	20.09	399.96	388.96	5.824	6.918	26.94	32.00	199.8	1699	2	100	6.96	0.0489	1.0	-0.22	2.74	1.00	0.00	0.16	111115
107	"08:01:50"	20180720	201	0	3.49	0.0308	200	0.368	1.19	16.51	6	1.42	1	2.84	18.69	16.51	20.09	399.88	388.96	5.823	6.920	26.93	32.00	199.8	1699	2	100	6.96	0.0489	1.0	-0.22	2.74	1.00	0.00	0.16	111115
108	"08:01:51"	20180720	201	0	3.49	0.0308	200	0.368	1.19	16.51	6	1.42	1	2.84	18.69	16.51	20.09	399.88	388.96	5.823	6.920	26.93	32.00	199.8	1699	2	100	6.96	0.0489	1.0	-0.22	2.74	1.00	0.00	0.16	111115
109	"08:01:51"	20180720	201	0	3.5	0.0308	200	0.368	1.19	16.52	6	1.42	1	2.84	18.69	16.52	20.09	399.85	388.92	5.823	6.922	26.92	32.00	199.8	1699	2	100	6.96	0.0489	1.0	-0.22	2.74	1.00	0.00	0.16	111115
110	"08:01:52"	20180720	201	0	3.51	0.0308	200	0.369	1.19	16.52	6	1.42	1	2.84	18.70	16.52	20.09	399.87	388.91	5.823	6.924	26.92	32.00	199.8	1699	2	100	6.96	0.0489	1.0	-0.22	2.74	1.00	0.00	0.16	111115
111	"08:01:52"	20180720	201	0	3.51	0.0308	199	0.369	1.2	16.54	6	1.42	1	2.84	18.70	16.54	20.09	399.88	388.90	5.823	6.925	26.91	32.00	199.8	1699	2	100	6.96	0.0489	1.0	-0.22	2.74	1.00	0.00	0.16	111115
112	"08:01:52"	20180720	201	0	3.51	0.0308	199	0.369	1.2	16.54	6	1.42	1	2.84	18.70	16.54	20.09	399.88	388.90	5.823	6.925	26.91	32.00	199.8	1699	2	100	6.96	0.0489	1.0	-0.22	2.74	1.00	0.00	0.16	111115
113	"08:01:53"	20180720	201	0	3.51	0.0308	199	0.37	1.2	16.54	6	1.42	1	2.84	18.71	16.54	20.09	399.89	388.91	5.824	6.926	26.91	32.00	199.8	1699	2	100	6.96	0.0489	1.0	-0.22	2.74	1.00	0.00	0.16	111115
114	"08:01:53"	20180720	201	0	3.51	0.0308	199	0.37	1.2	16.55	6	1.42	1	2.84	18.71	16.55	20.09	399.90	388.91	5.825	6.928	26.90	32.00	199.8	1699	2	100	6.96	0.0489	1.0	-0.22	2.74	1.00	0.00	0.16	111115
115	"08:01:53"	20180720	201	0	3.51	0.0308	199	0.37	1.2	16.56	6	1.42	1	2.84	18.71	16.56	20.09	399.88	388.92	5.825	6.928	26.90	31.99	199.8	1699	2	100	6.96	0.0489	1.0	-0.22	2.74	1.00	0.00	0.16	111115
116	"08:01:54"	20180720	201	0	3.51	0.0308	199	0.37	1.2	16.56	6	1.42	1	2.84	18.71	16.56	20.09	399.88	388.92	5.825	6.928	26.90	31.99	199.8	1699	2	100	6.96	0.0489	1.0	-0.22	2.74	1.00	0.00	0.16	111115
117	"08:01:54"	20180720	201	0	3.51	0.0308	199	0.37	1.2	16.57	6	1.42	1	2.84	18.72	16.57	20.09	399.85	388.89	5.825	6.929	26.89	31.99	199.8	1699	2	100	6.96	0.0489	1.0	-0.22	2.74	1.00	0.00	0.16	111115
118	"08:01:55"	20180720	201	0	3.52	0.0308	199	0.37	1.2	16.58	6	1.42	1	2.84	18.72	16.58	20.09	399.89	388.89	5.827	6.930	26.89	31.99	199.8	1699	2	100	6.96	0.0489	1.0	-0.22	2.74	1.00	0.00	0.16	111115
119	"08:01:55"	20180720	201	0	3.53	0.0308	198	0.371	1.2	16.59	6	1.42	1	2.84	18.72	16.59	20.09	399.95	388.91	5.827	6.934	26.89	32.00	199.8	1698	2	100	6.96	0.0489	1.0	-0.22	2.74	1.00	0.00	0.16	111115
120	"08:01:55"	20180720	201	0	3.53	0.0308	198	0.371	1.2	16.59	6	1.42	1	2.84	18.72	16.59	20.09	399.95	388.91	5.827	6.934	26.89	32.00	199.8	1698	2	100	6.96	0.0489	1.0	-0.22	2.74	1.00	0.00	0.16	111115
121	"08:01:56"	20180720	201	0	3.55	0.0308	197	0.371	1.2	16.60	6	1.42	1	2.84	18.73	16.60	20.10	399.96	388.87	5.828	6.935	26.89	31.99	199.8	1698	2	100	6.96	0.0489	1.0	-0.22	2.74	1.00	0.00	0.16	111115
122	"08:01:56"	20180720	201	0	3.56	0.0308	197	0.372	1.2	16.61	6	1.42	1	2.84	18.73	16.61	20.10	399.98	388.86	5.829	6.937	26.88	31.99	199.8	1698	2	100	6.96	0.0489	1.0	-0.22	2.74	1.00	0.00	0.16	111115
123	"08:01:56"	20180720	201	0	3.58	0.0308	196	0.372	1.2	16.62	6	1.42	1	2.84	18.74	16.62	20.09	399.99	388.81	5.829	6.937	26.88	31.99	199.8	1698	2	100	6.96	0.0489	1.0	-0.22	2.74	1.00	0.00	0.16	111115
124	"08:01:57"	20180720	201	0	3.58	0.0308	196	0.372	1.2	16.62	6	1.42	1	2.84	18.74	16.62	20.09	399.99	388.81	5.829	6.937	26.88	31.99	199.8	1698	2	100	6.96	0.0489	1.0	-0.22	2.74	1.00	0.00	0.16	111115
125	"08:01:57"	20180720	201	0	3.6	0.0309	195	0.372	1.2	16.62	6	1.42	1	2.84	18.74	16.62	20.09	400.02	388.78	5.829	6.940	26.87	31.99	199.8	1698	2	100	6.96	0.0489	1.0	-0.22	2.74	1.00	0.00	0.16	111115
126	"08:01:58"	20180720	201	0	3.61	0.0309	194	0.373	1.21	16.63	6	1.42	1	2.84	18.74	16.63	20.09	400.05	388.76	5.830	6.941	26.87	31.99	199.8	1698	2	100	6.96	0.0489	1.0	-0.22	2.74	1.00	0.00	0.16	111115
"08:02:23 Lamp: ParIn ->  1700 uml"
"08:02:23 CO2 Mixer: CO2R -> 400 uml"
"08:02:23 Coolers: Tblock -> 20.00 C"
"08:02:23 Flow: Fixed -> 200 umol/s"
"08:02:36 Coolers: Tblock -> 25.00 C"
127	"08:04:19"	20180720	201	0	3.61	0.0218	118	0.269	1.22	19.20	6	1.42	1	2.84	22.74	19.20	25.13	400.27	389.13	9.301	10.099	33.53	36.40	199.8	1700	2	100	6.96	0.0489	1.0	-0.22	2.74	1.00	0.00	0.16	111115
128	"08:04:20"	20180720	201	0	3.61	0.0218	118	0.269	1.22	19.20	6	1.42	1	2.84	22.74	19.20	25.13	400.27	389.13	9.301	10.099	33.53	36.40	199.8	1700	2	100	6.96	0.0489	1.0	-0.22	2.74	1.00	0.00	0.16	111115
129	"08:04:20"	20180720	201	0	3.61	0.0218	118	0.269	1.22	19.20	6	1.42	1	2.84	22.74	19.20	25.13	400.27	389.13	9.301	10.099	33.53	36.40	199.8	1700	2	100	6.96	0.0489	1.0	-0.22	2.74	1.00	0.00	0.16	111115
130	"08:04:20"	20180720	201	0	3.59	0.0219	120	0.271	1.22	19.21	6	1.42	1	2.84	22.75	19.21	25.12	400.26	389.15	9.301	10.105	33.50	36.40	199.8	1700	1	100	6.96	0.0489	1.0	-0.22	2.74	1.00	0.00	0.16	111115
131	"08:04:21"	20180720	201	0	3.57	0.022	123	0.272	1.22	19.22	6	1.42	1	2.84	22.76	19.22	25.12	400.23	389.19	9.301	10.110	33.48	36.40	199.8	1700	1	100	6.96	0.0489	1.0	-0.22	2.74	1.00	0.00	0.16	111115
132	"08:04:21"	20180720	201	0	3.56	0.0221	124	0.273	1.23	19.24	6	1.42	1	2.84	22.77	19.24	25.12	400.21	389.19	9.302	10.113	33.47	36.38	199.8	1700	1	100	6.96	0.0489	1.0	-0.22	2.74	1.00	0.00	0.16	111115
133	"08:04:21"	20180720	201	0	3.56	0.0221	124	0.273	1.23	19.24	6	1.42	1	2.84	22.77	19.24	25.12	400.21	389.19	9.302	10.113	33.47	36.38	199.8	1700	1	100	6.96	0.0489	1.0	-0.22	2.74	1.00	0.00	0.16	111115
134	"08:04:22"	20180720	201	0	3.55	0.0222	126	0.275	1.23	19.25	6	1.42	1	2.84	22.78	19.25	25.12	400.20	389.21	9.302	10.118	33.45	36.38	199.8	1700	1	100	6.96	0.0489	1.0	-0.22	2.74	1.00	0.00	0.16	111115
135	"08:04:22"	20180720	201	0	3.54	0.0222	127	0.275	1.23	19.26	6	1.42	1	2.84	22.79	19.26	25.11	400.20	389.24	9.304	10.121	33.43	36.37	199.7	1700	1	100	6.96	0.0489	1.0	-0.22	2.74	1.00	0.00	0.16	111115
136	"08:04:23"	20180720	201	0	3.54	0.0223	128	0.276	1.23	19.26	6	1.42	1	2.84	22.79	19.26	25.11	400.21	389.26	9.304	10.125	33.42	36.37	199.8	1699	1	100	6.96	0.0489	1.0	-0.22	2.74	1.00	0.00	0.16	111115
137	"08:04:23"	20180720	201	0	3.54	0.0223	128	0.276	1.23	19.26	6	1.42	1	2.84	22.79	19.26	25.11	400.21	389.26	9.304	10.125	33.42	36.37	199.8	1699	1	100	6.96	0.0489	1.0	-0.22	2.74	1.00	0.00	0.16	111115
138	"08:04:23"	20180720	201	0	3.55	0.0224	128	0.277	1.23	19.27	6	1.42	1	2.84	22.80	19.27	25.10	400.24	389.25	9.305	10.130	33.41	36.37	199.8	1699	2	100	6.96	0.0489	1.0	-0.22	2.74	1.00	0.00	0.16	111115
139	"08:04:24"	20180720	201	0	3.54	0.0225	130	0.279	1.23	19.28	6	1.42	1	2.84	22.81	19.28	25.10	400.22	389.26	9.304	10.133	33.39	36.36	199.8	1699	2	100	6.96	0.0489	1.0	-0.22	2.74	1.00	0.00	0.16	111115
140	"08:04:24"	20180720	201	0	3.54	0.0226	131	0.28	1.23	19.28	6	1.42	1	2.84	22.82	19.28	25.09	400.23	389.27	9.304	10.136	33.37	36.36	199.8	1699	2	100	6.96	0.0489	1.0	-0.22	2.74	1.00	0.00	0.16	111115
141	"08:04:24"	20180720	201	0	3.54	0.0226	131	0.28	1.23	19.28	6	1.42	1	2.84	22.82	19.28	25.09	400.23	389.27	9.304	10.136	33.37	36.36	199.8	1699	2	100	6.96	0.0489	1.0	-0.22	2.74	1.00	0.00	0.16	111115
142	"08:04:25"	20180720	201	0	3.56	0.0227	131	0.281	1.23	19.29	6	1.42	1	2.84	22.82	19.29	25.08	400.27	389.26	9.305	10.141	33.36	36.36	199.8	1699	2	100	6.96	0.0489	1.0	-0.22	2.74	1.00	0.00	0.16	111115
143	"08:04:25"	20180720	201	0	3.56	0.0228	133	0.283	1.23	19.29	6	1.42	1	2.84	22.83	19.29	25.08	400.30	389.27	9.304	10.146	33.35	36.36	199.8	1699	2	100	6.96	0.0489	1.0	-0.22	2.74	1.00	0.00	0.16	111115
144	"08:04:25"	20180720	201	0	3.56	0.0228	133	0.283	1.23	19.29	6	1.42	1	2.84	22.83	19.29	25.08	400.30	389.27	9.304	10.146	33.35	36.36	199.8	1699	2	100	6.96	0.0489	1.0	-0.22	2.74	1.00	0.00	0.16	111115
145	"08:04:26"	20180720	201	0	3.57	0.0229	133	0.284	1.23	19.29	6	1.42	1	2.84	22.84	19.29	25.07	400.32	389.27	9.304	10.149	33.34	36.36	199.7	1699	2	100	6.96	0.0489	1.0	-0.22	2.74	1.00	0.00	0.16	111115
146	"08:04:26"	20180720	201	0	3.57	0.023	134	0.285	1.23	19.29	6	1.42	1	2.84	22.84	19.29	25.06	400.29	389.24	9.304	10.153	33.32	36.36	199.8	1699	2	100	6.96	0.0489	1.0	-0.22	2.74	1.00	0.00	0.16	111115
147	"08:04:27"	20180720	201	0	3.55	0.0231	136	0.286	1.23	19.30	6	1.42	1	2.84	22.85	19.30	25.06	400.24	389.24	9.305	10.157	33.32	36.36	199.8	1699	2	100	6.96	0.0489	1.0	-0.22	2.74	1.00	0.00	0.16	111115
148	"08:04:27"	20180720	201	0	3.55	0.0231	136	0.286	1.23	19.30	6	1.42	1	2.84	22.85	19.30	25.06	400.24	389.24	9.305	10.157	33.32	36.36	199.8	1699	2	100	6.96	0.0489	1.0	-0.22	2.74	1.00	0.00	0.16	111115
149	"08:04:27"	20180720	201	0	3.53	0.0232	138	0.288	1.23	19.31	6	1.42	1	2.84	22.85	19.31	25.06	400.21	389.25	9.305	10.161	33.30	36.37	199.8	1699	2	100	6.96	0.0489	1.0	-0.22	2.74	1.00	0.00	0.16	111115
"08:04:38 Coolers: Tblock -> 30.00 C"
150	"08:05:46"	20180720	201	0	3.38	0.0313	208	0.46	1.46	21.23	6	1.42	1	2.84	26.72	21.23	30.09	399.99	389.30	9.320	10.687	26.47	30.36	199.8	1699	1	100	6.96	0.0489	1.0	-0.22	2.74	1.00	0.00	0.16	111115
151	"08:05:46"	20180720	201	0	3.38	0.0313	208	0.46	1.46	21.23	6	1.42	1	2.84	26.72	21.23	30.09	399.99	389.30	9.320	10.687	26.47	30.36	199.8	1699	1	100	6.96	0.0489	1.0	-0.22	2.74	1.00	0.00	0.16	111115
152	"08:05:46"	20180720	201	0	3.38	0.0312	208	0.461	1.46	21.24	6	1.42	1	2.84	26.73	21.24	30.09	399.94	389.26	9.319	10.689	26.46	30.35	199.7	1699	1	100	6.96	0.0489	1.0	-0.22	2.74	1.00	0.00	0.16	111115
153	"08:05:47"	20180720	201	0	3.37	0.0313	208	0.461	1.47	21.26	6	1.42	1	2.84	26.74	21.26	30.09	399.93	389.27	9.319	10.691	26.44	30.33	199.7	1699	1	100	6.96	0.0489	1.0	-0.22	2.74	1.00	0.00	0.16	111115
154	"08:05:47"	20180720	201	0	3.38	0.0313	207	0.462	1.47	21.27	6	1.42	1	2.84	26.75	21.27	30.09	399.91	389.21	9.319	10.692	26.43	30.32	199.7	1699	1	100	6.96	0.0489	1.0	-0.22	2.74	1.00	0.00	0.16	111115
155	"08:05:47"	20180720	201	0	3.38	0.0313	207	0.462	1.47	21.27	6	1.42	1	2.84	26.75	21.27	30.09	399.91	389.21	9.319	10.692	26.43	30.32	199.7	1699	1	100	6.96	0.0489	1.0	-0.22	2.74	1.00	0.00	0.16	111115
156	"08:05:48"	20180720	201	0	3.38	0.0313	208	0.463	1.47	21.28	6	1.42	1	2.84	26.76	21.28	30.09	399.92	389.24	9.320	10.696	26.41	30.31	199.7	1699	2	100	6.96	0.0489	1.0	-0.22	2.74	1.00	0.00	0.16	111115
157	"08:05:48"	20180720	201	0	3.37	0.0313	208	0.464	1.47	21.29	6	1.42	1	2.84	26.77	21.29	30.10	399.91	389.24	9.320	10.697	26.40	30.30	199.7	1699	2	100	6.96	0.0489	1.0	-0.22	2.74	1.00	0.00	0.16	111115
158	"08:05:49"	20180720	201	0	3.37	0.0313	208	0.464	1.47	21.30	6	1.42	1	2.84	26.78	21.30	30.10	399.90	389.23	9.320	10.700	26.39	30.29	199.7	1699	1	100	6.96	0.0489	0.7	-0.22	2.74	1.00	0.00	0.16	111115
159	"08:05:49"	20180720	201	0	3.37	0.0313	208	0.464	1.47	21.30	6	1.42	1	2.84	26.78	21.30	30.10	399.90	389.23	9.320	10.700	26.39	30.29	199.7	1699	1	100	6.96	0.0489	0.7	-0.22	2.74	1.00	0.00	0.16	111115
160	"08:05:49"	20180720	201	0	3.38	0.0314	208	0.465	1.47	21.31	6	1.42	1	2.84	26.79	21.31	30.10	399.90	389.20	9.320	10.703	26.37	30.28	199.8	1699	1	100	6.96	0.0489	0.7	-0.22	2.74	1.00	0.00	0.16	111115
161	"08:05:50"	20180720	201	0	3.4	0.0314	207	0.466	1.47	21.32	6	1.42	1	2.84	26.80	21.32	30.10	399.92	389.17	9.320	10.704	26.36	30.27	199.8	1699	1	100	6.96	0.0489	0.7	-0.22	2.74	1.00	0.00	0.16	111115
162	"08:05:50"	20180720	201	0	3.41	0.0314	207	0.466	1.48	21.33	6	1.42	1	2.84	26.81	21.33	30.10	399.96	389.18	9.320	10.705	26.34	30.26	199.8	1699	1	100	6.96	0.0489	0.7	-0.22	2.74	1.00	0.00	0.16	111115
163	"08:05:51"	20180720	201	0	3.41	0.0314	206	0.467	1.48	21.34	6	1.42	1	2.84	26.82	21.34	30.11	399.97	389.18	9.320	10.708	26.33	30.25	199.8	1699	1	100	6.96	0.0489	0.7	-0.22	2.74	1.00	0.00	0.16	111115
164	"08:05:51"	20180720	201	0	3.41	0.0313	206	0.467	1.48	21.35	6	1.42	1	2.84	26.83	21.35	30.11	400.00	389.21	9.321	10.709	26.32	30.23	199.8	1699	1	100	6.96	0.0489	0.7	-0.22	2.74	1.00	0.00	0.16	111115
165	"08:05:52"	20180720	201	0	3.41	0.0313	206	0.467	1.48	21.35	6	1.42	1	2.84	26.83	21.35	30.11	400.00	389.21	9.321	10.709	26.32	30.23	199.8	1699	1	100	6.96	0.0489	0.7	-0.22	2.74	1.00	0.00	0.16	111115
166	"08:05:52"	20180720	201	0	3.4	0.0314	207	0.468	1.48	21.37	6	1.42	1	2.84	26.84	21.37	30.11	399.96	389.22	9.320	10.710	26.30	30.22	199.8	1699	1	100	6.96	0.0489	0.7	-0.22	2.74	1.00	0.00	0.16	111115
167	"08:05:53"	20180720	201	0	3.39	0.0313	207	0.469	1.49	21.41	6	1.42	1	2.84	26.85	21.41	30.11	399.92	389.20	9.321	10.715	26.27	30.20	199.8	1698	1	100	6.96	0.0489	0.7	-0.22	2.74	1.00	0.00	0.16	111115
168	"08:05:53"	20180720	201	0	3.39	0.0313	207	0.469	1.49	21.41	6	1.42	1	2.84	26.85	21.41	30.11	399.92	389.20	9.321	10.715	26.27	30.20	199.8	1698	1	100	6.96	0.0489	0.7	-0.22	2.74	1.00	0.00	0.16	111115
169	"08:05:53"	20180720	201	0	3.37	0.0313	208	0.47	1.49	21.42	6	1.42	1	2.84	26.86	21.42	30.11	399.90	389.21	9.321	10.717	26.26	30.19	199.8	1698	1	100	6.96	0.0489	0.7	-0.22	2.74	1.00	0.00	0.16	111115
170	"08:05:54"	20180720	201	0	3.37	0.0313	208	0.47	1.49	21.44	6	1.42	1	2.84	26.87	21.44	30.11	399.90	389.23	9.322	10.720	26.25	30.18	199.8	1698	1	100	6.96	0.0489	0.7	-0.22	2.74	1.00	0.00	0.16	111115
171	"08:05:54"	20180720	201	0	3.37	0.0313	208	0.471	1.49	21.45	6	1.42	1	2.84	26.88	21.45	30.11	399.89	389.22	9.324	10.723	26.24	30.18	199.8	1698	1	100	6.96	0.0489	0.7	-0.22	2.74	1.00	0.00	0.16	111115
172	"08:05:54"	20180720	201	0	3.37	0.0313	208	0.471	1.49	21.45	6	1.42	1	2.84	26.88	21.45	30.11	399.89	389.22	9.324	10.723	26.24	30.18	199.8	1698	1	100	6.96	0.0489	0.7	-0.22	2.74	1.00	0.00	0.16	111115
"08:06:03 Coolers: Tblock -> 35.00 C"
173	"08:07:29"	20180720	201	0	3.27	0.032	215	0.618	1.91	24.19	6	1.42	1	2.84	31.36	24.19	35.12	399.79	389.24	9.355	11.189	20.31	24.30	199.8	1699	1	100	6.96	0.0489	1.0	-0.22	2.74	1.00	0.00	0.16	111115
174	"08:07:29"	20180720	201	0	3.27	0.032	215	0.618	1.91	24.19	6	1.42	1	2.84	31.36	24.19	35.12	399.79	389.24	9.355	11.189	20.31	24.30	199.8	1699	1	100	6.96	0.0489	1.0	-0.22	2.74	1.00	0.00	0.16	111115
175	"08:07:30"	20180720	201	0	3.25	0.032	216	0.618	1.91	24.20	6	1.42	1	2.84	31.37	24.20	35.12	399.79	389.30	9.355	11.190	20.31	24.29	199.8	1699	1	100	6.96	0.0489	1.0	-0.22	2.74	1.00	0.00	0.16	111115
176	"08:07:30"	20180720	201	0	3.27	0.0321	215	0.619	1.91	24.20	6	1.42	1	2.84	31.38	24.20	35.12	399.82	389.27	9.355	11.194	20.30	24.29	199.8	1699	1	100	6.96	0.0489	1.0	-0.22	2.74	1.00	0.00	0.16	111115
177	"08:07:31"	20180720	201	0	3.27	0.0321	215	0.62	1.91	24.21	6	1.42	1	2.84	31.38	24.21	35.12	399.80	389.27	9.355	11.196	20.29	24.28	199.8	1699	1	100	6.96	0.0489	1.0	-0.22	2.74	1.00	0.00	0.16	111115
178	"08:07:31"	20180720	201	0	3.27	0.032	215	0.62	1.92	24.22	6	1.42	1	2.84	31.39	24.22	35.12	399.82	389.29	9.356	11.196	20.28	24.27	199.8	1700	1	100	6.96	0.0489	1.0	-0.22	2.74	1.00	0.00	0.16	111115
179	"08:07:32"	20180720	201	0	3.27	0.032	215	0.62	1.92	24.24	6	1.42	1	2.84	31.40	24.24	35.12	399.83	389.29	9.355	11.197	20.28	24.27	199.8	1700	1	100	6.96	0.0489	1.0	-0.22	2.74	1.00	0.00	0.16	111115
180	"08:07:32"	20180720	201	0	3.29	0.032	214	0.621	1.92	24.25	6	1.42	1	2.84	31.40	24.25	35.12	399.86	389.26	9.355	11.199	20.27	24.26	199.8	1700	1	100	6.96	0.0489	1.0	-0.22	2.74	1.00	0.00	0.16	111115
181	"08:07:33"	20180720	201	0	3.31	0.032	213	0.621	1.92	24.25	6	1.42	1	2.84	31.41	24.25	35.12	399.91	389.25	9.356	11.201	20.26	24.26	199.8	1700	1	100	6.96	0.0489	1.0	-0.22	2.74	1.00	0.00	0.16	111115
182	"08:07:33"	20180720	201	0	3.31	0.0321	213	0.622	1.92	24.25	6	1.42	1	2.84	31.42	24.25	35.12	399.91	389.24	9.355	11.202	20.25	24.25	199.8	1699	1	100	6.96	0.0489	1.0	-0.22	2.74	1.00	0.00	0.16	111115
183	"08:07:34"	20180720	201	0	3.34	0.0321	212	0.623	1.92	24.26	6	1.42	1	2.84	31.42	24.26	35.12	399.95	389.19	9.356	11.205	20.25	24.25	199.8	1699	1	100	6.96	0.0489	1.0	-0.22	2.74	1.00	0.00	0.16	111115
184	"08:07:35"	20180720	201	0	3.34	0.0321	211	0.623	1.92	24.27	6	1.42	1	2.84	31.43	24.27	35.12	399.96	389.20	9.357	11.205	20.24	24.24	199.8	1699	1	100	6.96	0.0489	1.0	-0.22	2.74	1.00	0.00	0.16	111115
185	"08:07:35"	20180720	201	0	3.35	0.0321	211	0.623	1.93	24.28	6	1.42	1	2.84	31.44	24.28	35.12	399.98	389.20	9.357	11.207	20.24	24.24	199.8	1699	1	100	6.96	0.0489	1.0	-0.22	2.74	1.00	0.00	0.16	111115
186	"08:07:36"	20180720	201	0	3.36	0.0321	211	0.624	1.93	24.29	6	1.42	1	2.84	31.44	24.29	35.12	400.01	389.19	9.356	11.208	20.23	24.23	199.8	1699	1	100	6.96	0.0489	1.0	-0.22	2.74	1.00	0.00	0.16	111115
187	"08:07:36"	20180720	201	0	3.34	0.032	211	0.624	1.93	24.32	6	1.42	1	2.84	31.45	24.32	35.12	399.95	389.19	9.357	11.210	20.22	24.22	199.8	1699	1	100	6.96	0.0489	1.0	-0.22	2.74	1.00	0.00	0.16	111115
188	"08:07:37"	20180720	201	0	3.3	0.032	213	0.625	1.93	24.33	6	1.42	1	2.84	31.46	24.33	35.12	399.88	389.23	9.356	11.212	20.21	24.21	199.8	1699	1	100	6.96	0.0489	1.0	-0.22	2.74	1.00	0.00	0.16	111115
189	"08:07:37"	20180720	201	0	3.3	0.032	213	0.626	1.94	24.34	6	1.42	1	2.84	31.47	24.34	35.12	399.86	389.24	9.357	11.214	20.20	24.21	199.8	1699	1	100	6.96	0.0489	1.0	-0.22	2.74	1.00	0.00	0.16	111115
190	"08:07:38"	20180720	201	0	3.28	0.032	214	0.626	1.94	24.35	6	1.42	1	2.84	31.48	24.35	35.12	399.84	389.26	9.357	11.214	20.19	24.20	199.8	1699	1	100	6.96	0.0489	1.0	-0.22	2.74	1.00	0.00	0.16	111115
191	"08:07:38"	20180720	201	0	3.28	0.032	214	0.626	1.94	24.36	6	1.42	1	2.84	31.48	24.36	35.12	399.83	389.26	9.357	11.215	20.18	24.19	199.8	1699	2	100	6.96	0.0489	1.0	-0.22	2.74	1.00	0.00	0.16	111115
192	"08:07:39"	20180720	201	0	3.28	0.0319	214	0.625	1.94	24.37	6	1.42	1	2.84	31.49	24.37	35.12	399.84	389.26	9.357	11.213	20.18	24.18	199.8	1699	2	100	6.96	0.0489	1.0	-0.22	2.74	1.00	0.00	0.16	111115
193	"08:07:39"	20180720	201	0	3.27	0.0319	214	0.625	1.94	24.38	6	1.42	1	2.84	31.50	24.38	35.12	399.81	389.27	9.359	11.214	20.17	24.17	199.8	1699	2	100	6.96	0.0489	1.0	-0.22	2.74	1.00	0.00	0.16	111115
194	"08:07:40"	20180720	201	0	3.27	0.0318	214	0.625	1.94	24.39	6	1.42	1	2.84	31.50	24.39	35.12	399.81	389.27	9.359	11.215	20.17	24.17	199.8	1699	2	100	6.96	0.0489	1.0	-0.22	2.74	1.00	0.00	0.16	111115
195	"08:07:41"	20180720	201	0	3.27	0.0318	214	0.626	1.95	24.40	6	1.42	1	2.84	31.51	24.40	35.12	399.83	389.29	9.359	11.216	20.16	24.16	199.8	1699	2	100	6.96	0.0489	1.0	-0.22	2.74	1.00	0.00	0.16	111115
196	"08:07:41"	20180720	201	0	3.31	0.0317	211	0.625	1.95	24.42	6	1.42	1	2.84	31.52	24.42	35.12	399.89	389.23	9.359	11.215	20.15	24.14	199.8	1699	2	100	6.96	0.0489	1.0	-0.22	2.74	1.00	0.00	0.16	111115
197	"08:07:42"	20180720	201	0	3.32	0.0317	211	0.625	1.95	24.43	6	1.42	1	2.84	31.53	24.43	35.12	399.89	389.20	9.359	11.216	20.14	24.13	199.8	1699	2	100	6.96	0.0489	1.0	-0.22	2.74	1.00	0.00	0.16	111115
198	"08:07:42"	20180720	201	0	3.31	0.0317	211	0.625	1.95	24.45	6	1.42	1	2.84	31.53	24.45	35.12	399.91	389.24	9.360	11.217	20.13	24.13	199.8	1699	2	100	6.96	0.0489	1.0	-0.22	2.74	1.00	0.00	0.16	111115
"08:07:50 Coolers: Tblock -> 40.00 C"
199	"08:09:47"	20180720	201	0	3.22	0.0309	209	0.773	2.47	27.28	6	1.42	1	2.84	35.94	27.28	40.13	400.13	389.54	9.403	11.697	15.81	19.66	199.8	1699	2	100	6.96	0.0489	1.0	-0.22	2.74	1.00	0.00	0.16	111115
200	"08:09:47"	20180720	201	0	3.22	0.0309	209	0.773	2.47	27.28	6	1.42	1	2.84	35.94	27.28	40.13	400.13	389.54	9.403	11.697	15.81	19.66	199.8	1699	2	100	6.96	0.0489	1.0	-0.22	2.74	1.00	0.00	0.16	111115
201	"08:09:48"	20180720	201	0	3.24	0.0308	208	0.772	2.47	27.30	6	1.42	1	2.84	35.95	27.30	40.14	400.13	389.50	9.403	11.695	15.80	19.65	199.8	1699	2	100	6.96	0.0489	1.0	-0.22	2.74	1.00	0.00	0.16	111115
202	"08:09:48"	20180720	201	0	3.23	0.0308	208	0.773	2.48	27.32	6	1.42	1	2.84	35.96	27.32	40.14	400.13	389.53	9.404	11.698	15.79	19.64	199.8	1699	2	100	6.96	0.0489	1.0	-0.22	2.74	1.00	0.00	0.16	111115
203	"08:09:49"	20180720	201	0	3.24	0.0308	208	0.774	2.48	27.34	6	1.42	1	2.84	35.97	27.34	40.14	400.14	389.51	9.404	11.701	15.78	19.63	199.8	1699	2	100	6.96	0.0489	1.0	-0.22	2.74	1.00	0.00	0.16	111115
204	"08:09:49"	20180720	201	0	3.23	0.0308	208	0.774	2.48	27.35	6	1.42	1	2.84	35.98	27.35	40.15	400.13	389.52	9.405	11.703	15.77	19.63	199.8	1699	2	100	6.96	0.0489	1.0	-0.22	2.74	1.00	0.00	0.16	111115
205	"08:09:50"	20180720	201	0	3.23	0.0307	208	0.775	2.49	27.38	6	1.42	1	2.84	35.99	27.38	40.15	400.14	389.54	9.404	11.703	15.76	19.62	199.8	1699	2	100	6.96	0.0489	1.0	-0.22	2.74	1.00	0.00	0.16	111115
206	"08:09:50"	20180720	201	0	3.22	0.0307	208	0.775	2.49	27.40	6	1.42	1	2.84	36.00	27.40	40.15	400.13	389.56	9.404	11.705	15.76	19.61	199.8	1699	2	100	6.96	0.0489	1.0	-0.22	2.74	1.00	0.00	0.16	111115
207	"08:09:51"	20180720	201	0	3.21	0.0306	208	0.775	2.5	27.42	6	1.42	1	2.84	36.01	27.42	40.15	400.11	389.55	9.405	11.705	15.75	19.60	199.8	1699	2	100	6.96	0.0489	1.0	-0.22	2.74	1.00	0.00	0.16	111115
208	"08:09:51"	20180720	201	0	3.21	0.0306	208	0.775	2.5	27.43	6	1.42	1	2.84	36.02	27.43	40.15	400.09	389.55	9.405	11.705	15.74	19.59	199.8	1699	2	100	6.96	0.0489	1.0	-0.22	2.74	1.00	0.00	0.16	111115
209	"08:09:52"	20180720	201	0	3.2	0.0305	208	0.775	2.5	27.45	6	1.42	1	2.84	36.03	27.45	40.15	400.08	389.57	9.405	11.706	15.74	19.59	199.8	1699	2	100	6.96	0.0489	1.0	-0.22	2.74	1.00	0.00	0.16	111115
210	"08:09:52"	20180720	201	0	3.2	0.0305	208	0.776	2.51	27.46	6	1.42	1	2.84	36.04	27.46	40.14	400.09	389.58	9.406	11.708	15.73	19.58	199.8	1699	2	100	6.96	0.0489	1.0	-0.22	2.74	1.00	0.00	0.16	111115
211	"08:09:53"	20180720	201	0	3.19	0.0305	209	0.777	2.51	27.47	6	1.42	1	2.84	36.04	27.47	40.14	400.08	389.60	9.405	11.711	15.72	19.58	199.8	1699	2	100	6.96	0.0489	1.0	-0.22	2.74	1.00	0.00	0.16	111115
212	"08:09:53"	20180720	201	0	3.17	0.0305	209	0.777	2.51	27.49	6	1.42	1	2.84	36.05	27.49	40.14	400.07	389.63	9.405	11.711	15.71	19.57	199.8	1699	2	100	6.96	0.0489	1.0	-0.22	2.74	1.00	0.00	0.16	111115
213	"08:09:54"	20180720	201	0	3.18	0.0305	209	0.778	2.51	27.50	6	1.42	1	2.84	36.06	27.50	40.14	400.10	389.64	9.405	11.714	15.71	19.57	199.8	1699	2	100	6.96	0.0489	1.0	-0.22	2.74	1.00	0.00	0.16	111115
214	"08:09:54"	20180720	201	0	3.18	0.0305	209	0.778	2.51	27.50	6	1.42	1	2.84	36.07	27.50	40.13	400.12	389.65	9.406	11.714	15.70	19.56	199.8	1699	2	100	6.96	0.0489	1.0	-0.22	2.74	1.00	0.00	0.16	111115
215	"08:09:55"	20180720	201	0	3.19	0.0305	209	0.778	2.52	27.51	6	1.42	1	2.84	36.08	27.51	40.13	400.15	389.66	9.405	11.716	15.70	19.55	199.8	1699	2	100	6.96	0.0489	1.0	-0.22	2.74	1.00	0.00	0.16	111115
216	"08:09:55"	20180720	201	0	3.19	0.0305	208	0.779	2.52	27.53	6	1.42	1	2.84	36.08	27.53	40.13	400.19	389.69	9.405	11.716	15.69	19.55	199.8	1699	2	100	6.96	0.0489	1.0	-0.22	2.74	1.00	0.00	0.16	111115
217	"08:09:56"	20180720	201	0	3.2	0.0305	208	0.779	2.52	27.54	6	1.42	1	2.84	36.09	27.54	40.13	400.19	389.67	9.405	11.717	15.69	19.54	199.8	1699	2	100	6.96	0.0489	1.0	-0.22	2.74	1.00	0.00	0.16	111115
218	"08:09:56"	20180720	201	0	3.19	0.0304	208	0.779	2.52	27.55	6	1.42	1	2.84	36.09	27.55	40.12	400.19	389.69	9.405	11.718	15.68	19.54	199.8	1699	2	100	6.96	0.0489	1.0	-0.22	2.74	1.00	0.00	0.16	111115
219	"08:09:57"	20180720	201	0	3.2	0.0304	207	0.779	2.53	27.56	6	1.42	1	2.84	36.11	27.56	40.12	400.21	389.68	9.406	11.718	15.67	19.52	199.8	1699	2	100	6.96	0.0489	1.0	-0.22	2.74	1.00	0.00	0.16	111115
220	"08:09:58"	20180720	201	0	3.19	0.0304	208	0.779	2.53	27.56	6	1.42	1	2.84	36.11	27.56	40.12	400.18	389.68	9.407	11.718	15.67	19.52	199.8	1699	2	100	6.96	0.0489	1.0	-0.22	2.74	1.00	0.00	0.16	111115
221	"08:09:59"	20180720	201	0	3.19	0.0304	208	0.78	2.53	27.57	6	1.42	1	2.84	36.12	27.57	40.11	400.16	389.67	9.407	11.721	15.66	19.51	199.8	1699	2	100	6.96	0.0489	1.0	-0.22	2.74	1.00	0.00	0.16	111115
222	"08:09:59"	20180720	201	0	3.19	0.0304	208	0.78	2.53	27.57	6	1.42	1	2.84	36.13	27.57	40.11	400.14	389.65	9.406	11.721	15.65	19.51	199.8	1699	2	100	6.96	0.0489	1.0	-0.22	2.74	1.00	0.00	0.16	111115
223	"08:10:00"	20180720	201	0	3.19	0.0304	208	0.78	2.53	27.57	6	1.42	1	2.84	36.13	27.57	40.11	400.14	389.65	9.407	11.722	15.65	19.50	199.8	1699	2	100	6.96	0.0489	1.0	-0.22	2.74	1.00	0.00	0.16	111115
224	"08:10:00"	20180720	201	0	3.19	0.0305	208	0.781	2.53	27.58	6	1.42	1	2.84	36.14	27.58	40.11	400.13	389.64	9.407	11.725	15.65	19.50	199.8	1699	2	100	6.96	0.0489	1.0	-0.22	2.74	1.00	0.00	0.16	111115
225	"08:10:01"	20180720	201	0	3.17	0.0304	209	0.781	2.53	27.59	6	1.42	1	2.84	36.14	27.59	40.11	400.10	389.66	9.407	11.725	15.64	19.50	199.8	1699	2	100	6.96	0.0489	1.0	-0.22	2.74	1.00	0.00	0.16	111115
"08:10:08 Coolers: Tblock -> 45.00 C"
226	"08:21:48"	20180720	201	0	2.98	0.0254	186	0.845	3.26	30.77	6	1.42	1	2.84	40.66	30.77	45.24	400.08	390.13	9.405	11.913	12.25	15.52	199.8	1699	3	100	6.96	0.0489	1.0	-0.22	2.74	1.00	0.00	0.16	111115
227	"08:21:48"	20180720	201	0	2.98	0.0254	186	0.846	3.26	30.78	6	1.42	1	2.84	40.67	30.78	45.23	400.09	390.14	9.404	11.915	12.24	15.51	199.8	1699	3	100	6.96	0.0489	1.0	-0.22	2.74	1.00	0.00	0.16	111115
228	"08:21:49"	20180720	201	0	2.98	0.0254	186	0.846	3.26	30.78	6	1.42	1	2.84	40.67	30.78	45.23	400.09	390.14	9.404	11.915	12.24	15.51	199.8	1699	3	100	6.96	0.0489	1.0	-0.22	2.74	1.00	0.00	0.16	111115
229	"08:21:49"	20180720	201	0	2.98	0.0254	186	0.847	3.27	30.80	6	1.42	1	2.84	40.68	30.80	45.23	400.07	390.13	9.404	11.918	12.23	15.51	199.8	1699	3	100	6.96	0.0489	1.0	-0.22	2.74	1.00	0.00	0.16	111115
230	"08:21:50"	20180720	201	0	2.99	0.0254	185	0.847	3.27	30.80	6	1.42	1	2.84	40.70	30.80	45.22	400.07	390.09	9.404	11.919	12.23	15.50	199.8	1699	3	100	6.96	0.0489	1.0	-0.22	2.74	1.00	0.00	0.16	111115
231	"08:21:50"	20180720	201	0	2.99	0.0254	185	0.847	3.27	30.81	6	1.42	1	2.84	40.71	30.81	45.21	400.07	390.11	9.404	11.919	12.22	15.49	199.8	1699	3	100	6.96	0.0489	1.0	-0.22	2.74	1.00	0.00	0.16	111115
232	"08:21:51"	20180720	201	0	2.98	0.0254	185	0.848	3.27	30.82	6	1.42	1	2.84	40.72	30.82	45.20	400.08	390.12	9.405	11.922	12.21	15.48	199.8	1699	3	100	6.96	0.0489	1.0	-0.22	2.74	1.00	0.00	0.16	111115
233	"08:21:51"	20180720	201	0	2.97	0.0254	186	0.849	3.28	30.85	6	1.42	1	2.84	40.73	30.85	45.18	400.10	390.20	9.405	11.925	12.21	15.48	199.8	1699	3	100	6.96	0.0489	1.0	-0.22	2.74	1.00	0.00	0.16	111115
234	"08:21:52"	20180720	201	0	2.96	0.0254	187	0.85	3.29	30.88	6	1.42	1	2.84	40.74	30.88	45.17	400.10	390.22	9.405	11.927	12.20	15.47	199.8	1699	2	100	6.96	0.0489	1.0	-0.22	2.74	1.00	0.00	0.16	111115
235	"08:21:52"	20180720	201	0	2.94	0.0253	187	0.85	3.29	30.89	6	1.42	1	2.84	40.75	30.89	45.15	400.09	390.25	9.406	11.928	12.19	15.47	199.8	1699	3	100	6.96	0.0489	1.0	-0.22	2.74	1.00	0.00	0.16	111115
236	"08:21:53"	20180720	201	0	2.94	0.0253	188	0.85	3.29	30.89	6	1.42	1	2.84	40.76	30.89	45.14	400.08	390.26	9.406	11.929	12.19	15.46	199.8	1699	3	100	6.96	0.0489	1.0	-0.22	2.74	1.00	0.00	0.16	111115
237	"08:21:53"	20180720	201	0	2.94	0.0253	188	0.85	3.29	30.90	6	1.42	1	2.84	40.77	30.90	45.12	400.09	390.27	9.406	11.929	12.18	15.45	199.8	1699	3	100	6.96	0.0489	1.0	-0.22	2.74	1.00	0.00	0.16	111115
238	"08:21:54"	20180720	201	0	2.92	0.0253	189	0.851	3.29	30.91	6	1.42	1	2.84	40.77	30.91	45.11	400.08	390.32	9.407	11.931	12.18	15.45	199.7	1699	3	100	6.96	0.0489	1.0	-0.22	2.74	1.00	0.00	0.16	111115
239	"08:21:54"	20180720	201	0	2.91	0.0253	189	0.852	3.3	30.93	6	1.42	1	2.84	40.78	30.93	45.09	400.07	390.32	9.407	11.935	12.18	15.45	199.7	1699	3	100	6.96	0.0489	1.0	-0.22	2.74	1.00	0.00	0.16	111115
240	"08:21:55"	20180720	201	0	2.92	0.0253	189	0.852	3.3	30.93	6	1.42	1	2.84	40.79	30.93	45.07	400.07	390.30	9.407	11.937	12.17	15.45	199.8	1699	3	100	6.96	0.0489	1.0	-0.22	2.74	1.00	0.00	0.16	111115
241	"08:21:55"	20180720	201	0	2.94	0.0254	188	0.852	3.3	30.92	6	1.42	1	2.84	40.79	30.92	45.06	400.10	390.28	9.407	11.936	12.17	15.44	199.8	1700	3	100	6.96	0.0489	1.0	-0.22	2.74	1.00	0.00	0.16	111115
242	"08:21:56"	20180720	201	0	2.93	0.0254	188	0.853	3.3	30.93	6	1.42	1	2.84	40.80	30.93	45.03	400.10	390.30	9.407	11.939	12.16	15.44	199.8	1700	3	100	6.96	0.0489	1.0	-0.22	2.74	1.00	0.00	0.16	111115
243	"08:21:57"	20180720	201	0	2.95	0.0253	187	0.853	3.3	30.95	6	1.42	1	2.84	40.80	30.95	45.02	400.13	390.28	9.408	11.940	12.16	15.44	199.8	1700	3	100	6.96	0.0489	1.0	-0.22	2.74	1.00	0.00	0.16	111115
244	"08:21:57"	20180720	201	0	2.95	0.0253	187	0.854	3.31	30.96	6	1.42	1	2.84	40.80	30.96	45.00	400.15	390.29	9.408	11.941	12.16	15.44	199.8	1700	3	100	6.96	0.0489	1.0	-0.22	2.74	1.00	0.00	0.16	111115
245	"08:21:58"	20180720	201	0	2.96	0.0253	186	0.854	3.31	30.97	6	1.42	1	2.84	40.81	30.97	44.99	400.15	390.26	9.407	11.941	12.16	15.43	199.8	1700	3	100	6.96	0.0489	1.0	-0.22	2.74	1.00	0.00	0.16	111115
246	"08:21:58"	20180720	201	0	2.97	0.0253	185	0.853	3.31	30.97	6	1.42	1	2.84	40.81	30.97	44.98	400.17	390.25	9.407	11.939	12.16	15.43	199.8	1700	3	100	6.96	0.0489	1.0	-0.22	2.74	1.00	0.00	0.16	111115
247	"08:21:59"	20180720	201	0	2.97	0.0253	185	0.853	3.31	30.96	6	1.42	1	2.84	40.81	30.96	44.97	400.18	390.26	9.408	11.938	12.16	15.43	199.8	1700	3	100	6.96	0.0489	1.0	-0.22	2.74	1.00	0.00	0.16	111115
248	"08:21:59"	20180720	201	0	2.95	0.0253	186	0.854	3.31	30.97	6	1.42	1	2.84	40.82	30.97	44.96	400.14	390.26	9.408	11.942	12.15	15.43	199.8	1700	3	100	6.96	0.0489	1.0	-0.22	2.74	1.00	0.00	0.16	111115
249	"08:22:00"	20180720	201	0	2.94	0.0253	188	0.854	3.31	30.96	6	1.42	1	2.84	40.82	30.96	44.96	400.12	390.29	9.407	11.943	12.15	15.43	199.8	1700	3	100	6.96	0.0489	1.0	-0.22	2.74	1.00	0.00	0.16	111115
250	"08:22:00"	20180720	201	0	2.96	0.0254	186	0.854	3.3	30.95	6	1.42	1	2.84	40.82	30.95	44.95	400.16	390.25	9.408	11.942	12.15	15.43	199.8	1700	2	100	6.96	0.0489	1.0	-0.22	2.74	1.00	0.00	0.16	111115
251	"08:22:01"	20180720	201	0	2.96	0.0254	186	0.855	3.3	30.94	6	1.42	1	2.84	40.82	30.94	44.95	400.16	390.25	9.407	11.945	12.15	15.43	199.8	1700	2	100	6.96	0.0489	1.0	-0.22	2.74	1.00	0.00	0.16	111115
252	"08:22:01"	20180720	201	0	2.96	0.0254	187	0.856	3.3	30.94	6	1.42	1	2.84	40.82	30.94	44.94	400.14	390.24	9.407	11.946	12.15	15.43	199.8	1700	2	100	6.96	0.0489	1.0	-0.22	2.74	1.00	0.00	0.16	111115
253	"08:22:02"	20180720	201	0	2.96	0.0254	186	0.855	3.3	30.94	6	1.42	1	2.84	40.83	30.94	44.94	400.12	390.22	9.407	11.945	12.15	15.42	199.8	1700	2	100	6.96	0.0489	1.0	-0.22	2.74	1.00	0.00	0.16	111115
254	"08:22:03"	20180720	201	0	2.94	0.0254	188	0.857	3.31	30.96	6	1.42	1	2.84	40.83	30.96	44.95	400.09	390.24	9.406	11.949	12.14	15.42	199.7	1700	2	100	6.96	0.0489	1.0	-0.22	2.74	1.00	0.00	0.16	111115
"08:22:09 Coolers: Tblock -> 50.00 C"
"08:31:03 Coolers: Tblock -> 49.75 C"
255	"08:31:11"	20180720	201	0	2.84	0.0251	189	1.04	4.05	33.86	6	1.42	1	2.84	45.41	33.86	49.77	399.92	390.18	9.432	12.517	9.59	12.72	199.7	1699	2	100	6.96	0.0489	1.0	-0.22	2.74	1.00	0.00	0.16	111115
256	"08:31:11"	20180720	201	0	2.84	0.0251	189	1.04	4.05	33.86	6	1.42	1	2.84	45.41	33.86	49.77	399.92	390.18	9.432	12.517	9.59	12.72	199.7	1699	2	100	6.96	0.0489	1.0	-0.22	2.74	1.00	0.00	0.16	111115
257	"08:31:12"	20180720	201	0	2.84	0.0251	188	1.04	4.05	33.87	6	1.42	1	2.84	45.41	33.87	49.77	399.93	390.17	9.432	12.519	9.58	12.72	199.7	1699	2	100	6.96	0.0489	1.0	-0.22	2.74	1.00	0.00	0.16	111115
258	"08:31:12"	20180720	201	0	2.84	0.0251	188	1.04	4.05	33.88	6	1.42	1	2.84	45.42	33.88	49.77	399.94	390.19	9.432	12.520	9.58	12.72	199.7	1699	2	100	6.96	0.0489	1.0	-0.22	2.74	1.00	0.00	0.16	111115
259	"08:31:13"	20180720	201	0	2.83	0.0251	189	1.04	4.05	33.87	6	1.42	1	2.84	45.42	33.87	49.77	399.92	390.20	9.432	12.521	9.58	12.72	199.7	1699	2	100	6.96	0.0489	1.0	-0.22	2.74	1.00	0.00	0.16	111115
260	"08:31:13"	20180720	201	0	2.81	0.0251	190	1.04	4.05	33.88	6	1.42	1	2.84	45.43	33.88	49.77	399.87	390.21	9.432	12.521	9.58	12.71	199.7	1699	2	100	6.96	0.0489	1.0	-0.22	2.74	1.00	0.00	0.16	111115
261	"08:31:14"	20180720	201	0	2.79	0.0251	192	1.04	4.05	33.88	6	1.42	1	2.84	45.43	33.88	49.77	399.84	390.25	9.432	12.521	9.58	12.71	199.7	1699	2	100	6.96	0.0489	1.0	-0.22	2.74	1.00	0.00	0.16	111115
262	"08:31:14"	20180720	201	0	2.79	0.0251	192	1.04	4.05	33.88	6	1.42	1	2.84	45.43	33.88	49.77	399.85	390.26	9.433	12.525	9.57	12.71	199.7	1699	2	100	6.96	0.0489	1.0	-0.22	2.74	1.00	0.00	0.16	111115
263	"08:31:15"	20180720	201	0	2.79	0.0251	192	1.04	4.05	33.87	6	1.42	1	2.84	45.44	33.87	49.77	399.86	390.26	9.433	12.528	9.57	12.71	199.7	1699	2	100	6.96	0.0489	1.0	-0.22	2.74	1.00	0.00	0.16	111115
264	"08:31:15"	20180720	201	0	2.78	0.0252	193	1.04	4.05	33.87	6	1.42	1	2.84	45.44	33.87	49.77	399.86	390.29	9.434	12.530	9.57	12.71	199.7	1699	2	100	6.96	0.0489	1.0	-0.22	2.74	1.00	0.00	0.16	111115
265	"08:31:16"	20180720	201	0	2.78	0.0252	192	1.04	4.05	33.87	6	1.42	1	2.84	45.45	33.87	49.77	399.87	390.29	9.434	12.531	9.57	12.71	199.7	1699	2	100	6.96	0.0489	1.0	-0.22	2.74	1.00	0.00	0.16	111115
266	"08:31:16"	20180720	201	0	2.79	0.0252	192	1.04	4.05	33.87	6	1.42	1	2.84	45.45	33.87	49.77	399.90	390.29	9.435	12.531	9.57	12.71	199.7	1699	2	100	6.96	0.0489	1.0	-0.22	2.74	1.00	0.00	0.16	111115
267	"08:31:17"	20180720	201	0	2.81	0.0252	191	1.04	4.06	33.89	6	1.42	1	2.84	45.45	33.89	49.78	399.93	390.26	9.434	12.534	9.57	12.71	199.7	1699	2	100	6.96	0.0489	1.0	-0.22	2.74	1.00	0.00	0.16	111115
268	"08:31:17"	20180720	201	0	2.82	0.0252	190	1.05	4.06	33.89	6	1.42	1	2.84	45.46	33.89	49.78	399.98	390.28	9.434	12.535	9.56	12.71	199.7	1699	2	100	6.96	0.0489	1.0	-0.22	2.74	1.00	0.00	0.16	111115
269	"08:31:18"	20180720	201	0	2.85	0.0251	188	1.05	4.06	33.92	6	1.42	1	2.84	45.46	33.92	49.78	400.03	390.25	9.435	12.536	9.56	12.71	199.7	1699	2	100	6.96	0.0489	1.0	-0.22	2.74	1.00	0.00	0.16	111115
270	"08:31:18"	20180720	201	0	2.83	0.0251	189	1.05	4.07	33.94	6	1.42	1	2.84	45.47	33.94	49.78	399.99	390.25	9.435	12.537	9.56	12.70	199.7	1699	2	100	6.96	0.0489	1.0	-0.22	2.74	1.00	0.00	0.16	111115
271	"08:31:19"	20180720	201	0	2.83	0.025	189	1.05	4.08	33.96	6	1.42	1	2.84	45.47	33.96	49.78	399.96	390.24	9.435	12.537	9.56	12.70	199.7	1699	2	100	6.96	0.0489	1.0	-0.22	2.74	1.00	0.00	0.16	111115
272	"08:31:19"	20180720	201	0	2.83	0.025	188	1.05	4.08	33.98	6	1.42	1	2.84	45.47	33.98	49.78	399.97	390.23	9.434	12.537	9.56	12.70	199.7	1699	2	100	6.96	0.0489	1.0	-0.22	2.74	1.00	0.00	0.16	111115
273	"08:31:20"	20180720	201	0	2.84	0.025	188	1.05	4.09	33.99	6	1.42	1	2.84	45.48	33.99	49.77	399.96	390.21	9.435	12.540	9.56	12.70	199.7	1699	2	100	6.96	0.0489	1.0	-0.22	2.74	1.00	0.00	0.16	111115
274	"08:31:20"	20180720	201	0	2.83	0.025	188	1.05	4.09	34.01	6	1.42	1	2.84	45.48	34.01	49.77	399.92	390.18	9.434	12.544	9.55	12.70	199.7	1699	2	100	6.96	0.0489	1.0	-0.22	2.74	1.00	0.00	0.16	111115
