"OPEN 6.3.4"
"Sat Jul 21 2018 10:09:31"
<open><version>"6.3.4"</version></open>
<open><configfile>"/User/Configs/UserPrefs/LED2x3.xml"</configfile></open>
<open><light><source>"6400-02 or -02B LED Source"</source><par_in>1<sensor>"SI-2503"<cal>-0.86<actinity>1.00</actinity><transm>1.00</transm></cal></sensor><transm>1</transm></par_in><par_out>1<sensor>"Q40491"<cal>6.5</cal></sensor></par_out></light></open>
<open><comps><file>"/User/Configs/Comps/StdComps_6.1"<header>""</header><extras></extras></file><energybal>no<f_parIn>1</f_parIn><f_parOut>0</f_parOut><alphaK>0.16</alphaK></energybal><bc_total>2.840<stomatal_ratio>1</stomatal_ratio><bc_oneside>1.420<type>2</type><table>"/Sys/Lib/StdBLCTable"</table><area>6</area><slope>-0.219565</slope><offset>2.73739</offset><fan>5</fan></bc_oneside></bc_total></comps></open>
<open><prompts><onlog>off</onlog><items>"Default (none)"</items></prompts></open>
<open><constants><oxygen>21 %</oxygen><bb_vapor>1.5</bb_vapor><bb_oxy>0.9</bb_oxy></constants></open>
<open><stability><items>"Std Stability"<items[1]><id>-2</id><size>15</size><pcv><onoff>0</onoff><value>1</value></pcv><std><onoff>0</onoff><value>1</value></std><slp><onoff>1</onoff><value>1</value></slp></items[1]><items[2]><id>-5</id><size>15</size><pcv><onoff>0</onoff><value>1</value></pcv><std><onoff>0</onoff><value>1</value></std><slp><onoff>1</onoff><value>1</value></slp></items[2]><items[3]><id>-7</id><size>15</size><pcv><onoff>0</onoff><value>1</value></pcv><std><onoff>0</onoff><value>1</value></std><slp><onoff>1</onoff><value>1</value></slp></items[3]></items></stability></open>
<open><log><format>"StdLogFmt_6.0"<items>{ -35 -21 -70 -69 -76 30 23 36 21 25 221 -33 111 -34 11 -9 -10 -8 -1 -2 -4 -5 -14 -15 -7 -12 -13 -11 -65 -66 -72 -18 -19 -77 -78 -79 -23  }<hdr>{  }</hdr></items></format><options><beep>on</beep><match>"never"<time>30</time><co2>100</co2><delta>10</delta></match><hdr>normal</hdr><rem>normal</rem><stab>no</stab><stats>no<mean>no</mean><file>no</file><period>15</period></stats><excel>yes</excel><controls>yes</controls><comm>no</comm></options><datafile>"/User/0000-AAI1832-210718"</datafile><button><action>"Normal Log"<code>" LogOneObsManual "</code></action></button><autoprog>"/User/Configs/AutoProgs/AutoLog2"<active>no</active></autoprog></log></open>
<open><a2d><avgtime>4.0 secs</avgtime><userchans><ch20>"Off"</ch20><ch21>"Off"</ch21><ch22>"Off"</ch22><ch23>"Off"</ch23></userchans></a2d></open>
<open><matching><type>0</type><disp>'a'</disp><settings>><CO2Limit>10.0</CO2Limit><H2OLimit>1.0</H2OLimit><MaxAutoTime>60</MaxAutoTime><AverageTime>10</AverageTime></settings></matching></open>
<li6400><factory><unit>"PSC-2470"</unit><serviced>"5 Feb 2018"</serviced><fuseaware>0</fuseaware><co2mixer>yes</co2mixer><co2><coeffs>{ 0 0.214772 2.55802e-05 1.93228e-08 -3.02262e-12 2.75724e-16  }</coeffs><dvdt>-4</dvdt><xs>{ 9.11e-05 0.00178  }</xs></co2><h2o><coeffs>{ 0 0.00581526 2.16703e-06 7.69607e-12  }</coeffs><dvdt>-2.9</dvdt><xs>{ -0.000111 -0.00256  }</xs></h2o><flow>{ 0 0.3696  }</flow><press>{ 86.913 0.00551  }</press></factory></li6400>
<li6400><user><flow_zero>35.5</flow_zero><irga_zero><co2>113.5 152.5<at>27.1329</at></co2><h2o>-3.5 -3.5<at>28.1091</at></h2o></irga_zero><irga_span><co2>{ 0.990134 0.992694  }</co2><h2o>{ 0.996743 0.99801  }</h2o></irga_span><irga_match><co2>{ 0.110267 5.15457  }</co2><h2o>{ -0.0816591 0.0288572  }</h2o></irga_match><co2_mixer><pump_mv>4500</pump_mv><ppm>{ 2352.67 1117.67 439.284 266.3 121.188 70.6751 48.8233 48.8102  }</ppm><mv>{ 5000 3000 1500 1000 500 300 200 100  }</mv></co2_mixer><parin_offset>-0.211894</parin_offset><led_cal><unit>"SI-2503"</unit><mv>{ 10 25 50 100 1000 2000 3000 4000 5000  }</mv><qntm>{ 1.83047 9.20354 23.3042 57.5395 736.221 1467.2 2160.1 2821.48 3447.04  }</qntm></led_cal><lcf_cal><unit>"LCF-0981"</unit><red><mv>{ 50 100 200 400 800 1500  }</mv><qntm>{ 64.6036 145.758 312.409 661.73 1377.94 2641.23  }</qntm></red><blue><mv>{ 100 500 1000 2000 3000 4000 5000  }</mv><qntm>{ 11.107 44.4539 81.9578 145.168 203.372 256.093 300.56  }</qntm></blue></lcf_cal></user></li6400>
"10:10:03 "
$STARTOFDATA$
"Obs"	"HHMMSS"	"YYYYMMDD"	"DOY"	"EBal?"	"Photo"	"Cond"	"Ci"	"Trmmol"	"VpdL"	"CTleaf"	"Area"	"BLC_1"	"StmRat"	"BLCond"	"Tair"	"Tleaf"	"TBlk"	"CO2R"	"CO2S"	"H2OR"	"H2OS"	"RH_R"	"RH_S"	"Flow"	"PARi"	"PARo"	"Press"	"CsMch"	"HsMch"	"StableF"	"BLCslope"	"BLCoffst"	"f_parin"	"f_parout"	"alphaK"	"Status"
"10:21:32 Flow: Fixed -> 200 umol/s"
"10:21:37 Coolers: Tblock -> 0.00 C"
"10:37:29 Flow: Fixed -> 200 umol/s"
1	"10:37:37"	20180721	202	0	2.13	0.0394	301	0.283	0.73	6.90	6	1.42	1	2.84	2.14	6.90	0.08	398.97	392.25	1.820	2.667	25.63	37.56	199.8	1701	3	100.8	6.96	0.0669	0.7	-0.22	2.74	1.00	0.00	0.16	111115
2	"10:37:38"	20180721	202	0	2.12	0.0394	301	0.283	0.73	6.90	6	1.42	1	2.84	2.14	6.90	0.08	398.97	392.27	1.820	2.667	25.63	37.57	199.8	1701	3	100.8	6.96	0.0669	0.7	-0.22	2.74	1.00	0.00	0.16	111115
3	"10:37:38"	20180721	202	0	2.12	0.0394	301	0.283	0.73	6.90	6	1.42	1	2.84	2.14	6.90	0.08	398.97	392.27	1.820	2.667	25.63	37.57	199.8	1701	3	100.8	6.96	0.0669	0.7	-0.22	2.74	1.00	0.00	0.16	111115
4	"10:37:38"	20180721	202	0	2.13	0.0394	301	0.283	0.73	6.90	6	1.42	1	2.84	2.14	6.90	0.08	399.01	392.29	1.819	2.667	25.62	37.56	199.8	1700	3	100.8	6.96	0.0669	0.7	-0.22	2.74	1.00	0.00	0.16	111115
5	"10:37:39"	20180721	202	0	2.13	0.0394	301	0.283	0.73	6.90	6	1.42	1	2.84	2.14	6.90	0.08	399.01	392.29	1.819	2.667	25.62	37.56	199.8	1700	3	100.8	6.96	0.0669	0.7	-0.22	2.74	1.00	0.00	0.16	111115
6	"10:37:39"	20180721	202	0	2.13	0.0393	301	0.283	0.731	6.91	6	1.42	1	2.84	2.14	6.91	0.08	399.02	392.29	1.819	2.666	25.62	37.55	199.8	1701	3	100.8	6.96	0.0669	0.7	-0.22	2.74	1.00	0.00	0.16	111115
7	"10:37:40"	20180721	202	0	2.14	0.0394	300	0.283	0.73	6.90	6	1.42	1	2.84	2.14	6.90	0.08	399.06	392.30	1.819	2.666	25.61	37.55	199.8	1701	3	100.8	6.96	0.0669	0.7	-0.22	2.74	1.00	0.00	0.16	111115
8	"10:37:40"	20180721	202	0	2.15	0.0393	300	0.283	0.73	6.89	6	1.42	1	2.84	2.14	6.89	0.08	399.06	392.27	1.819	2.665	25.61	37.53	199.8	1701	3	100.8	6.96	0.0669	0.7	-0.22	2.74	1.00	0.00	0.16	111115
9	"10:37:41"	20180721	202	0	2.15	0.0393	300	0.282	0.73	6.89	6	1.42	1	2.84	2.14	6.89	0.08	399.07	392.29	1.818	2.664	25.60	37.51	199.8	1701	3	100.8	6.96	0.0669	0.7	-0.22	2.74	1.00	0.00	0.16	111115
10	"10:37:41"	20180721	202	0	2.16	0.0392	299	0.282	0.73	6.89	6	1.42	1	2.84	2.14	6.89	0.09	399.07	392.26	1.818	2.661	25.61	37.48	199.9	1701	3	100.8	6.96	0.0669	0.7	-0.22	2.74	1.00	0.00	0.16	111115
11	"10:37:42"	20180721	202	0	2.17	0.0391	298	0.281	0.73	6.89	6	1.42	1	2.84	2.14	6.89	0.09	399.09	392.24	1.818	2.660	25.60	37.46	199.9	1701	3	100.8	6.96	0.0669	0.7	-0.22	2.74	1.00	0.00	0.16	111115
12	"10:37:42"	20180721	202	0	2.18	0.0391	298	0.281	0.73	6.89	6	1.42	1	2.84	2.14	6.89	0.09	399.09	392.23	1.817	2.658	25.59	37.44	199.9	1701	3	100.8	6.96	0.0669	0.7	-0.22	2.74	1.00	0.00	0.16	111115
13	"10:37:43"	20180721	202	0	2.19	0.039	297	0.281	0.731	6.89	6	1.42	1	2.84	2.14	6.89	0.09	399.11	392.19	1.817	2.657	25.59	37.42	199.9	1701	3	100.8	6.96	0.0669	0.7	-0.22	2.74	1.00	0.00	0.16	111115
14	"10:37:43"	20180721	202	0	2.21	0.0389	297	0.28	0.731	6.90	6	1.42	1	2.84	2.14	6.90	0.09	399.14	392.19	1.817	2.656	25.59	37.41	199.9	1701	3	100.8	6.96	0.0669	0.7	-0.22	2.74	1.00	0.00	0.16	111115
15	"10:37:44"	20180721	202	0	2.23	0.0388	295	0.28	0.733	6.92	6	1.42	1	2.84	2.14	6.92	0.09	399.19	392.16	1.817	2.654	25.59	37.38	199.9	1701	3	100.8	6.96	0.0669	0.7	-0.22	2.74	1.00	0.00	0.16	111115
16	"10:37:44"	20180721	202	0	2.25	0.0387	294	0.279	0.733	6.93	6	1.42	1	2.84	2.14	6.93	0.09	399.26	392.19	1.817	2.654	25.60	37.38	199.9	1701	3	100.8	6.96	0.0669	0.7	-0.22	2.74	1.00	0.00	0.16	111115
17	"10:37:45"	20180721	202	0	2.27	0.0386	293	0.279	0.734	6.94	6	1.42	1	2.84	2.14	6.94	0.09	399.35	392.19	1.817	2.653	25.60	37.37	199.9	1701	3	100.8	6.96	0.0669	0.7	-0.22	2.74	1.00	0.00	0.16	111115
"10:38:12 Coolers: Tblock -> 5.00 C"
"10:45:09 Flow: Fixed -> 200 umol/s"
18	"10:45:20"	20180721	202	0	2.53	0.0263	233	0.219	0.838	9.69	6	1.42	1	2.84	6.29	9.69	5.03	399.91	392.05	3.005	3.659	31.64	38.52	199.8	1699	2	100.8	6.79	0.0513	0.7	-0.22	2.74	1.00	0.00	0.16	111115
19	"10:45:21"	20180721	202	0	2.53	0.0263	233	0.219	0.838	9.69	6	1.42	1	2.84	6.29	9.69	5.03	399.91	392.05	3.005	3.659	31.64	38.52	199.8	1699	2	100.8	6.79	0.0513	0.7	-0.22	2.74	1.00	0.00	0.16	111115
20	"10:45:21"	20180721	202	0	2.53	0.0263	233	0.219	0.838	9.69	6	1.42	1	2.84	6.29	9.69	5.03	399.91	392.05	3.005	3.659	31.64	38.52	199.8	1699	2	100.8	6.79	0.0513	0.7	-0.22	2.74	1.00	0.00	0.16	111115
21	"10:45:21"	20180721	202	0	2.53	0.0264	233	0.219	0.838	9.69	6	1.42	1	2.84	6.29	9.69	5.02	399.91	392.05	3.005	3.660	31.63	38.53	199.8	1699	2	100.8	6.79	0.0513	0.7	-0.22	2.74	1.00	0.00	0.16	111115
22	"10:45:22"	20180721	202	0	2.52	0.0264	234	0.219	0.839	9.70	6	1.42	1	2.84	6.29	9.70	5.01	399.89	392.07	3.005	3.661	31.64	38.55	199.8	1699	3	100.8	6.79	0.0513	0.7	-0.22	2.74	1.00	0.00	0.16	111115
23	"10:45:22"	20180721	202	0	2.5	0.0264	235	0.22	0.839	9.70	6	1.42	1	2.84	6.29	9.70	5.01	399.83	392.07	3.004	3.661	31.64	38.55	199.8	1699	3	100.8	6.79	0.0513	0.7	-0.22	2.74	1.00	0.00	0.16	111115
24	"10:45:23"	20180721	202	0	2.49	0.0265	236	0.22	0.839	9.70	6	1.42	1	2.84	6.28	9.70	5.00	399.81	392.06	3.004	3.662	31.64	38.56	199.8	1699	3	100.8	6.79	0.0513	0.7	-0.22	2.74	1.00	0.00	0.16	111115
25	"10:45:23"	20180721	202	0	2.51	0.0265	235	0.22	0.839	9.71	6	1.42	1	2.84	6.28	9.71	4.99	399.84	392.03	3.003	3.662	31.63	38.57	199.8	1699	3	100.8	6.79	0.0513	0.7	-0.22	2.74	1.00	0.00	0.16	111115
26	"10:45:24"	20180721	202	0	2.53	0.0264	233	0.22	0.84	9.71	6	1.42	1	2.84	6.28	9.71	4.99	399.86	392.00	3.004	3.661	31.65	38.56	199.8	1699	3	100.8	6.79	0.0513	0.7	-0.22	2.74	1.00	0.00	0.16	111115
27	"10:45:24"	20180721	202	0	2.53	0.0264	233	0.219	0.84	9.71	6	1.42	1	2.84	6.28	9.71	4.98	399.87	392.01	3.005	3.661	31.66	38.57	199.8	1699	3	100.8	6.79	0.0513	1.0	-0.22	2.74	1.00	0.00	0.16	111115
28	"10:45:25"	20180721	202	0	2.52	0.0264	234	0.219	0.839	9.71	6	1.42	1	2.84	6.28	9.71	4.97	399.83	392.00	3.006	3.662	31.67	38.58	199.8	1699	3	100.8	6.79	0.0513	1.0	-0.22	2.74	1.00	0.00	0.16	111115
29	"10:45:25"	20180721	202	0	2.53	0.0263	233	0.219	0.84	9.71	6	1.42	1	2.84	6.28	9.71	4.97	399.84	391.99	3.006	3.661	31.68	38.57	199.8	1699	3	100.8	6.79	0.0513	1.0	-0.22	2.74	1.00	0.00	0.16	111115
30	"10:45:26"	20180721	202	0	2.54	0.0263	232	0.219	0.84	9.71	6	1.42	1	2.84	6.27	9.71	4.96	399.86	391.99	3.006	3.661	31.68	38.58	199.8	1699	3	100.8	6.79	0.0513	1.0	-0.22	2.74	1.00	0.00	0.16	111115
31	"10:45:26"	20180721	202	0	2.54	0.0263	232	0.219	0.84	9.71	6	1.42	1	2.84	6.27	9.71	4.95	399.90	392.03	3.007	3.661	31.69	38.58	199.8	1699	3	100.8	6.79	0.0513	1.0	-0.22	2.74	1.00	0.00	0.16	111115
32	"10:45:27"	20180721	202	0	2.53	0.0262	232	0.218	0.84	9.71	6	1.42	1	2.84	6.27	9.71	4.95	399.90	392.04	3.007	3.660	31.70	38.58	199.8	1699	3	100.8	6.79	0.0513	1.0	-0.22	2.74	1.00	0.00	0.16	111115
33	"10:45:27"	20180721	202	0	2.5	0.0262	234	0.218	0.84	9.71	6	1.42	1	2.84	6.27	9.71	4.94	399.87	392.09	3.007	3.660	31.71	38.58	199.8	1699	3	100.8	6.79	0.0513	1.0	-0.22	2.74	1.00	0.00	0.16	111115
34	"10:45:28"	20180721	202	0	2.48	0.0263	235	0.218	0.84	9.71	6	1.42	1	2.84	6.27	9.71	4.94	399.82	392.10	3.007	3.661	31.71	38.60	199.8	1699	3	100.8	6.79	0.0513	1.0	-0.22	2.74	1.00	0.00	0.16	111115
35	"10:45:28"	20180721	202	0	2.47	0.0263	236	0.219	0.839	9.70	6	1.42	1	2.84	6.26	9.70	4.94	399.80	392.11	3.006	3.661	31.70	38.61	199.8	1699	3	100.8	6.79	0.0513	1.0	-0.22	2.74	1.00	0.00	0.16	111115
"10:45:59 Coolers: Tblock -> 10.00 C"
"10:47:57 Flow: Fixed -> 200 umol/s"
36	"10:48:00"	20180721	202	0	2.58	0.0252	222	0.237	0.946	11.53	6	1.42	1	2.84	10.05	11.53	10.10	399.80	391.78	3.440	4.148	28.04	33.82	199.8	1698	3	100.8	6.61	0.0452	0.7	-0.22	2.74	1.00	0.00	0.16	111115
37	"10:48:00"	20180721	202	0	2.58	0.0252	222	0.237	0.946	11.53	6	1.42	1	2.84	10.05	11.53	10.10	399.80	391.78	3.440	4.148	28.04	33.82	199.8	1698	3	100.8	6.61	0.0452	0.7	-0.22	2.74	1.00	0.00	0.16	111115
38	"10:48:01"	20180721	202	0	2.6	0.0255	222	0.239	0.947	11.53	6	1.42	1	2.84	10.05	11.53	10.10	399.85	391.76	3.434	4.149	28.00	33.82	199.9	1698	3	100.8	6.61	0.0452	0.7	-0.22	2.74	1.00	0.00	0.16	111115
39	"10:48:01"	20180721	202	0	2.61	0.0257	223	0.241	0.947	11.54	6	1.42	1	2.84	10.05	11.54	10.10	399.89	391.77	3.430	4.150	27.96	33.83	199.9	1698	3	100.8	6.61	0.0452	1.0	-0.22	2.74	1.00	0.00	0.16	111115
40	"10:48:02"	20180721	202	0	2.61	0.0258	224	0.242	0.947	11.54	6	1.42	1	2.84	10.05	11.54	10.10	399.91	391.77	3.427	4.151	27.94	33.84	199.9	1699	3	100.8	6.61	0.0452	1.0	-0.22	2.74	1.00	0.00	0.16	111115
41	"10:48:02"	20180721	202	0	2.63	0.0258	223	0.242	0.947	11.54	6	1.42	1	2.84	10.06	11.54	10.10	399.91	391.74	3.426	4.150	27.92	33.83	199.9	1699	3	100.8	6.61	0.0452	1.0	-0.22	2.74	1.00	0.00	0.16	111115
42	"10:48:03"	20180721	202	0	2.68	0.0264	223	0.248	0.947	11.55	6	1.42	1	2.84	10.06	11.55	10.10	400.07	391.75	3.412	4.152	27.81	33.84	199.8	1699	3	100.8	6.61	0.0452	1.0	-0.22	2.74	1.00	0.00	0.16	111115
43	"10:48:03"	20180721	202	0	2.69	0.0265	223	0.249	0.948	11.55	6	1.42	1	2.84	10.06	11.55	10.11	400.10	391.73	3.412	4.155	27.80	33.85	199.8	1699	3	100.8	6.61	0.0452	1.0	-0.22	2.74	1.00	0.00	0.16	111115
44	"10:48:04"	20180721	202	0	2.68	0.0265	224	0.249	0.948	11.56	6	1.42	1	2.84	10.06	11.56	10.11	400.11	391.76	3.411	4.156	27.79	33.86	199.8	1699	3	100.8	6.61	0.0452	1.0	-0.22	2.74	1.00	0.00	0.16	111115
45	"10:48:04"	20180721	202	0	2.7	0.0266	223	0.25	0.949	11.58	6	1.42	1	2.84	10.07	11.58	10.11	400.11	391.70	3.411	4.158	27.78	33.87	199.9	1700	3	100.8	6.61	0.0452	1.0	-0.22	2.74	1.00	0.00	0.16	111115
46	"10:48:05"	20180721	202	0	2.69	0.0266	223	0.25	0.95	11.58	6	1.42	1	2.84	10.07	11.58	10.11	400.09	391.71	3.411	4.159	27.78	33.87	199.8	1700	3	100.8	6.61	0.0452	1.0	-0.22	2.74	1.00	0.00	0.16	111115
47	"10:48:05"	20180721	202	0	2.69	0.0265	223	0.25	0.951	11.59	6	1.42	1	2.84	10.07	11.59	10.11	400.07	391.69	3.412	4.159	27.78	33.86	199.8	1700	3	100.8	6.61	0.0452	1.0	-0.22	2.74	1.00	0.00	0.16	111115
48	"10:48:06"	20180721	202	0	2.7	0.0266	223	0.251	0.951	11.60	6	1.42	1	2.84	10.08	11.60	10.11	400.07	391.65	3.411	4.161	27.77	33.87	199.8	1700	3	100.8	6.61	0.0452	1.0	-0.22	2.74	1.00	0.00	0.16	111115
49	"10:48:06"	20180721	202	0	2.71	0.0267	223	0.252	0.952	11.61	6	1.42	1	2.84	10.08	11.61	10.11	400.09	391.66	3.411	4.163	27.76	33.88	199.8	1700	3	100.8	6.61	0.0452	1.0	-0.22	2.74	1.00	0.00	0.16	111115
50	"10:48:07"	20180721	202	0	2.7	0.0267	224	0.252	0.952	11.61	6	1.42	1	2.84	10.08	11.61	10.11	400.06	391.65	3.411	4.165	27.75	33.89	199.8	1700	3	100.8	6.61	0.0452	1.0	-0.22	2.74	1.00	0.00	0.16	111115
51	"10:48:07"	20180721	202	0	2.7	0.0266	224	0.252	0.953	11.62	6	1.42	1	2.84	10.08	11.62	10.11	400.05	391.65	3.412	4.164	27.76	33.88	199.8	1700	3	100.8	6.61	0.0452	1.0	-0.22	2.74	1.00	0.00	0.16	111115
"10:48:20 Coolers: Tblock -> 15.00 C"
"10:51:25 Flow: Fixed -> 200 umol/s"
52	"10:51:28"	20180721	202	0	2.87	0.0256	204	0.3	1.18	14.77	6	1.42	1	2.84	14.44	14.77	15.08	399.89	390.91	4.108	5.005	25.10	30.58	199.9	1699	3	100.8	6.69	0.0396	1.0	-0.22	2.74	1.00	0.00	0.16	111115
53	"10:51:29"	20180721	202	0	2.9	0.0257	203	0.302	1.18	14.77	6	1.42	1	2.84	14.44	14.77	15.08	399.98	390.91	4.104	5.005	25.07	30.58	199.8	1699	3	100.8	6.69	0.0396	1.0	-0.22	2.74	1.00	0.00	0.16	111115
54	"10:51:29"	20180721	202	0	2.9	0.0257	203	0.302	1.18	14.77	6	1.42	1	2.84	14.44	14.77	15.08	399.98	390.91	4.104	5.005	25.07	30.58	199.8	1699	3	100.8	6.69	0.0396	1.0	-0.22	2.74	1.00	0.00	0.16	111115
55	"10:51:30"	20180721	202	0	2.91	0.0258	204	0.303	1.18	14.77	6	1.42	1	2.84	14.44	14.77	15.08	400.01	390.92	4.100	5.005	25.05	30.58	199.8	1699	3	100.8	6.69	0.0396	1.0	-0.22	2.74	1.00	0.00	0.16	111115
56	"10:51:30"	20180721	202	0	2.92	0.0259	204	0.304	1.18	14.76	6	1.42	1	2.84	14.44	14.76	15.08	400.04	390.92	4.098	5.005	25.04	30.58	199.8	1699	3	100.8	6.69	0.0396	1.0	-0.22	2.74	1.00	0.00	0.16	111115
57	"10:51:31"	20180721	202	0	2.97	0.0263	203	0.309	1.18	14.77	6	1.42	1	2.84	14.44	14.77	15.08	400.20	390.91	4.082	5.006	24.94	30.58	199.8	1699	3	100.8	6.69	0.0396	1.0	-0.22	2.74	1.00	0.00	0.16	111115
58	"10:51:31"	20180721	202	0	3	0.0264	202	0.31	1.18	14.77	6	1.42	1	2.84	14.44	14.77	15.08	400.24	390.88	4.082	5.006	24.93	30.58	199.8	1699	3	100.8	6.69	0.0396	0.7	-0.22	2.74	1.00	0.00	0.16	111115
59	"10:51:32"	20180721	202	0	3.01	0.0264	202	0.31	1.18	14.77	6	1.42	1	2.84	14.44	14.77	15.08	400.27	390.87	4.082	5.008	24.93	30.59	199.8	1699	3	100.8	6.69	0.0396	0.7	-0.22	2.74	1.00	0.00	0.16	111115
60	"10:51:32"	20180721	202	0	3.01	0.0264	202	0.31	1.18	14.77	6	1.42	1	2.84	14.44	14.77	15.08	400.27	390.87	4.081	5.007	24.92	30.58	199.8	1699	3	100.8	6.69	0.0396	0.7	-0.22	2.74	1.00	0.00	0.16	111115
61	"10:51:33"	20180721	202	0	3.01	0.0264	202	0.31	1.18	14.77	6	1.42	1	2.84	14.45	14.77	15.07	400.28	390.89	4.081	5.008	24.92	30.58	199.8	1699	3	100.8	6.69	0.0396	0.7	-0.22	2.74	1.00	0.00	0.16	111115
62	"10:51:33"	20180721	202	0	2.98	0.0265	203	0.311	1.18	14.77	6	1.42	1	2.84	14.45	14.77	15.07	400.22	390.89	4.081	5.009	24.91	30.58	199.8	1699	3	100.8	6.69	0.0396	0.7	-0.22	2.74	1.00	0.00	0.16	111115
63	"10:51:34"	20180721	202	0	2.99	0.0264	203	0.311	1.18	14.78	6	1.42	1	2.84	14.45	14.78	15.07	400.19	390.86	4.081	5.009	24.92	30.58	199.8	1699	3	100.8	6.69	0.0396	0.7	-0.22	2.74	1.00	0.00	0.16	111115
64	"10:51:34"	20180721	202	0	2.98	0.0265	203	0.311	1.18	14.79	6	1.42	1	2.84	14.45	14.79	15.07	400.18	390.85	4.081	5.010	24.91	30.58	199.8	1699	3	100.8	6.69	0.0396	0.7	-0.22	2.74	1.00	0.00	0.16	111115
65	"10:51:35"	20180721	202	0	2.99	0.0265	203	0.311	1.18	14.79	6	1.42	1	2.84	14.45	14.79	15.07	400.19	390.84	4.081	5.011	24.91	30.59	199.8	1699	3	100.8	6.69	0.0396	0.7	-0.22	2.74	1.00	0.00	0.16	111115
66	"10:51:36"	20180721	202	0	2.97	0.0265	205	0.312	1.18	14.79	6	1.42	1	2.84	14.46	14.79	15.07	400.17	390.88	4.081	5.013	24.91	30.60	199.8	1699	3	100.8	6.69	0.0396	0.7	-0.22	2.74	1.00	0.00	0.16	111115
"10:51:49 Coolers: Tblock -> 20.00 C"
"10:58:53 Flow: Fixed -> 200 umol/s"
67	"10:59:00"	20180721	202	0	3.06	0.0209	149	0.288	1.38	18.87	6	1.42	1	2.84	19.19	18.87	20.08	400.11	390.57	7.186	8.043	32.47	36.34	199.8	1700	3	100.8	7.24	0.0309	1.0	-0.22	2.74	1.00	0.00	0.16	111115
68	"10:59:00"	20180721	202	0	3.06	0.0209	149	0.288	1.38	18.87	6	1.42	1	2.84	19.19	18.87	20.08	400.11	390.57	7.186	8.043	32.47	36.34	199.8	1700	3	100.8	7.24	0.0309	1.0	-0.22	2.74	1.00	0.00	0.16	111115
69	"10:59:01"	20180721	202	0	3.06	0.0209	149	0.288	1.38	18.87	6	1.42	1	2.84	19.19	18.87	20.08	400.11	390.57	7.186	8.043	32.47	36.34	199.8	1700	3	100.8	7.24	0.0309	1.0	-0.22	2.74	1.00	0.00	0.16	111115
70	"10:59:01"	20180721	202	0	3.06	0.021	150	0.288	1.38	18.87	6	1.42	1	2.84	19.19	18.87	20.08	400.07	390.56	7.185	8.044	32.46	36.35	199.8	1700	3	100.8	7.24	0.0309	1.0	-0.22	2.74	1.00	0.00	0.16	111115
71	"10:59:02"	20180721	202	0	3.06	0.021	150	0.289	1.38	18.87	6	1.42	1	2.84	19.19	18.87	20.08	400.08	390.56	7.185	8.045	32.46	36.35	199.9	1700	3	100.8	7.24	0.0309	1.0	-0.22	2.74	1.00	0.00	0.16	111115
72	"10:59:02"	20180721	202	0	3.04	0.0211	152	0.289	1.38	18.87	6	1.42	1	2.84	19.19	18.87	20.08	400.06	390.58	7.185	8.047	32.46	36.36	199.9	1700	3	100.8	7.24	0.0309	1.0	-0.22	2.74	1.00	0.00	0.16	111115
73	"10:59:03"	20180721	202	0	3.03	0.0211	153	0.29	1.37	18.86	6	1.42	1	2.84	19.19	18.86	20.08	400.03	390.59	7.185	8.048	32.46	36.36	199.9	1700	3	100.8	7.24	0.0309	1.0	-0.22	2.74	1.00	0.00	0.16	111115
74	"10:59:03"	20180721	202	0	3.02	0.0211	155	0.29	1.37	18.86	6	1.42	1	2.84	19.19	18.86	20.08	400.02	390.61	7.185	8.050	32.46	36.37	199.8	1700	3	100.8	7.24	0.0309	1.0	-0.22	2.74	1.00	0.00	0.16	111115
75	"10:59:04"	20180721	202	0	3.02	0.0212	155	0.291	1.37	18.86	6	1.42	1	2.84	19.19	18.86	20.08	400.02	390.62	7.186	8.052	32.47	36.38	199.8	1700	3	100.8	7.24	0.0309	1.0	-0.22	2.74	1.00	0.00	0.16	111115
76	"10:59:04"	20180721	202	0	3.03	0.0212	154	0.291	1.37	18.86	6	1.42	1	2.84	19.19	18.86	20.08	400.04	390.60	7.186	8.052	32.46	36.38	199.9	1700	3	100.8	7.24	0.0309	1.0	-0.22	2.74	1.00	0.00	0.16	111115
77	"10:59:05"	20180721	202	0	3.03	0.0212	154	0.291	1.37	18.86	6	1.42	1	2.84	19.19	18.86	20.08	400.05	390.61	7.185	8.052	32.46	36.37	199.9	1700	3	100.8	7.24	0.0309	1.0	-0.22	2.74	1.00	0.00	0.16	111115
78	"10:59:05"	20180721	202	0	3.04	0.0212	154	0.292	1.37	18.86	6	1.42	1	2.84	19.19	18.86	20.07	400.11	390.64	7.185	8.054	32.46	36.38	199.9	1700	3	100.8	7.24	0.0309	1.0	-0.22	2.74	1.00	0.00	0.16	111115
79	"10:59:06"	20180721	202	0	3.04	0.0212	154	0.291	1.37	18.86	6	1.42	1	2.84	19.20	18.86	20.08	400.15	390.67	7.187	8.055	32.46	36.38	199.9	1700	3	100.8	7.24	0.0309	0.7	-0.22	2.74	1.00	0.00	0.16	111115
80	"10:59:06"	20180721	202	0	3.05	0.0212	154	0.292	1.37	18.86	6	1.42	1	2.84	19.20	18.86	20.08	400.15	390.67	7.187	8.056	32.46	36.38	199.9	1700	3	100.8	7.24	0.0309	0.7	-0.22	2.74	1.00	0.00	0.16	111115
81	"10:59:07"	20180721	202	0	3.07	0.0213	152	0.292	1.37	18.87	6	1.42	1	2.84	19.20	18.87	20.08	400.19	390.65	7.186	8.057	32.46	36.39	199.9	1700	3	100.8	7.24	0.0309	0.7	-0.22	2.74	1.00	0.00	0.16	111115
82	"10:59:07"	20180721	202	0	3.08	0.0212	151	0.292	1.38	18.87	6	1.42	1	2.84	19.20	18.87	20.08	400.22	390.62	7.187	8.056	32.46	36.38	199.9	1700	3	100.8	7.24	0.0309	1.0	-0.22	2.74	1.00	0.00	0.16	111115
83	"10:59:08"	20180721	202	0	3.08	0.0213	151	0.292	1.38	18.87	6	1.42	1	2.84	19.20	18.87	20.08	400.22	390.62	7.187	8.057	32.45	36.38	199.9	1700	3	100.8	7.24	0.0309	1.0	-0.22	2.74	1.00	0.00	0.16	111115
84	"10:59:08"	20180721	202	0	3.08	0.0212	151	0.291	1.38	18.88	6	1.42	1	2.84	19.20	18.88	20.08	400.21	390.63	7.188	8.055	32.46	36.38	199.8	1700	3	100.8	7.24	0.0309	1.0	-0.22	2.74	1.00	0.00	0.16	111115
85	"10:59:11"	20180721	202	0	3.06	0.0213	153	0.293	1.38	18.89	6	1.42	1	2.84	19.20	18.89	20.08	400.15	390.62	7.188	8.060	32.45	36.39	199.8	1700	3	100.8	7.24	0.0309	1.0	-0.22	2.74	1.00	0.00	0.16	111115
86	"10:59:11"	20180721	202	0	3.06	0.0213	153	0.293	1.38	18.89	6	1.42	1	2.84	19.20	18.89	20.08	400.15	390.62	7.188	8.060	32.45	36.39	199.8	1700	3	100.8	7.24	0.0309	1.0	-0.22	2.74	1.00	0.00	0.16	111115
"10:59:24 Coolers: Tblock -> 25.00 C"
"11:05:22 Flow: Fixed -> 200 umol/s"
87	"11:05:24"	20180721	202	0	2.95	0.0239	183	0.412	1.73	21.54	6	1.42	1	2.84	23.35	21.54	25.06	399.63	390.29	7.242	8.469	25.35	29.65	199.9	1699	3	100.8	7.53	0.0299	1.0	-0.22	2.74	1.00	0.00	0.16	111115
88	"11:05:24"	20180721	202	0	2.95	0.0239	183	0.412	1.73	21.54	6	1.42	1	2.84	23.35	21.54	25.06	399.63	390.29	7.242	8.469	25.35	29.65	199.9	1699	3	100.8	7.53	0.0299	1.0	-0.22	2.74	1.00	0.00	0.16	111115
89	"11:05:25"	20180721	202	0	3	0.0241	182	0.417	1.73	21.54	6	1.42	1	2.84	23.35	21.54	25.05	399.76	390.27	7.229	8.469	25.31	29.65	199.8	1699	3	100.8	7.53	0.0299	1.0	-0.22	2.74	1.00	0.00	0.16	111115
90	"11:05:25"	20180721	202	0	3.01	0.0243	183	0.42	1.73	21.54	6	1.42	1	2.84	23.35	21.54	25.05	399.80	390.27	7.219	8.471	25.27	29.65	199.9	1699	3	100.8	7.53	0.0299	1.0	-0.22	2.74	1.00	0.00	0.16	111115
91	"11:05:26"	20180721	202	0	3.02	0.0245	183	0.422	1.73	21.54	6	1.42	1	2.84	23.35	21.54	25.05	399.85	390.27	7.214	8.471	25.26	29.66	199.8	1699	3	100.8	7.53	0.0299	1.0	-0.22	2.74	1.00	0.00	0.16	111115
92	"11:05:26"	20180721	202	0	3.04	0.0245	183	0.423	1.73	21.54	6	1.42	1	2.84	23.35	21.54	25.05	399.88	390.26	7.210	8.471	25.24	29.65	199.8	1699	3	100.8	7.53	0.0299	1.0	-0.22	2.74	1.00	0.00	0.16	111115
93	"11:05:27"	20180721	202	0	3.04	0.0246	183	0.425	1.72	21.54	6	1.42	1	2.84	23.35	21.54	25.05	399.90	390.28	7.207	8.471	25.23	29.65	199.8	1699	3	100.8	7.53	0.0299	1.0	-0.22	2.74	1.00	0.00	0.16	111115
94	"11:05:27"	20180721	202	0	3.11	0.025	182	0.432	1.72	21.53	6	1.42	1	2.84	23.35	21.53	25.05	400.06	390.22	7.187	8.472	25.15	29.65	199.8	1699	3	100.8	7.53	0.0299	1.0	-0.22	2.74	1.00	0.00	0.16	111115
95	"11:05:28"	20180721	202	0	3.09	0.0251	183	0.432	1.72	21.53	6	1.42	1	2.84	23.36	21.53	25.05	400.04	390.24	7.185	8.473	25.15	29.65	199.8	1699	3	100.8	7.53	0.0299	1.0	-0.22	2.74	1.00	0.00	0.16	111115
96	"11:05:28"	20180721	202	0	3.09	0.0251	183	0.432	1.72	21.53	6	1.42	1	2.84	23.36	21.53	25.05	400.04	390.24	7.185	8.473	25.15	29.65	199.8	1699	3	100.8	7.53	0.0299	1.0	-0.22	2.74	1.00	0.00	0.16	111115
97	"11:05:29"	20180721	202	0	3.12	0.025	181	0.432	1.72	21.53	6	1.42	1	2.84	23.36	21.53	25.05	400.09	390.20	7.186	8.472	25.15	29.65	199.8	1699	3	100.8	7.53	0.0299	1.0	-0.22	2.74	1.00	0.00	0.16	111115
98	"11:05:29"	20180721	202	0	3.12	0.025	182	0.432	1.72	21.53	6	1.42	1	2.84	23.36	21.53	25.05	400.07	390.20	7.185	8.471	25.14	29.64	199.8	1699	3	100.8	7.53	0.0299	1.0	-0.22	2.74	1.00	0.00	0.16	111115
99	"11:05:30"	20180721	202	0	3.12	0.025	181	0.432	1.73	21.54	6	1.42	1	2.84	23.36	21.54	25.05	400.09	390.22	7.186	8.471	25.14	29.64	199.8	1699	3	100.8	7.53	0.0299	1.0	-0.22	2.74	1.00	0.00	0.16	111115
100	"11:05:30"	20180721	202	0	3.12	0.025	181	0.432	1.73	21.54	6	1.42	1	2.84	23.36	21.54	25.05	400.09	390.20	7.185	8.471	25.14	29.64	199.8	1699	3	100.8	7.53	0.0299	1.0	-0.22	2.74	1.00	0.00	0.16	111115
101	"11:05:31"	20180721	202	0	3.12	0.025	181	0.432	1.73	21.54	6	1.42	1	2.84	23.36	21.54	25.06	400.07	390.20	7.184	8.471	25.13	29.64	199.8	1699	3	100.8	7.53	0.0299	1.0	-0.22	2.74	1.00	0.00	0.16	111115
102	"11:05:31"	20180721	202	0	3.13	0.025	181	0.432	1.73	21.55	6	1.42	1	2.84	23.36	21.55	25.06	400.09	390.20	7.184	8.471	25.13	29.63	199.8	1699	3	100.8	7.53	0.0299	1.0	-0.22	2.74	1.00	0.00	0.16	111115
103	"11:05:54"	20180721	202	0	3.09	0.0248	181	0.434	1.75	21.70	6	1.42	1	2.84	23.42	21.70	25.06	399.78	389.98	7.187	8.478	25.05	29.55	199.8	1700	3	100.8	7.53	0.0299	0.7	-0.22	2.74	1.00	0.00	0.16	111115
104	"11:05:55"	20180721	202	0	3.09	0.0248	181	0.434	1.75	21.70	6	1.42	1	2.84	23.42	21.70	25.06	399.78	389.98	7.187	8.478	25.05	29.55	199.8	1700	3	100.8	7.53	0.0299	0.7	-0.22	2.74	1.00	0.00	0.16	111115
105	"11:05:55"	20180721	202	0	3.09	0.0248	180	0.434	1.75	21.70	6	1.42	1	2.84	23.43	21.70	25.06	399.76	389.96	7.186	8.478	25.04	29.55	199.8	1700	3	100.8	7.53	0.0299	0.7	-0.22	2.74	1.00	0.00	0.16	111115
106	"11:05:56"	20180721	202	0	3.09	0.0248	181	0.434	1.75	21.71	6	1.42	1	2.84	23.43	21.71	25.06	399.78	389.98	7.187	8.479	25.05	29.55	199.8	1700	3	100.8	7.53	0.0299	0.7	-0.22	2.74	1.00	0.00	0.16	111115
107	"11:05:56"	20180721	202	0	3.11	0.0248	180	0.434	1.75	21.71	6	1.42	1	2.84	23.43	21.71	25.06	399.78	389.94	7.187	8.480	25.04	29.55	199.8	1700	3	100.8	7.53	0.0299	0.7	-0.22	2.74	1.00	0.00	0.16	111115
108	"11:05:57"	20180721	202	0	3.1	0.0247	180	0.434	1.75	21.72	6	1.42	1	2.84	23.43	21.72	25.06	399.78	389.97	7.188	8.480	25.04	29.55	199.8	1700	3	100.8	7.53	0.0299	1.0	-0.22	2.74	1.00	0.00	0.16	111115
109	"11:05:57"	20180721	202	0	3.11	0.0247	179	0.434	1.75	21.72	6	1.42	1	2.84	23.43	21.72	25.06	399.81	389.97	7.188	8.480	25.04	29.54	199.8	1700	3	100.8	7.53	0.0299	1.0	-0.22	2.74	1.00	0.00	0.16	111115
110	"11:05:58"	20180721	202	0	3.12	0.0248	179	0.435	1.75	21.72	6	1.42	1	2.84	23.43	21.72	25.06	399.83	389.95	7.187	8.482	25.04	29.55	199.8	1700	3	100.8	7.53	0.0299	1.0	-0.22	2.74	1.00	0.00	0.16	111115
111	"11:05:59"	20180721	202	0	3.13	0.0248	179	0.435	1.75	21.72	6	1.42	1	2.84	23.44	21.72	25.06	399.87	389.97	7.187	8.482	25.03	29.55	199.8	1700	3	100.8	7.53	0.0299	1.0	-0.22	2.74	1.00	0.00	0.16	111115
112	"11:05:59"	20180721	202	0	3.13	0.0248	178	0.435	1.75	21.73	6	1.42	1	2.84	23.44	21.73	25.06	399.88	389.97	7.187	8.483	25.03	29.54	199.8	1700	3	100.8	7.53	0.0299	1.0	-0.22	2.74	1.00	0.00	0.16	111115
113	"11:06:00"	20180721	202	0	3.14	0.0248	178	0.436	1.75	21.73	6	1.42	1	2.84	23.44	21.73	25.06	399.92	389.97	7.187	8.484	25.03	29.55	199.8	1700	3	100.8	7.53	0.0299	1.0	-0.22	2.74	1.00	0.00	0.16	111115
114	"11:06:00"	20180721	202	0	3.16	0.0248	177	0.435	1.75	21.73	6	1.42	1	2.84	23.44	21.73	25.06	399.93	389.95	7.187	8.482	25.03	29.53	199.8	1700	3	100.8	7.53	0.0299	1.0	-0.22	2.74	1.00	0.00	0.16	111115
115	"11:06:01"	20180721	202	0	3.15	0.0248	177	0.435	1.75	21.73	6	1.42	1	2.84	23.44	21.73	25.05	399.94	389.96	7.186	8.482	25.02	29.53	199.8	1700	3	100.8	7.53	0.0299	1.0	-0.22	2.74	1.00	0.00	0.16	111115
116	"11:06:01"	20180721	202	0	3.17	0.0248	176	0.435	1.75	21.73	6	1.42	1	2.84	23.44	21.73	25.05	399.94	389.93	7.187	8.481	25.02	29.53	199.8	1700	3	100.8	7.53	0.0299	1.0	-0.22	2.74	1.00	0.00	0.16	111115
117	"11:06:02"	20180721	202	0	3.16	0.0248	177	0.435	1.75	21.73	6	1.42	1	2.84	23.44	21.73	25.05	399.93	389.93	7.186	8.483	25.02	29.53	199.8	1700	3	100.8	7.53	0.0299	1.0	-0.22	2.74	1.00	0.00	0.16	111115
118	"11:06:02"	20180721	202	0	3.18	0.0248	175	0.435	1.75	21.73	6	1.42	1	2.84	23.44	21.73	25.05	399.97	389.90	7.187	8.482	25.02	29.53	199.8	1700	3	100.8	7.53	0.0299	1.0	-0.22	2.74	1.00	0.00	0.16	111115
119	"11:06:03"	20180721	202	0	3.2	0.0248	174	0.435	1.75	21.73	6	1.42	1	2.84	23.44	21.73	25.05	400.01	389.90	7.188	8.482	25.02	29.53	199.8	1700	3	100.8	7.53	0.0299	1.0	-0.22	2.74	1.00	0.00	0.16	111115
120	"11:06:04"	20180721	202	0	3.2	0.0248	174	0.435	1.76	21.73	6	1.42	1	2.84	23.45	21.73	25.05	400.01	389.91	7.188	8.483	25.02	29.53	199.8	1700	3	100.8	7.53	0.0299	1.0	-0.22	2.74	1.00	0.00	0.16	111115
"11:06:20 Coolers: Tblock -> 30.00 C"
"11:14:27 Flow: Fixed -> 200 umol/s"
121	"11:14:28"	20180721	202	0	2.74	0.0207	168	0.476	2.29	24.89	6	1.42	1	2.84	27.86	24.89	30.08	399.65	390.88	7.253	8.669	19.43	23.22	199.8	1698	3	100.8	8	0.0371	1.0	-0.22	2.74	1.00	0.00	0.16	111115
122	"11:14:29"	20180721	202	0	2.74	0.0207	168	0.476	2.29	24.89	6	1.42	1	2.84	27.86	24.89	30.08	399.65	390.88	7.253	8.669	19.43	23.22	199.8	1698	3	100.8	8	0.0371	1.0	-0.22	2.74	1.00	0.00	0.16	111115
123	"11:14:29"	20180721	202	0	2.74	0.0207	168	0.476	2.29	24.89	6	1.42	1	2.84	27.86	24.89	30.08	399.65	390.88	7.253	8.669	19.43	23.22	199.8	1698	3	100.8	8	0.0371	1.0	-0.22	2.74	1.00	0.00	0.16	111115
124	"11:14:30"	20180721	202	0	2.79	0.0209	166	0.48	2.29	24.90	6	1.42	1	2.84	27.86	24.90	30.08	399.79	390.85	7.239	8.667	19.39	23.22	199.8	1698	3	100.8	8	0.0371	1.0	-0.22	2.74	1.00	0.00	0.16	111115
125	"11:14:30"	20180721	202	0	2.78	0.0211	168	0.484	2.29	24.90	6	1.42	1	2.84	27.86	24.90	30.07	399.81	390.88	7.229	8.669	19.36	23.22	199.8	1698	3	100.8	8	0.0371	1.0	-0.22	2.74	1.00	0.00	0.16	111115
126	"11:14:31"	20180721	202	0	2.8	0.0212	167	0.486	2.29	24.90	6	1.42	1	2.84	27.86	24.90	30.07	399.84	390.86	7.222	8.669	19.34	23.22	199.8	1698	3	100.8	8	0.0371	1.0	-0.22	2.74	1.00	0.00	0.16	111115
127	"11:14:31"	20180721	202	0	2.81	0.0212	167	0.487	2.29	24.90	6	1.42	1	2.84	27.86	24.90	30.07	399.85	390.84	7.218	8.668	19.33	23.21	199.8	1698	3	100.8	8	0.0371	1.0	-0.22	2.74	1.00	0.00	0.16	111115
128	"11:14:32"	20180721	202	0	2.8	0.0213	168	0.488	2.29	24.90	6	1.42	1	2.84	27.87	24.90	30.07	399.85	390.87	7.214	8.668	19.32	23.21	199.8	1698	3	100.8	8	0.0371	1.0	-0.22	2.74	1.00	0.00	0.16	111115
129	"11:14:32"	20180721	202	0	2.85	0.0216	168	0.496	2.29	24.89	6	1.42	1	2.84	27.87	24.89	30.07	400.00	390.87	7.191	8.669	19.26	23.21	199.8	1698	3	100.8	8	0.0371	1.0	-0.22	2.74	1.00	0.00	0.16	111115
130	"11:14:33"	20180721	202	0	2.82	0.0216	171	0.496	2.29	24.89	6	1.42	1	2.84	27.87	24.89	30.07	399.95	390.91	7.191	8.667	19.25	23.21	199.8	1698	3	100.8	8	0.0371	1.0	-0.22	2.74	1.00	0.00	0.16	111115
131	"11:14:33"	20180721	202	0	2.81	0.0216	171	0.496	2.29	24.89	6	1.42	1	2.84	27.87	24.89	30.07	399.93	390.92	7.191	8.667	19.25	23.20	199.8	1699	3	100.8	8	0.0371	1.0	-0.22	2.74	1.00	0.00	0.16	111115
132	"11:14:34"	20180721	202	0	2.78	0.0216	173	0.496	2.29	24.89	6	1.42	1	2.84	27.87	24.89	30.07	399.88	390.93	7.191	8.667	19.25	23.20	199.8	1699	3	100.8	8	0.0371	1.0	-0.22	2.74	1.00	0.00	0.16	111115
133	"11:14:34"	20180721	202	0	2.82	0.0216	170	0.496	2.29	24.90	6	1.42	1	2.84	27.88	24.90	30.07	399.92	390.87	7.191	8.666	19.25	23.19	199.8	1699	3	100.8	8	0.0371	1.0	-0.22	2.74	1.00	0.00	0.16	111115
134	"11:14:35"	20180721	202	0	2.82	0.0216	170	0.496	2.29	24.90	6	1.42	1	2.84	27.88	24.90	30.07	399.93	390.87	7.191	8.666	19.24	23.19	199.8	1699	3	100.8	8	0.0371	1.0	-0.22	2.74	1.00	0.00	0.16	111115
135	"11:14:35"	20180721	202	0	2.82	0.0216	170	0.496	2.29	24.90	6	1.42	1	2.84	27.88	24.90	30.07	399.95	390.89	7.192	8.668	19.24	23.19	199.8	1699	3	100.8	8	0.0371	1.0	-0.22	2.74	1.00	0.00	0.16	111115
136	"11:14:36"	20180721	202	0	2.84	0.0216	168	0.496	2.29	24.91	6	1.42	1	2.84	27.88	24.91	30.07	399.97	390.85	7.192	8.668	19.24	23.19	199.8	1699	3	100.8	8	0.0371	1.0	-0.22	2.74	1.00	0.00	0.16	111115
137	"11:14:36"	20180721	202	0	2.83	0.0215	168	0.495	2.29	24.92	6	1.42	1	2.84	27.88	24.92	30.06	399.95	390.86	7.193	8.667	19.24	23.19	199.8	1699	3	100.8	8	0.0371	1.0	-0.22	2.74	1.00	0.00	0.16	111115
"11:14:50 Coolers: Tblock -> 35.00 C"
"11:16:28 Flow: Fixed -> 200 umol/s"
138	"11:16:32"	20180721	202	0	2.76	0.0204	161	0.562	2.74	27.28	6	1.42	1	2.84	31.93	27.28	34.97	399.89	390.94	7.262	8.934	15.39	18.94	199.8	1700	4	100.8	8.19	0.0217	1.0	-0.22	2.74	1.00	0.00	0.16	111115
139	"11:16:32"	20180721	202	0	2.76	0.0204	161	0.562	2.74	27.28	6	1.42	1	2.84	31.93	27.28	34.97	399.89	390.94	7.262	8.934	15.39	18.94	199.8	1700	4	100.8	8.19	0.0217	1.0	-0.22	2.74	1.00	0.00	0.16	111115
140	"11:16:33"	20180721	202	0	2.81	0.0207	160	0.571	2.74	27.28	6	1.42	1	2.84	31.93	27.28	34.96	400.03	390.94	7.236	8.935	15.34	18.94	199.8	1700	3	100.8	8.19	0.0217	1.0	-0.22	2.74	1.00	0.00	0.16	111115
141	"11:16:33"	20180721	202	0	2.8	0.0206	160	0.57	2.74	27.29	6	1.42	1	2.84	31.93	27.29	34.96	400.02	390.94	7.236	8.932	15.34	18.93	199.8	1700	3	100.8	8.19	0.0217	1.0	-0.22	2.74	1.00	0.00	0.16	111115
142	"11:16:34"	20180721	202	0	2.79	0.0206	161	0.569	2.74	27.29	6	1.42	1	2.84	31.94	27.29	34.96	399.99	390.96	7.237	8.931	15.34	18.93	199.8	1700	3	100.8	8.19	0.0217	1.0	-0.22	2.74	1.00	0.00	0.16	111115
143	"11:16:34"	20180721	202	0	2.76	0.0206	163	0.569	2.74	27.30	6	1.42	1	2.84	31.94	27.30	34.96	399.96	391.00	7.237	8.930	15.34	18.93	199.8	1699	3	100.8	8.19	0.0217	1.0	-0.22	2.74	1.00	0.00	0.16	111115
144	"11:16:35"	20180721	202	0	2.76	0.0206	163	0.569	2.74	27.30	6	1.42	1	2.84	31.94	27.30	34.96	399.96	391.00	7.237	8.930	15.34	18.93	199.8	1699	3	100.8	8.19	0.0217	1.0	-0.22	2.74	1.00	0.00	0.16	111115
145	"11:16:35"	20180721	202	0	2.76	0.0206	163	0.568	2.74	27.30	6	1.42	1	2.84	31.94	27.30	34.95	399.93	390.98	7.238	8.929	15.34	18.92	199.8	1699	3	100.8	8.19	0.0217	1.0	-0.22	2.74	1.00	0.00	0.16	111115
146	"11:16:36"	20180721	202	0	2.77	0.0206	162	0.568	2.74	27.30	6	1.42	1	2.84	31.94	27.30	34.95	399.95	390.96	7.238	8.930	15.34	18.92	199.8	1699	3	100.8	8.19	0.0217	1.0	-0.22	2.74	1.00	0.00	0.16	111115
147	"11:16:36"	20180721	202	0	2.76	0.0206	162	0.568	2.74	27.30	6	1.42	1	2.84	31.94	27.30	34.95	399.96	391.00	7.239	8.930	15.34	18.92	199.8	1699	3	100.8	8.19	0.0217	1.0	-0.22	2.74	1.00	0.00	0.16	111115
148	"11:16:36"	20180721	202	0	2.75	0.0206	163	0.568	2.74	27.30	6	1.42	1	2.84	31.94	27.30	34.95	399.94	391.01	7.239	8.930	15.34	18.92	199.8	1699	3	100.8	8.19	0.0217	1.0	-0.22	2.74	1.00	0.00	0.16	111115
149	"11:16:37"	20180721	202	0	2.75	0.0205	163	0.568	2.74	27.31	6	1.42	1	2.84	31.94	27.31	34.94	399.94	391.01	7.239	8.929	15.34	18.92	199.8	1699	3	100.8	8.19	0.0217	1.0	-0.22	2.74	1.00	0.00	0.16	111115
150	"11:16:37"	20180721	202	0	2.75	0.0206	163	0.569	2.75	27.31	6	1.42	1	2.84	31.94	27.31	34.94	399.93	391.00	7.239	8.932	15.34	18.92	199.8	1699	3	100.8	8.19	0.0217	1.0	-0.22	2.74	1.00	0.00	0.16	111115
151	"11:16:38"	20180721	202	0	2.75	0.0206	163	0.569	2.75	27.32	6	1.42	1	2.84	31.94	27.32	34.94	399.91	390.97	7.239	8.932	15.34	18.92	199.8	1699	3	100.8	8.19	0.0217	1.0	-0.22	2.74	1.00	0.00	0.16	111115
152	"11:16:39"	20180721	202	0	2.75	0.0206	163	0.569	2.75	27.32	6	1.42	1	2.84	31.94	27.32	34.94	399.90	390.96	7.240	8.933	15.34	18.92	199.8	1699	3	100.8	8.19	0.0217	1.0	-0.22	2.74	1.00	0.00	0.16	111115
153	"11:16:39"	20180721	202	0	2.76	0.0206	163	0.57	2.75	27.32	6	1.42	1	2.84	31.94	27.32	34.94	399.92	390.97	7.239	8.936	15.33	18.93	199.8	1699	3	100.8	8.19	0.0217	1.0	-0.22	2.74	1.00	0.00	0.16	111115
"11:16:59 Coolers: Tblock -> 40.00 C"
"11:19:41 Flow: Fixed -> 200 umol/s"
154	"11:19:43"	20180721	202	0	2.34	0.0173	160	0.606	3.45	30.46	6	1.42	1	2.84	36.47	30.46	39.99	400.01	392.27	7.342	9.145	12.09	15.05	199.8	1699	2	100.8	8.91	0.0179	0.7	-0.22	2.74	1.00	0.00	0.16	111115
155	"11:19:44"	20180721	202	0	2.34	0.0173	160	0.606	3.45	30.46	6	1.42	1	2.84	36.47	30.46	39.99	400.01	392.27	7.342	9.145	12.09	15.05	199.8	1699	2	100.8	8.91	0.0179	0.7	-0.22	2.74	1.00	0.00	0.16	111115
156	"11:19:44"	20180721	202	0	2.34	0.0173	160	0.606	3.45	30.46	6	1.42	1	2.84	36.47	30.46	39.99	400.01	392.27	7.342	9.145	12.09	15.05	199.8	1699	2	100.8	8.91	0.0179	0.7	-0.22	2.74	1.00	0.00	0.16	111115
157	"11:19:45"	20180721	202	0	2.34	0.0174	160	0.608	3.45	30.46	6	1.42	1	2.84	36.47	30.46	39.99	400.00	392.26	7.336	9.144	12.08	15.05	199.8	1699	2	100.8	8.91	0.0179	0.7	-0.22	2.74	1.00	0.00	0.16	111115
158	"11:19:45"	20180721	202	0	2.32	0.0174	162	0.609	3.45	30.46	6	1.42	1	2.84	36.47	30.46	39.99	399.98	392.29	7.331	9.143	12.07	15.05	199.8	1699	2	100.8	8.91	0.0179	0.7	-0.22	2.74	1.00	0.00	0.16	111115
159	"11:19:46"	20180721	202	0	2.33	0.0175	162	0.61	3.45	30.46	6	1.42	1	2.84	36.47	30.46	40.00	400.01	392.30	7.328	9.143	12.06	15.05	199.8	1699	2	100.8	8.91	0.0179	0.7	-0.22	2.74	1.00	0.00	0.16	111115
160	"11:19:46"	20180721	202	0	2.37	0.0177	161	0.618	3.45	30.46	6	1.42	1	2.84	36.48	30.46	40.00	400.13	392.28	7.302	9.142	12.02	15.05	199.8	1699	2	100.8	8.91	0.0179	0.7	-0.22	2.74	1.00	0.00	0.16	111115
161	"11:19:47"	20180721	202	0	2.38	0.0177	160	0.617	3.45	30.46	6	1.42	1	2.84	36.48	30.46	40.01	400.14	392.28	7.302	9.139	12.02	15.04	199.8	1699	2	100.8	8.91	0.0179	0.7	-0.22	2.74	1.00	0.00	0.16	111115
162	"11:19:47"	20180721	202	0	2.38	0.0177	160	0.617	3.45	30.46	6	1.42	1	2.84	36.48	30.46	40.02	400.14	392.27	7.304	9.140	12.02	15.04	199.8	1699	3	100.8	8.91	0.0179	0.7	-0.22	2.74	1.00	0.00	0.16	111115
163	"11:19:47"	20180721	202	0	2.38	0.0177	160	0.617	3.45	30.45	6	1.42	1	2.84	36.48	30.45	40.03	400.13	392.25	7.304	9.139	12.02	15.04	199.8	1699	3	100.8	8.91	0.0179	0.7	-0.22	2.74	1.00	0.00	0.16	111115
164	"11:19:48"	20180721	202	0	2.41	0.0177	158	0.617	3.45	30.45	6	1.42	1	2.84	36.48	30.45	40.04	400.17	392.21	7.303	9.140	12.01	15.03	199.8	1699	3	100.8	8.91	0.0179	0.7	-0.22	2.74	1.00	0.00	0.16	111115
165	"11:19:48"	20180721	202	0	2.43	0.0177	156	0.617	3.45	30.46	6	1.42	1	2.84	36.49	30.46	40.04	400.21	392.19	7.303	9.139	12.01	15.03	199.8	1699	3	100.8	8.91	0.0179	1.0	-0.22	2.74	1.00	0.00	0.16	111115
166	"11:19:49"	20180721	202	0	2.45	0.0176	153	0.617	3.45	30.46	6	1.42	1	2.84	36.49	30.46	40.06	400.26	392.17	7.303	9.138	12.01	15.03	199.7	1699	3	100.8	8.91	0.0179	1.0	-0.22	2.74	1.00	0.00	0.16	111115
167	"11:19:50"	20180721	202	0	2.44	0.0177	154	0.617	3.45	30.47	6	1.42	1	2.84	36.49	30.47	40.07	400.23	392.17	7.302	9.139	12.01	15.03	199.8	1699	3	100.8	8.91	0.0179	1.0	-0.22	2.74	1.00	0.00	0.16	111115
168	"11:19:50"	20180721	202	0	2.43	0.0177	155	0.617	3.45	30.47	6	1.42	1	2.84	36.50	30.47	40.08	400.20	392.17	7.302	9.138	12.00	15.02	199.8	1699	3	100.8	8.91	0.0179	1.0	-0.22	2.74	1.00	0.00	0.16	111115
169	"11:19:51"	20180721	202	0	2.44	0.0177	155	0.618	3.46	30.47	6	1.42	1	2.84	36.50	30.47	40.09	400.20	392.16	7.302	9.139	12.00	15.02	199.8	1699	3	100.8	8.91	0.0179	1.0	-0.22	2.74	1.00	0.00	0.16	111115
170	"11:19:51"	20180721	202	0	2.44	0.0176	154	0.618	3.46	30.48	6	1.42	1	2.84	36.50	30.48	40.10	400.21	392.16	7.300	9.139	12.00	15.02	199.8	1699	3	100.8	8.91	0.0179	1.0	-0.22	2.74	1.00	0.00	0.16	111115
171	"11:19:52"	20180721	202	0	2.45	0.0176	153	0.617	3.46	30.50	6	1.42	1	2.84	36.51	30.50	40.11	400.24	392.16	7.302	9.137	12.00	15.01	199.8	1699	3	100.8	8.91	0.0179	1.0	-0.22	2.74	1.00	0.00	0.16	111115
172	"11:19:52"	20180721	202	0	2.41	0.0176	156	0.616	3.46	30.50	6	1.42	1	2.84	36.51	30.50	40.12	400.19	392.22	7.302	9.135	11.99	15.00	199.8	1699	3	100.8	8.91	0.0179	1.0	-0.22	2.74	1.00	0.00	0.16	111115
"11:20:08 Coolers: Tblock -> 45.00 C"
"11:26:25 Flow: Fixed -> 200 umol/s"
173	"11:26:27"	20180721	202	0	1.93	0.0145	161	0.624	4.21	33.36	6	1.42	1	2.84	40.90	33.36	45.10	399.87	393.33	7.482	9.337	9.70	12.11	199.8	1699	3	100.8	9.97	0.0268	0.7	-0.22	2.74	1.00	0.00	0.16	111115
174	"11:26:28"	20180721	202	0	1.93	0.0145	161	0.624	4.21	33.36	6	1.42	1	2.84	40.90	33.36	45.10	399.87	393.33	7.482	9.337	9.70	12.11	199.8	1699	3	100.8	9.97	0.0268	0.7	-0.22	2.74	1.00	0.00	0.16	111115
175	"11:26:28"	20180721	202	0	1.92	0.0147	164	0.63	4.22	33.37	6	1.42	1	2.84	40.90	33.37	45.10	399.83	393.31	7.463	9.336	9.68	12.11	199.8	1699	3	100.8	9.97	0.0268	0.7	-0.22	2.74	1.00	0.00	0.16	111115
176	"11:26:29"	20180721	202	0	1.93	0.0148	164	0.633	4.22	33.38	6	1.42	1	2.84	40.90	33.38	45.10	399.82	393.28	7.452	9.336	9.66	12.10	199.8	1699	3	100.8	9.97	0.0268	0.7	-0.22	2.74	1.00	0.00	0.16	111115
177	"11:26:29"	20180721	202	0	1.93	0.0148	165	0.636	4.22	33.39	6	1.42	1	2.84	40.90	33.39	45.10	399.83	393.30	7.445	9.336	9.65	12.10	199.8	1699	3	100.8	9.97	0.0268	0.7	-0.22	2.74	1.00	0.00	0.16	111115
178	"11:26:30"	20180721	202	0	1.95	0.0148	163	0.638	4.22	33.39	6	1.42	1	2.84	40.90	33.39	45.10	399.88	393.27	7.440	9.338	9.64	12.10	199.8	1699	3	100.8	9.97	0.0268	0.7	-0.22	2.74	1.00	0.00	0.16	111115
179	"11:26:30"	20180721	202	0	1.95	0.0149	163	0.639	4.22	33.40	6	1.42	1	2.84	40.91	33.40	45.10	399.90	393.28	7.437	9.337	9.64	12.10	199.8	1699	3	100.8	9.97	0.0268	0.7	-0.22	2.74	1.00	0.00	0.16	111115
180	"11:26:31"	20180721	202	0	1.99	0.0151	161	0.648	4.23	33.41	6	1.42	1	2.84	40.91	33.41	45.09	399.99	393.24	7.411	9.338	9.60	12.10	199.8	1699	3	100.8	9.97	0.0268	0.7	-0.22	2.74	1.00	0.00	0.16	111115
181	"11:26:31"	20180721	202	0	2	0.015	161	0.648	4.23	33.43	6	1.42	1	2.84	40.91	33.43	45.09	399.98	393.21	7.410	9.338	9.60	12.10	199.8	1699	3	100.8	9.97	0.0268	0.7	-0.22	2.74	1.00	0.00	0.16	111115
182	"11:26:32"	20180721	202	0	2	0.015	160	0.648	4.24	33.44	6	1.42	1	2.84	40.92	33.44	45.09	399.98	393.20	7.411	9.338	9.60	12.10	199.8	1699	3	100.8	9.97	0.0268	0.7	-0.22	2.74	1.00	0.00	0.16	111115
183	"11:26:32"	20180721	202	0	2.02	0.015	158	0.648	4.24	33.45	6	1.42	1	2.84	40.92	33.45	45.09	400.02	393.20	7.412	9.340	9.60	12.10	199.8	1699	3	100.8	9.97	0.0268	0.7	-0.22	2.74	1.00	0.00	0.16	111115
184	"11:26:33"	20180721	202	0	2.01	0.015	159	0.648	4.24	33.46	6	1.42	1	2.84	40.92	33.46	45.09	400.03	393.23	7.412	9.341	9.60	12.10	199.8	1699	3	100.8	9.97	0.0268	0.7	-0.22	2.74	1.00	0.00	0.16	111115
185	"11:26:33"	20180721	202	0	2.01	0.015	159	0.648	4.24	33.46	6	1.42	1	2.84	40.93	33.46	45.09	400.03	393.21	7.413	9.342	9.60	12.09	199.8	1699	3	100.8	9.97	0.0268	0.7	-0.22	2.74	1.00	0.00	0.16	111115
186	"11:26:34"	20180721	202	0	1.98	0.015	162	0.649	4.24	33.47	6	1.42	1	2.84	40.93	33.47	45.08	399.99	393.27	7.413	9.343	9.60	12.09	199.8	1699	3	100.8	9.97	0.0268	0.7	-0.22	2.74	1.00	0.00	0.16	111115
187	"11:26:34"	20180721	202	0	1.97	0.015	163	0.649	4.24	33.47	6	1.42	1	2.84	40.94	33.47	45.08	399.97	393.29	7.413	9.345	9.59	12.09	199.8	1699	3	100.8	9.97	0.0268	0.7	-0.22	2.74	1.00	0.00	0.16	111115
188	"11:26:35"	20180721	202	0	1.96	0.015	164	0.65	4.25	33.47	6	1.42	1	2.84	40.94	33.47	45.08	399.96	393.30	7.414	9.346	9.59	12.09	199.8	1699	3	100.8	9.97	0.0268	0.7	-0.22	2.74	1.00	0.00	0.16	111115
189	"11:26:35"	20180721	202	0	1.94	0.015	166	0.65	4.25	33.48	6	1.42	1	2.84	40.94	33.48	45.08	399.93	393.32	7.414	9.347	9.59	12.09	199.8	1699	3	100.8	9.97	0.0268	0.7	-0.22	2.74	1.00	0.00	0.16	111115
190	"11:26:36"	20180721	202	0	1.99	0.015	161	0.649	4.25	33.50	6	1.42	1	2.84	40.95	33.50	45.09	400.03	393.30	7.414	9.346	9.59	12.09	199.8	1699	3	100.8	9.97	0.0268	0.7	-0.22	2.74	1.00	0.00	0.16	111115
191	"11:26:37"	20180721	202	0	1.99	0.015	161	0.649	4.25	33.50	6	1.42	1	2.84	40.95	33.50	45.09	400.03	393.30	7.414	9.346	9.59	12.09	199.8	1699	3	100.8	9.97	0.0268	0.7	-0.22	2.74	1.00	0.00	0.16	111115
192	"11:26:37"	20180721	202	0	2	0.015	159	0.649	4.26	33.51	6	1.42	1	2.84	40.95	33.51	45.09	400.06	393.28	7.415	9.346	9.59	12.08	199.8	1699	3	100.8	9.97	0.0268	0.7	-0.22	2.74	1.00	0.00	0.16	111115
"11:26:53 Coolers: Tblock -> 50.00 C"
"11:31:19 Flow: Fixed -> 200 umol/s"
193	"11:31:21"	20180721	202	0	1.66	0.0133	168	0.714	5.26	36.83	6	1.42	1	2.84	45.58	36.83	49.76	399.88	394.04	7.652	9.775	7.77	9.93	199.7	1699	3	100.9	10.8	0.0246	0.7	-0.22	2.74	1.00	0.00	0.16	111115
194	"11:31:21"	20180721	202	0	1.66	0.0133	168	0.714	5.26	36.83	6	1.42	1	2.84	45.58	36.83	49.76	399.88	394.04	7.652	9.775	7.77	9.93	199.7	1699	3	100.9	10.8	0.0246	0.7	-0.22	2.74	1.00	0.00	0.16	111115
195	"11:31:22"	20180721	202	0	1.72	0.0135	165	0.728	5.26	36.83	6	1.42	1	2.84	45.58	36.83	49.76	399.96	393.93	7.611	9.777	7.73	9.93	199.8	1699	3	100.9	10.8	0.0246	0.7	-0.22	2.74	1.00	0.00	0.16	111115
196	"11:31:22"	20180721	202	0	1.72	0.0136	167	0.735	5.26	36.83	6	1.42	1	2.84	45.58	36.83	49.76	399.95	393.90	7.590	9.775	7.71	9.93	199.7	1699	3	100.9	10.8	0.0246	0.7	-0.22	2.74	1.00	0.00	0.16	111115
197	"11:31:23"	20180721	202	0	1.7	0.0137	170	0.74	5.26	36.83	6	1.42	1	2.84	45.58	36.83	49.76	399.94	393.95	7.578	9.778	7.70	9.93	199.8	1699	3	100.9	10.8	0.0246	0.7	-0.22	2.74	1.00	0.00	0.16	111115
198	"11:31:23"	20180721	202	0	1.7	0.0138	171	0.742	5.26	36.83	6	1.42	1	2.84	45.58	36.83	49.76	399.95	393.96	7.569	9.778	7.69	9.93	199.8	1699	3	100.9	10.8	0.0246	0.7	-0.22	2.74	1.00	0.00	0.16	111115
199	"11:31:24"	20180721	202	0	1.71	0.0138	171	0.744	5.26	36.83	6	1.42	1	2.84	45.58	36.83	49.76	399.95	393.93	7.564	9.778	7.68	9.93	199.7	1699	3	100.9	10.8	0.0246	0.7	-0.22	2.74	1.00	0.00	0.16	111115
200	"11:31:24"	20180721	202	0	1.7	0.0139	172	0.746	5.26	36.83	6	1.42	1	2.84	45.58	36.83	49.76	399.93	393.93	7.559	9.778	7.68	9.93	199.7	1699	3	100.9	10.8	0.0246	0.7	-0.22	2.74	1.00	0.00	0.16	111115
201	"11:31:25"	20180721	202	0	1.71	0.014	173	0.756	5.26	36.84	6	1.42	1	2.84	45.58	36.84	49.76	399.98	393.95	7.530	9.778	7.65	9.93	199.8	1699	3	100.9	10.8	0.0246	0.7	-0.22	2.74	1.00	0.00	0.16	111115
202	"11:31:25"	20180721	202	0	1.71	0.014	174	0.756	5.27	36.84	6	1.42	1	2.84	45.59	36.84	49.75	399.97	393.95	7.529	9.778	7.64	9.93	199.8	1700	3	100.9	10.8	0.0246	0.7	-0.22	2.74	1.00	0.00	0.16	111115
203	"11:31:26"	20180721	202	0	1.68	0.014	176	0.756	5.27	36.85	6	1.42	1	2.84	45.59	36.85	49.75	399.96	394.00	7.529	9.778	7.64	9.93	199.7	1700	3	100.9	10.8	0.0246	0.7	-0.22	2.74	1.00	0.00	0.16	111115
204	"11:31:26"	20180721	202	0	1.67	0.014	177	0.757	5.27	36.86	6	1.42	1	2.84	45.59	36.86	49.75	399.98	394.05	7.530	9.780	7.64	9.93	199.8	1700	3	100.9	10.8	0.0246	0.7	-0.22	2.74	1.00	0.00	0.16	111115
205	"11:31:27"	20180721	202	0	1.69	0.014	176	0.756	5.27	36.87	6	1.42	1	2.84	45.59	36.87	49.75	399.99	394.02	7.530	9.779	7.64	9.93	199.7	1700	3	100.9	10.8	0.0246	0.7	-0.22	2.74	1.00	0.00	0.16	111115
206	"11:31:27"	20180721	202	0	1.69	0.014	175	0.757	5.27	36.87	6	1.42	1	2.84	45.59	36.87	49.75	399.99	394.01	7.530	9.781	7.64	9.93	199.7	1700	3	100.9	10.8	0.0246	0.7	-0.22	2.74	1.00	0.00	0.16	111115
207	"11:31:28"	20180721	202	0	1.68	0.014	177	0.757	5.27	36.87	6	1.42	1	2.84	45.59	36.87	49.75	399.97	394.03	7.529	9.781	7.64	9.93	199.7	1700	3	100.9	10.8	0.0246	0.7	-0.22	2.74	1.00	0.00	0.16	111115
208	"11:31:28"	20180721	202	0	1.69	0.014	176	0.757	5.27	36.87	6	1.42	1	2.84	45.59	36.87	49.75	400.01	394.04	7.530	9.782	7.64	9.93	199.7	1699	3	100.9	10.8	0.0246	0.7	-0.22	2.74	1.00	0.00	0.16	111115
209	"11:31:29"	20180721	202	0	1.73	0.014	172	0.758	5.27	36.87	6	1.42	1	2.84	45.59	36.87	49.75	400.08	393.99	7.530	9.785	7.64	9.93	199.7	1699	3	100.9	10.8	0.0246	0.7	-0.22	2.74	1.00	0.00	0.16	111115
210	"11:31:29"	20180721	202	0	1.75	0.0141	170	0.758	5.27	36.87	6	1.42	1	2.84	45.59	36.87	49.74	400.10	393.96	7.530	9.786	7.64	9.93	199.7	1699	3	100.9	10.8	0.0246	0.7	-0.22	2.74	1.00	0.00	0.16	111115
211	"11:31:30"	20180721	202	0	1.76	0.0141	168	0.759	5.27	36.86	6	1.42	1	2.84	45.60	36.86	49.74	400.11	393.92	7.530	9.788	7.64	9.93	199.7	1699	3	100.9	10.8	0.0246	0.7	-0.22	2.74	1.00	0.00	0.16	111115
212	"11:31:30"	20180721	202	0	1.75	0.0141	169	0.759	5.27	36.87	6	1.42	1	2.84	45.60	36.87	49.74	400.09	393.93	7.530	9.787	7.64	9.93	199.7	1699	3	100.9	10.8	0.0246	0.7	-0.22	2.74	1.00	0.00	0.16	111115
