"OPEN 6.3.4"
"Tue Jul 24 2018 09:04:26"
<open><version>"6.3.4"</version></open>
<open><configfile>"/User/Configs/UserPrefs/LED2x3.xml"</configfile></open>
<open><light><source>"6400-02 or -02B LED Source"</source><par_in>1<sensor>"SI-2503"<cal>-0.86<actinity>1.00</actinity><transm>1.00</transm></cal></sensor><transm>1</transm></par_in><par_out>1<sensor>"Q40491"<cal>6.5</cal></sensor></par_out></light></open>
<open><comps><file>"/User/Configs/Comps/StdComps_6.1"<header>""</header><extras></extras></file><energybal>no<f_parIn>1</f_parIn><f_parOut>0</f_parOut><alphaK>0.16</alphaK></energybal><bc_total>2.840<stomatal_ratio>1</stomatal_ratio><bc_oneside>1.420<type>2</type><table>"/Sys/Lib/StdBLCTable"</table><area>6</area><slope>-0.219565</slope><offset>2.73739</offset><fan>5</fan></bc_oneside></bc_total></comps></open>
<open><prompts><onlog>off</onlog><items>"Default (none)"</items></prompts></open>
<open><constants><oxygen>21 %</oxygen><bb_vapor>1.5</bb_vapor><bb_oxy>0.9</bb_oxy></constants></open>
<open><stability><items>"Std Stability"<items[1]><id>-2</id><size>15</size><pcv><onoff>0</onoff><value>1</value></pcv><std><onoff>0</onoff><value>1</value></std><slp><onoff>1</onoff><value>1</value></slp></items[1]><items[2]><id>-5</id><size>15</size><pcv><onoff>0</onoff><value>1</value></pcv><std><onoff>0</onoff><value>1</value></std><slp><onoff>1</onoff><value>1</value></slp></items[2]><items[3]><id>-7</id><size>15</size><pcv><onoff>0</onoff><value>1</value></pcv><std><onoff>0</onoff><value>1</value></std><slp><onoff>1</onoff><value>1</value></slp></items[3]></items></stability></open>
<open><log><format>"StdLogFmt_6.0"<items>{ -35 -21 -70 -69 -76 30 23 36 21 25 221 -33 111 -34 11 -9 -10 -8 -1 -2 -4 -5 -14 -15 -7 -12 -13 -11 -65 -66 -72 -18 -19 -77 -78 -79 -23  }<hdr>{  }</hdr></items></format><options><beep>on</beep><match>"never"<time>30</time><co2>100</co2><delta>10</delta></match><hdr>normal</hdr><rem>normal</rem><stab>no</stab><stats>no<mean>no</mean><file>no</file><period>15</period></stats><excel>yes</excel><controls>yes</controls><comm>no</comm></options><datafile>"/User/0000-AAT5935-240718"</datafile><button><action>"Normal Log"<code>" LogOneObsManual "</code></action></button><autoprog>"/User/Configs/AutoProgs/AutoLog2"<active>no</active></autoprog></log></open>
<open><a2d><avgtime>4.0 secs</avgtime><userchans><ch20>"Off"</ch20><ch21>"Off"</ch21><ch22>"Off"</ch22><ch23>"Off"</ch23></userchans></a2d></open>
<open><matching><type>0</type><disp>'a'</disp><settings>><CO2Limit>10.0</CO2Limit><H2OLimit>1.0</H2OLimit><MaxAutoTime>60</MaxAutoTime><AverageTime>10</AverageTime></settings></matching></open>
<li6400><factory><unit>"PSC-2470"</unit><serviced>"5 Feb 2018"</serviced><fuseaware>0</fuseaware><co2mixer>yes</co2mixer><co2><coeffs>{ 0 0.214772 2.55802e-05 1.93228e-08 -3.02262e-12 2.75724e-16  }</coeffs><dvdt>-4</dvdt><xs>{ 9.11e-05 0.00178  }</xs></co2><h2o><coeffs>{ 0 0.00581526 2.16703e-06 7.69607e-12  }</coeffs><dvdt>-2.9</dvdt><xs>{ -0.000111 -0.00256  }</xs></h2o><flow>{ 0 0.3696  }</flow><press>{ 86.913 0.00551  }</press></factory></li6400>
<li6400><user><flow_zero>-3.5</flow_zero><irga_zero><co2>113.5 152.5<at>27.1329</at></co2><h2o>-3.5 -3.5<at>28.1091</at></h2o></irga_zero><irga_span><co2>{ 0.990134 0.992694  }</co2><h2o>{ 0.996743 0.99801  }</h2o></irga_span><irga_match><co2>{ 0.110267 11.0825  }</co2><h2o>{ -0.0816591 -0.278421  }</h2o></irga_match><co2_mixer><pump_mv>4500</pump_mv><ppm>{ 2352.67 1117.67 439.284 266.3 121.188 70.6751 48.8233 48.8102  }</ppm><mv>{ 5000 3000 1500 1000 500 300 200 100  }</mv></co2_mixer><parin_offset>-0.211894</parin_offset><led_cal><unit>"SI-2503"</unit><mv>{ 10 25 50 100 1000 2000 3000 4000 5000  }</mv><qntm>{ 1.83047 9.20354 23.3042 57.5395 736.221 1467.2 2160.1 2821.48 3447.04  }</qntm></led_cal><lcf_cal><unit>"LCF-0981"</unit><red><mv>{ 50 100 200 400 800 1500  }</mv><qntm>{ 64.6036 145.758 312.409 661.73 1377.94 2641.23  }</qntm></red><blue><mv>{ 100 500 1000 2000 3000 4000 5000  }</mv><qntm>{ 11.107 44.4539 81.9578 145.168 203.372 256.093 300.56  }</qntm></blue></lcf_cal></user></li6400>
"09:04:28 "
$STARTOFDATA$
"Obs"	"HHMMSS"	"YYYYMMDD"	"DOY"	"EBal?"	"Photo"	"Cond"	"Ci"	"Trmmol"	"VpdL"	"CTleaf"	"Area"	"BLC_1"	"StmRat"	"BLCond"	"Tair"	"Tleaf"	"TBlk"	"CO2R"	"CO2S"	"H2OR"	"H2OS"	"RH_R"	"RH_S"	"Flow"	"PARi"	"PARo"	"Press"	"CsMch"	"HsMch"	"StableF"	"BLCslope"	"BLCoffst"	"f_parin"	"f_parout"	"alphaK"	"Status"
"09:13:48 Flow: Fixed -> 300 umol/s"
"09:18:27 Coolers: Tblock -> 0.00 C"
"09:31:03 Coolers: Tblock -> 0.64 C"
"09:31:38 Flow: Fixed -> 300 umol/s"
1	"09:31:47"	20180724	205	0	3.26	0.0729	316	0.548	0.768	6.99	6	1.42	1	2.84	2.60	6.99	0.73	400.09	393.14	1.281	2.373	17.35	32.15	300.2	1700	2	100.2	11.1	-0.278	1.0	-0.22	2.74	1.00	0.00	0.16	111115
2	"09:31:48"	20180724	205	0	3.26	0.0729	316	0.548	0.768	6.99	6	1.42	1	2.84	2.60	6.99	0.73	400.09	393.14	1.281	2.373	17.35	32.15	300.2	1700	2	100.2	11.1	-0.278	1.0	-0.22	2.74	1.00	0.00	0.16	111115
3	"09:31:48"	20180724	205	0	3.25	0.0729	316	0.548	0.767	6.99	6	1.42	1	2.84	2.60	6.99	0.73	400.09	393.15	1.280	2.373	17.35	32.14	300.2	1700	2	100.2	11.1	-0.278	1.0	-0.22	2.74	1.00	0.00	0.16	111115
4	"09:31:49"	20180724	205	0	3.26	0.0729	316	0.547	0.766	6.98	6	1.42	1	2.84	2.60	6.98	0.73	400.08	393.14	1.280	2.372	17.34	32.13	300.2	1700	2	100.2	11.1	-0.278	1.0	-0.22	2.74	1.00	0.00	0.16	111115
5	"09:31:49"	20180724	205	0	3.23	0.0729	316	0.548	0.767	6.98	6	1.42	1	2.84	2.60	6.98	0.73	400.06	393.17	1.280	2.372	17.34	32.14	300.2	1700	2	100.2	11.1	-0.278	1.0	-0.22	2.74	1.00	0.00	0.16	111115
6	"09:31:50"	20180724	205	0	3.22	0.0729	317	0.547	0.767	6.98	6	1.42	1	2.84	2.60	6.98	0.73	400.05	393.18	1.280	2.372	17.34	32.13	300.2	1700	2	100.2	11.1	-0.278	1.0	-0.22	2.74	1.00	0.00	0.16	111115
7	"09:31:50"	20180724	205	0	3.21	0.073	317	0.548	0.767	6.98	6	1.42	1	2.84	2.60	6.98	0.73	400.00	393.16	1.280	2.373	17.34	32.14	300.2	1700	2	100.2	11.1	-0.278	1.0	-0.22	2.74	1.00	0.00	0.16	111115
8	"09:31:51"	20180724	205	0	3.21	0.073	317	0.548	0.767	6.98	6	1.42	1	2.84	2.60	6.98	0.73	400.01	393.15	1.280	2.372	17.34	32.14	300.2	1700	2	100.2	11.1	-0.278	1.0	-0.22	2.74	1.00	0.00	0.16	111115
9	"09:31:51"	20180724	205	0	3.21	0.073	317	0.547	0.766	6.97	6	1.42	1	2.84	2.60	6.97	0.73	400.02	393.17	1.280	2.372	17.34	32.13	300.2	1700	2	100.2	11.1	-0.278	1.0	-0.22	2.74	1.00	0.00	0.16	111115
10	"09:31:52"	20180724	205	0	3.22	0.073	317	0.548	0.766	6.97	6	1.42	1	2.84	2.60	6.97	0.73	400.05	393.19	1.280	2.372	17.34	32.13	300.2	1700	2	100.2	11.1	-0.278	1.0	-0.22	2.74	1.00	0.00	0.16	111115
11	"09:31:52"	20180724	205	0	3.21	0.0729	317	0.547	0.767	6.98	6	1.42	1	2.84	2.60	6.98	0.73	400.06	393.21	1.280	2.372	17.34	32.13	300.2	1700	2	100.2	11.1	-0.278	1.0	-0.22	2.74	1.00	0.00	0.16	111115
12	"09:31:53"	20180724	205	0	3.19	0.0729	317	0.548	0.767	6.99	6	1.42	1	2.84	2.60	6.99	0.73	400.05	393.24	1.280	2.372	17.34	32.14	300.2	1700	2	100.2	11.1	-0.278	1.0	-0.22	2.74	1.00	0.00	0.16	111115
13	"09:31:53"	20180724	205	0	3.22	0.0729	317	0.547	0.767	6.99	6	1.42	1	2.84	2.60	6.99	0.73	400.08	393.22	1.280	2.372	17.34	32.13	300.2	1700	2	100.2	11.1	-0.278	1.0	-0.22	2.74	1.00	0.00	0.16	111115
14	"09:31:54"	20180724	205	0	3.22	0.0729	317	0.547	0.767	6.98	6	1.42	1	2.84	2.60	6.98	0.73	400.09	393.22	1.280	2.372	17.34	32.13	300.2	1700	2	100.2	11.1	-0.278	1.0	-0.22	2.74	1.00	0.00	0.16	111115
15	"09:31:54"	20180724	205	0	3.23	0.0729	316	0.547	0.767	6.98	6	1.42	1	2.84	2.60	6.98	0.73	400.11	393.23	1.280	2.371	17.35	32.12	300.2	1700	3	100.2	11.1	-0.278	1.0	-0.22	2.74	1.00	0.00	0.16	111115
16	"09:31:55"	20180724	205	0	3.24	0.0728	316	0.547	0.767	6.98	6	1.42	1	2.84	2.60	6.98	0.73	400.14	393.23	1.280	2.370	17.34	32.11	300.2	1700	3	100.2	11.1	-0.278	1.0	-0.22	2.74	1.00	0.00	0.16	111115
17	"09:31:55"	20180724	205	0	3.23	0.0728	316	0.547	0.767	6.98	6	1.42	1	2.84	2.60	6.98	0.73	400.13	393.25	1.280	2.371	17.34	32.11	300.2	1700	3	100.2	11.1	-0.278	1.0	-0.22	2.74	1.00	0.00	0.16	111115
18	"09:31:56"	20180724	205	0	3.2	0.0729	317	0.547	0.767	6.99	6	1.42	1	2.84	2.60	6.99	0.73	400.08	393.26	1.279	2.371	17.33	32.12	300.2	1700	3	100.2	11.1	-0.278	1.0	-0.22	2.74	1.00	0.00	0.16	111115
19	"09:31:56"	20180724	205	0	3.21	0.0729	317	0.547	0.767	6.98	6	1.42	1	2.84	2.60	6.98	0.73	400.09	393.25	1.279	2.371	17.33	32.12	300.2	1700	3	100.2	11.1	-0.278	1.0	-0.22	2.74	1.00	0.00	0.16	111115
"09:32:27 Coolers: Tblock -> 5.00 C"
"09:34:57 Flow: Fixed -> 300 umol/s"
20	"09:35:15"	20180724	205	0	2.9	0.0709	322	0.547	0.786	8.91	6	1.42	1	2.84	6.00	8.91	5.11	399.75	393.52	2.499	3.589	26.67	38.29	300.2	1699	2	100.2	11.1	-0.278	1.0	-0.22	2.74	1.00	0.00	0.16	111115
21	"09:35:16"	20180724	205	0	2.9	0.0709	322	0.547	0.786	8.91	6	1.42	1	2.84	6.00	8.91	5.11	399.75	393.52	2.499	3.589	26.67	38.29	300.2	1699	2	100.2	11.1	-0.278	1.0	-0.22	2.74	1.00	0.00	0.16	111115
22	"09:35:16"	20180724	205	0	2.89	0.071	322	0.547	0.786	8.91	6	1.42	1	2.84	6.00	8.91	5.11	399.67	393.46	2.499	3.589	26.66	38.29	300.2	1699	2	100.2	11.1	-0.278	1.0	-0.22	2.74	1.00	0.00	0.16	111115
23	"09:35:16"	20180724	205	0	2.89	0.071	322	0.547	0.786	8.91	6	1.42	1	2.84	6.00	8.91	5.11	399.67	393.46	2.499	3.589	26.66	38.29	300.2	1699	2	100.2	11.1	-0.278	1.0	-0.22	2.74	1.00	0.00	0.16	111115
24	"09:35:17"	20180724	205	0	2.93	0.071	321	0.547	0.785	8.90	6	1.42	1	2.84	6.00	8.90	5.11	399.67	393.38	2.499	3.589	26.66	38.29	300.2	1699	2	100.2	11.1	-0.278	1.0	-0.22	2.74	1.00	0.00	0.16	111115
25	"09:35:17"	20180724	205	0	2.96	0.071	321	0.547	0.785	8.90	6	1.42	1	2.84	6.01	8.90	5.11	399.67	393.32	2.500	3.589	26.66	38.28	300.2	1699	2	100.2	11.1	-0.278	1.0	-0.22	2.74	1.00	0.00	0.16	111115
26	"09:35:18"	20180724	205	0	2.98	0.0709	320	0.546	0.785	8.90	6	1.42	1	2.84	6.01	8.90	5.11	399.66	393.27	2.500	3.588	26.67	38.27	300.2	1699	2	100.2	11.1	-0.278	0.7	-0.22	2.74	1.00	0.00	0.16	111115
27	"09:35:19"	20180724	205	0	3.01	0.0709	319	0.546	0.785	8.90	6	1.42	1	2.84	6.01	8.90	5.11	399.66	393.22	2.500	3.588	26.67	38.26	300.2	1699	2	100.2	11.1	-0.278	0.7	-0.22	2.74	1.00	0.00	0.16	111115
28	"09:35:19"	20180724	205	0	3.03	0.0708	319	0.546	0.785	8.90	6	1.42	1	2.84	6.01	8.90	5.11	399.64	393.15	2.501	3.588	26.67	38.27	300.2	1699	2	100.2	11.1	-0.278	0.7	-0.22	2.74	1.00	0.00	0.16	111115
29	"09:35:20"	20180724	205	0	3.09	0.0708	317	0.546	0.786	8.91	6	1.42	1	2.84	6.01	8.91	5.11	399.62	393.01	2.502	3.589	26.68	38.27	300.2	1699	2	100.2	11.1	-0.278	0.7	-0.22	2.74	1.00	0.00	0.16	111115
30	"09:35:20"	20180724	205	0	3.08	0.0707	317	0.545	0.786	8.92	6	1.42	1	2.84	6.01	8.92	5.11	399.58	392.99	2.503	3.589	26.69	38.26	300.2	1699	2	100.2	11.1	-0.278	0.7	-0.22	2.74	1.00	0.00	0.16	111115
31	"09:35:21"	20180724	205	0	3.08	0.0707	317	0.545	0.786	8.92	6	1.42	1	2.84	6.01	8.92	5.11	399.54	392.95	2.503	3.589	26.69	38.27	300.2	1699	2	100.2	11.1	-0.278	0.7	-0.22	2.74	1.00	0.00	0.16	111115
32	"09:35:21"	20180724	205	0	3.09	0.0706	317	0.545	0.787	8.92	6	1.42	1	2.84	6.01	8.92	5.11	399.52	392.91	2.504	3.590	26.69	38.27	300.1	1699	2	100.2	11.1	-0.278	0.7	-0.22	2.74	1.00	0.00	0.16	111115
33	"09:35:22"	20180724	205	0	3.1	0.0705	317	0.545	0.788	8.94	6	1.42	1	2.84	6.01	8.94	5.11	399.49	392.87	2.505	3.590	26.70	38.27	300.1	1699	2	100.2	11.1	-0.278	0.7	-0.22	2.74	1.00	0.00	0.16	111115
34	"09:35:22"	20180724	205	0	3.12	0.0705	316	0.545	0.788	8.95	6	1.42	1	2.84	6.02	8.95	5.11	399.50	392.83	2.505	3.591	26.70	38.28	300.1	1699	2	100.2	11.1	-0.278	0.7	-0.22	2.74	1.00	0.00	0.16	111115
35	"09:35:23"	20180724	205	0	3.16	0.0704	315	0.545	0.789	8.95	6	1.42	1	2.84	6.02	8.95	5.11	399.52	392.78	2.505	3.591	26.70	38.27	300.1	1699	3	100.2	11.1	-0.278	0.7	-0.22	2.74	1.00	0.00	0.16	111115
36	"09:36:32"	20180724	205	0	3.77	0.0712	301	0.559	0.8	9.13	6	1.42	1	2.84	6.11	9.13	5.10	400.09	392.11	2.505	3.618	26.53	38.33	300.2	1699	2	100.2	11.1	-0.278	1.0	-0.22	2.74	1.00	0.00	0.16	111115
37	"09:36:33"	20180724	205	0	3.77	0.0712	301	0.559	0.8	9.13	6	1.42	1	2.84	6.11	9.13	5.10	400.09	392.11	2.505	3.618	26.53	38.33	300.2	1699	2	100.2	11.1	-0.278	1.0	-0.22	2.74	1.00	0.00	0.16	111115
38	"09:36:33"	20180724	205	0	3.75	0.0711	301	0.558	0.8	9.13	6	1.42	1	2.84	6.11	9.13	5.10	400.07	392.13	2.506	3.617	26.54	38.32	300.1	1699	2	100.2	11.1	-0.278	1.0	-0.22	2.74	1.00	0.00	0.16	111115
39	"09:36:34"	20180724	205	0	3.76	0.0712	301	0.558	0.799	9.12	6	1.42	1	2.84	6.11	9.12	5.10	400.07	392.12	2.506	3.617	26.54	38.32	300.1	1699	2	100.2	11.1	-0.278	1.0	-0.22	2.74	1.00	0.00	0.16	111115
40	"09:36:34"	20180724	205	0	3.77	0.0712	301	0.559	0.799	9.12	6	1.42	1	2.84	6.11	9.12	5.10	400.08	392.11	2.505	3.618	26.54	38.32	300.2	1699	2	100.2	11.1	-0.278	1.0	-0.22	2.74	1.00	0.00	0.16	111115
41	"09:36:35"	20180724	205	0	3.78	0.0713	301	0.559	0.799	9.12	6	1.42	1	2.84	6.11	9.12	5.10	400.10	392.11	2.506	3.619	26.54	38.33	300.2	1699	2	100.2	11.1	-0.278	1.0	-0.22	2.74	1.00	0.00	0.16	111115
42	"09:36:35"	20180724	205	0	3.77	0.0713	301	0.559	0.799	9.12	6	1.42	1	2.84	6.11	9.12	5.10	400.10	392.12	2.505	3.619	26.53	38.33	300.2	1699	2	100.2	11.1	-0.278	1.0	-0.22	2.74	1.00	0.00	0.16	111115
43	"09:36:36"	20180724	205	0	3.79	0.0713	301	0.559	0.799	9.12	6	1.42	1	2.84	6.11	9.12	5.10	400.11	392.10	2.505	3.619	26.53	38.33	300.1	1699	2	100.2	11.1	-0.278	1.0	-0.22	2.74	1.00	0.00	0.16	111115
44	"09:36:36"	20180724	205	0	3.81	0.0713	300	0.559	0.8	9.13	6	1.42	1	2.84	6.11	9.13	5.10	400.13	392.08	2.505	3.619	26.53	38.33	300.2	1699	2	100.2	11.1	-0.278	1.0	-0.22	2.74	1.00	0.00	0.16	111115
45	"09:36:37"	20180724	205	0	3.85	0.0712	299	0.559	0.8	9.13	6	1.42	1	2.84	6.11	9.13	5.10	400.17	392.04	2.505	3.619	26.53	38.32	300.2	1699	2	100.2	11.1	-0.278	1.0	-0.22	2.74	1.00	0.00	0.16	111115
46	"09:36:37"	20180724	205	0	3.86	0.0712	299	0.559	0.8	9.12	6	1.42	1	2.84	6.11	9.12	5.10	400.19	392.04	2.506	3.619	26.53	38.32	300.2	1699	2	100.2	11.1	-0.278	1.0	-0.22	2.74	1.00	0.00	0.16	111115
47	"09:36:38"	20180724	205	0	3.87	0.0712	299	0.559	0.8	9.13	6	1.42	1	2.84	6.11	9.13	5.10	400.20	392.02	2.506	3.619	26.53	38.32	300.2	1699	2	100.2	11.1	-0.278	1.0	-0.22	2.74	1.00	0.00	0.16	111115
48	"09:36:39"	20180724	205	0	3.89	0.071	298	0.558	0.801	9.14	6	1.42	1	2.84	6.11	9.14	5.10	400.24	392.02	2.506	3.618	26.54	38.31	300.2	1699	2	100.2	11.1	-0.278	1.0	-0.22	2.74	1.00	0.00	0.16	111115
49	"09:36:39"	20180724	205	0	3.9	0.0711	298	0.558	0.801	9.14	6	1.42	1	2.84	6.11	9.14	5.10	400.24	392.01	2.506	3.619	26.54	38.32	300.2	1699	3	100.2	11.1	-0.278	1.0	-0.22	2.74	1.00	0.00	0.16	111115
50	"09:36:40"	20180724	205	0	3.88	0.071	298	0.558	0.801	9.14	6	1.42	1	2.84	6.11	9.14	5.10	400.23	392.03	2.507	3.618	26.54	38.31	300.2	1699	3	100.2	11.1	-0.278	1.0	-0.22	2.74	1.00	0.00	0.16	111115
51	"09:36:40"	20180724	205	0	3.86	0.0711	299	0.559	0.801	9.15	6	1.42	1	2.84	6.11	9.15	5.10	400.21	392.05	2.506	3.619	26.54	38.32	300.1	1699	3	100.2	11.1	-0.278	1.0	-0.22	2.74	1.00	0.00	0.16	111115
52	"09:36:41"	20180724	205	0	3.82	0.0711	300	0.559	0.801	9.15	6	1.42	1	2.84	6.11	9.15	5.10	400.18	392.11	2.506	3.620	26.54	38.33	300.2	1699	4	100.2	11.1	-0.278	1.0	-0.22	2.74	1.00	0.00	0.16	111115
53	"09:36:41"	20180724	205	0	3.81	0.0713	300	0.56	0.801	9.15	6	1.42	1	2.84	6.11	9.15	5.10	400.16	392.10	2.506	3.622	26.53	38.34	300.2	1699	4	100.2	11.1	-0.278	1.0	-0.22	2.74	1.00	0.00	0.16	111115
54	"09:36:42"	20180724	205	0	3.8	0.0713	301	0.56	0.802	9.15	6	1.42	1	2.84	6.11	9.15	5.10	400.14	392.11	2.506	3.622	26.53	38.35	300.2	1699	4	100.2	11.1	-0.278	1.0	-0.22	2.74	1.00	0.00	0.16	111115
"09:36:59 Coolers: Tblock -> 10.00 C"
"09:39:17 Flow: Fixed -> 300 umol/s"
55	"09:39:20"	20180724	205	0	4.02	0.0673	289	0.576	0.869	11.00	6	1.42	1	2.84	10.02	11.00	10.10	399.42	390.92	3.332	4.477	27.05	36.35	300.2	1699	2	100.2	11.1	-0.278	1.0	-0.22	2.74	1.00	0.00	0.16	111115
56	"09:39:20"	20180724	205	0	4.02	0.0673	289	0.576	0.869	11.00	6	1.42	1	2.84	10.02	11.00	10.10	399.42	390.92	3.332	4.477	27.05	36.35	300.2	1699	2	100.2	11.1	-0.278	1.0	-0.22	2.74	1.00	0.00	0.16	111115
57	"09:39:21"	20180724	205	0	4.07	0.0684	289	0.584	0.869	11.00	6	1.42	1	2.84	10.02	11.00	10.09	399.50	390.90	3.316	4.479	26.92	36.36	300.1	1699	2	100.2	11.1	-0.278	1.0	-0.22	2.74	1.00	0.00	0.16	111115
58	"09:39:21"	20180724	205	0	4.11	0.069	289	0.59	0.869	11.00	6	1.42	1	2.84	10.02	11.00	10.09	399.57	390.90	3.305	4.479	26.83	36.36	300.1	1699	2	100.2	11.1	-0.278	1.0	-0.22	2.74	1.00	0.00	0.16	111115
59	"09:39:22"	20180724	205	0	4.13	0.0695	289	0.594	0.869	11.01	6	1.42	1	2.84	10.02	11.01	10.09	399.62	390.90	3.297	4.479	26.76	36.36	300.1	1699	2	100.2	11.1	-0.278	1.0	-0.22	2.74	1.00	0.00	0.16	111115
60	"09:39:22"	20180724	205	0	4.26	0.0728	290	0.622	0.87	11.01	6	1.42	1	2.84	10.02	11.01	10.09	399.93	390.92	3.242	4.479	26.31	36.36	300.1	1699	2	100.2	11.1	-0.278	1.0	-0.22	2.74	1.00	0.00	0.16	111115
61	"09:39:23"	20180724	205	0	4.27	0.073	291	0.623	0.87	11.01	6	1.42	1	2.84	10.02	11.01	10.09	399.93	390.92	3.239	4.480	26.29	36.36	300.1	1699	2	100.2	11.1	-0.278	1.0	-0.22	2.74	1.00	0.00	0.16	111115
62	"09:39:23"	20180724	205	0	4.28	0.073	290	0.623	0.87	11.02	6	1.42	1	2.84	10.03	11.02	10.09	399.97	390.91	3.239	4.480	26.28	36.35	300.1	1699	2	100.2	11.1	-0.278	1.0	-0.22	2.74	1.00	0.00	0.16	111115
63	"09:39:24"	20180724	205	0	4.3	0.073	290	0.624	0.87	11.02	6	1.42	1	2.84	10.03	11.02	10.09	399.98	390.90	3.239	4.480	26.28	36.35	300.1	1699	2	100.2	11.1	-0.278	1.0	-0.22	2.74	1.00	0.00	0.16	111115
64	"09:39:24"	20180724	205	0	4.32	0.0731	289	0.624	0.87	11.02	6	1.42	1	2.84	10.03	11.02	10.09	400.00	390.86	3.239	4.482	26.28	36.36	300.1	1699	3	100.2	11.1	-0.278	1.0	-0.22	2.74	1.00	0.00	0.16	111115
65	"09:39:25"	20180724	205	0	4.34	0.073	289	0.624	0.87	11.02	6	1.42	1	2.84	10.03	11.02	10.09	400.02	390.87	3.239	4.481	26.27	36.35	300.1	1699	3	100.2	11.1	-0.278	1.0	-0.22	2.74	1.00	0.00	0.16	111115
66	"09:39:25"	20180724	205	0	4.33	0.0732	289	0.626	0.87	11.02	6	1.42	1	2.84	10.03	11.02	10.08	400.02	390.87	3.239	4.483	26.27	36.36	300.1	1699	3	100.2	11.1	-0.278	1.0	-0.22	2.74	1.00	0.00	0.16	111115
67	"09:39:26"	20180724	205	0	4.35	0.0733	289	0.626	0.87	11.02	6	1.42	1	2.84	10.03	11.02	10.08	400.03	390.85	3.237	4.483	26.26	36.36	300.1	1699	3	100.2	11.1	-0.278	1.0	-0.22	2.74	1.00	0.00	0.16	111115
68	"09:39:26"	20180724	205	0	4.35	0.0733	289	0.627	0.87	11.02	6	1.42	1	2.84	10.03	11.02	10.08	400.03	390.84	3.237	4.484	26.25	36.36	300.1	1699	3	100.2	11.1	-0.278	1.0	-0.22	2.74	1.00	0.00	0.16	111115
69	"09:39:27"	20180724	205	0	4.34	0.0733	289	0.626	0.87	11.02	6	1.42	1	2.84	10.04	11.02	10.08	400.00	390.83	3.237	4.484	26.25	36.36	300.1	1699	3	100.2	11.1	-0.278	1.0	-0.22	2.74	1.00	0.00	0.16	111115
70	"09:39:27"	20180724	205	0	4.34	0.0734	289	0.627	0.87	11.03	6	1.42	1	2.84	10.04	11.03	10.08	399.98	390.81	3.237	4.485	26.25	36.36	300.1	1699	3	100.2	11.1	-0.278	1.0	-0.22	2.74	1.00	0.00	0.16	111115
71	"09:39:28"	20180724	205	0	4.33	0.0734	290	0.627	0.871	11.03	6	1.42	1	2.84	10.04	11.03	10.08	399.98	390.83	3.237	4.485	26.24	36.36	300.1	1699	3	100.2	11.1	-0.278	1.0	-0.22	2.74	1.00	0.00	0.16	111115
72	"09:39:28"	20180724	205	0	4.32	0.0733	290	0.627	0.871	11.03	6	1.42	1	2.84	10.04	11.03	10.08	399.97	390.84	3.237	4.485	26.24	36.35	300.1	1699	3	100.2	11.1	-0.278	1.0	-0.22	2.74	1.00	0.00	0.16	111115
73	"09:39:29"	20180724	205	0	4.31	0.0734	290	0.628	0.871	11.04	6	1.42	1	2.84	10.04	11.04	10.08	399.94	390.83	3.237	4.487	26.23	36.37	300.1	1699	3	100.2	11.1	-0.278	1.0	-0.22	2.74	1.00	0.00	0.16	111115
74	"09:39:29"	20180724	205	0	4.32	0.0734	290	0.628	0.871	11.04	6	1.42	1	2.84	10.04	11.04	10.08	399.95	390.83	3.237	4.486	26.23	36.36	300.1	1699	3	100.2	11.1	-0.278	1.0	-0.22	2.74	1.00	0.00	0.16	111115
75	"09:39:30"	20180724	205	0	4.3	0.0734	290	0.628	0.871	11.04	6	1.42	1	2.84	10.05	11.04	10.08	399.94	390.86	3.238	4.487	26.24	36.36	300.1	1699	3	100.2	11.1	-0.278	1.0	-0.22	2.74	1.00	0.00	0.16	111115
76	"09:39:30"	20180724	205	0	4.31	0.0735	290	0.629	0.872	11.04	6	1.42	1	2.84	10.05	11.04	10.08	399.94	390.83	3.238	4.489	26.23	36.37	300.1	1699	3	100.2	11.1	-0.278	1.0	-0.22	2.74	1.00	0.00	0.16	111115
77	"09:39:31"	20180724	205	0	4.32	0.0735	290	0.629	0.873	11.06	6	1.42	1	2.84	10.05	11.06	10.09	399.96	390.84	3.237	4.490	26.23	36.37	300.1	1699	3	100.2	11.1	-0.278	1.0	-0.22	2.74	1.00	0.00	0.16	111115
78	"09:39:46"	20180724	205	0	4.37	0.0735	289	0.638	0.884	11.21	6	1.42	1	2.84	10.11	11.21	10.10	400.01	390.78	3.240	4.510	26.14	36.39	300.1	1699	2	100.2	11.1	-0.278	1.0	-0.22	2.74	1.00	0.00	0.16	111115
79	"09:39:47"	20180724	205	0	4.37	0.0735	289	0.638	0.884	11.21	6	1.42	1	2.84	10.11	11.21	10.10	400.01	390.78	3.240	4.510	26.14	36.39	300.1	1699	2	100.2	11.1	-0.278	1.0	-0.22	2.74	1.00	0.00	0.16	111115
80	"09:39:47"	20180724	205	0	4.38	0.0735	288	0.638	0.885	11.21	6	1.42	1	2.84	10.11	11.21	10.10	400.04	390.78	3.240	4.510	26.14	36.38	300.1	1699	2	100.2	11.1	-0.278	1.0	-0.22	2.74	1.00	0.00	0.16	111115
81	"09:39:48"	20180724	205	0	4.39	0.0734	288	0.638	0.885	11.22	6	1.42	1	2.84	10.11	11.22	10.09	400.03	390.76	3.239	4.509	26.13	36.37	300.1	1699	2	100.2	11.1	-0.278	1.0	-0.22	2.74	1.00	0.00	0.16	111115
82	"09:39:48"	20180724	205	0	4.39	0.0735	288	0.639	0.885	11.22	6	1.42	1	2.84	10.12	11.22	10.09	400.04	390.76	3.239	4.510	26.13	36.38	300.1	1699	2	100.2	11.1	-0.278	1.0	-0.22	2.74	1.00	0.00	0.16	111115
83	"09:39:49"	20180724	205	0	4.44	0.0735	287	0.639	0.886	11.23	6	1.42	1	2.84	10.12	11.23	10.09	400.09	390.72	3.239	4.511	26.12	36.38	300.1	1699	2	100.2	11.1	-0.278	1.0	-0.22	2.74	1.00	0.00	0.16	111115
84	"09:39:49"	20180724	205	0	4.46	0.0734	287	0.639	0.886	11.23	6	1.42	1	2.84	10.12	11.23	10.09	400.13	390.72	3.240	4.511	26.13	36.38	300.1	1699	2	100.2	11.1	-0.278	1.0	-0.22	2.74	1.00	0.00	0.16	111115
85	"09:39:50"	20180724	205	0	4.43	0.0735	287	0.639	0.886	11.24	6	1.42	1	2.84	10.12	11.24	10.09	400.10	390.74	3.240	4.513	26.13	36.39	300.1	1699	2	100.2	11.1	-0.278	1.0	-0.22	2.74	1.00	0.00	0.16	111115
86	"09:39:50"	20180724	205	0	4.4	0.0734	288	0.639	0.887	11.24	6	1.42	1	2.84	10.12	11.24	10.09	400.06	390.76	3.240	4.513	26.12	36.38	300.1	1699	2	100.2	11.1	-0.278	1.0	-0.22	2.74	1.00	0.00	0.16	111115
87	"09:39:51"	20180724	205	0	4.4	0.0735	288	0.64	0.887	11.24	6	1.42	1	2.84	10.12	11.24	10.09	400.03	390.74	3.240	4.514	26.12	36.39	300.1	1699	2	100.2	11.1	-0.278	1.0	-0.22	2.74	1.00	0.00	0.16	111115
88	"09:39:52"	20180724	205	0	4.39	0.0735	288	0.64	0.887	11.25	6	1.42	1	2.84	10.13	11.25	10.10	400.01	390.74	3.240	4.514	26.11	36.38	300.1	1699	2	100.2	11.1	-0.278	1.0	-0.22	2.74	1.00	0.00	0.16	111115
89	"09:39:52"	20180724	205	0	4.38	0.0735	288	0.641	0.888	11.25	6	1.42	1	2.84	10.13	11.25	10.10	400.01	390.74	3.241	4.516	26.12	36.39	300.1	1699	2	100.2	11.1	-0.278	1.0	-0.22	2.74	1.00	0.00	0.16	111115
90	"09:39:53"	20180724	205	0	4.38	0.0735	289	0.641	0.888	11.26	6	1.42	1	2.84	10.13	11.26	10.10	400.00	390.74	3.241	4.517	26.12	36.40	300.1	1699	2	100.2	11.1	-0.278	1.0	-0.22	2.74	1.00	0.00	0.16	111115
91	"09:39:53"	20180724	205	0	4.39	0.0736	288	0.642	0.888	11.27	6	1.42	1	2.84	10.13	11.27	10.10	400.00	390.72	3.241	4.518	26.11	36.40	300.1	1699	2	100.2	11.1	-0.278	1.0	-0.22	2.74	1.00	0.00	0.16	111115
92	"09:39:54"	20180724	205	0	4.41	0.0735	288	0.642	0.889	11.27	6	1.42	1	2.84	10.13	11.27	10.10	400.03	390.71	3.241	4.517	26.10	36.39	300.1	1699	2	100.2	11.1	-0.278	1.0	-0.22	2.74	1.00	0.00	0.16	111115
93	"09:39:54"	20180724	205	0	4.44	0.0735	287	0.642	0.889	11.27	6	1.42	1	2.84	10.14	11.27	10.10	400.08	390.70	3.241	4.518	26.10	36.39	300.1	1699	2	100.2	11.1	-0.278	1.0	-0.22	2.74	1.00	0.00	0.16	111115
94	"09:39:55"	20180724	205	0	4.44	0.0735	287	0.641	0.889	11.27	6	1.42	1	2.84	10.14	11.27	10.10	400.10	390.73	3.241	4.517	26.10	36.38	300.1	1699	3	100.2	11.1	-0.278	1.0	-0.22	2.74	1.00	0.00	0.16	111115
95	"09:39:55"	20180724	205	0	4.44	0.0736	287	0.642	0.889	11.27	6	1.42	1	2.84	10.14	11.27	10.10	400.10	390.73	3.241	4.519	26.10	36.39	300.1	1698	3	100.2	11.1	-0.278	1.0	-0.22	2.74	1.00	0.00	0.16	111115
96	"09:39:56"	20180724	205	0	4.4	0.0736	288	0.642	0.889	11.27	6	1.42	1	2.84	10.14	11.27	10.10	400.05	390.75	3.240	4.519	26.09	36.38	300.1	1698	3	100.2	11.1	-0.278	1.0	-0.22	2.74	1.00	0.00	0.16	111115
97	"09:39:56"	20180724	205	0	4.39	0.0736	288	0.643	0.889	11.28	6	1.42	1	2.84	10.14	11.28	10.10	400.03	390.75	3.240	4.519	26.09	36.38	300.1	1698	3	100.2	11.1	-0.278	1.0	-0.22	2.74	1.00	0.00	0.16	111115
98	"09:39:57"	20180724	205	0	4.38	0.0736	288	0.643	0.89	11.28	6	1.42	1	2.84	10.14	11.28	10.10	400.01	390.75	3.240	4.520	26.09	36.38	300.1	1698	3	100.2	11.1	-0.278	1.0	-0.22	2.74	1.00	0.00	0.16	111115
"09:40:12 Coolers: Tblock -> 15.00 C"
"09:43:14 Flow: Fixed -> 300 umol/s"
99	"09:43:19"	20180724	205	0	5.16	0.0728	267	0.755	1.05	14.14	6	1.42	1	2.84	14.39	14.14	15.09	399.83	388.92	4.139	5.639	25.21	34.34	300.1	1699	2	100.2	11.1	-0.278	1.0	-0.22	2.74	1.00	0.00	0.16	111115
100	"09:43:19"	20180724	205	0	5.16	0.0728	267	0.755	1.05	14.14	6	1.42	1	2.84	14.39	14.14	15.09	399.83	388.92	4.139	5.639	25.21	34.34	300.1	1699	2	100.2	11.1	-0.278	1.0	-0.22	2.74	1.00	0.00	0.16	111115
101	"09:43:20"	20180724	205	0	5.18	0.073	267	0.757	1.05	14.14	6	1.42	1	2.84	14.39	14.14	15.09	399.86	388.92	4.136	5.641	25.19	34.35	300.1	1699	2	100.2	11.1	-0.278	1.0	-0.22	2.74	1.00	0.00	0.16	111115
102	"09:43:20"	20180724	205	0	5.17	0.0731	268	0.758	1.05	14.15	6	1.42	1	2.84	14.39	14.15	15.09	399.87	388.95	4.136	5.643	25.19	34.36	300.1	1699	2	100.2	11.1	-0.278	1.0	-0.22	2.74	1.00	0.00	0.16	111115
103	"09:43:21"	20180724	205	0	5.18	0.0731	268	0.758	1.05	14.15	6	1.42	1	2.84	14.39	14.15	15.09	399.87	388.93	4.136	5.643	25.18	34.36	300.1	1699	2	100.2	11.1	-0.278	1.0	-0.22	2.74	1.00	0.00	0.16	111115
104	"09:43:21"	20180724	205	0	5.2	0.0732	267	0.76	1.05	14.15	6	1.42	1	2.84	14.39	14.15	15.09	399.91	388.92	4.136	5.646	25.18	34.37	300.1	1699	2	100.2	11.1	-0.278	1.0	-0.22	2.74	1.00	0.00	0.16	111115
105	"09:43:22"	20180724	205	0	5.2	0.0733	267	0.76	1.05	14.15	6	1.42	1	2.84	14.39	14.15	15.09	399.92	388.94	4.137	5.648	25.18	34.38	300.1	1699	2	100.2	11.1	-0.278	1.0	-0.22	2.74	1.00	0.00	0.16	111115
106	"09:43:22"	20180724	205	0	5.21	0.0733	267	0.761	1.05	14.16	6	1.42	1	2.84	14.40	14.16	15.09	399.94	388.93	4.138	5.650	25.18	34.39	300.1	1699	2	100.2	11.1	-0.278	1.0	-0.22	2.74	1.00	0.00	0.16	111115
107	"09:43:23"	20180724	205	0	5.2	0.0733	267	0.761	1.06	14.16	6	1.42	1	2.84	14.40	14.16	15.09	399.92	388.93	4.138	5.650	25.18	34.38	300.1	1699	2	100.2	11.1	-0.278	1.0	-0.22	2.74	1.00	0.00	0.16	111115
108	"09:43:23"	20180724	205	0	5.21	0.0734	267	0.762	1.06	14.16	6	1.42	1	2.84	14.40	14.16	15.10	399.91	388.91	4.137	5.652	25.17	34.39	300.1	1699	2	100.2	11.1	-0.278	1.0	-0.22	2.74	1.00	0.00	0.16	111115
109	"09:43:24"	20180724	205	0	5.21	0.0735	267	0.763	1.06	14.17	6	1.42	1	2.84	14.40	14.17	15.10	399.89	388.89	4.137	5.654	25.17	34.40	300.1	1699	2	100.2	11.1	-0.278	1.0	-0.22	2.74	1.00	0.00	0.16	111115
110	"09:43:24"	20180724	205	0	5.22	0.0735	267	0.764	1.06	14.18	6	1.42	1	2.84	14.40	14.18	15.10	399.91	388.88	4.137	5.656	25.17	34.40	300.1	1699	2	100.2	11.1	-0.278	1.0	-0.22	2.74	1.00	0.00	0.16	111115
111	"09:43:25"	20180724	205	0	5.21	0.0735	267	0.764	1.06	14.18	6	1.42	1	2.84	14.41	14.18	15.10	399.92	388.90	4.137	5.657	25.16	34.41	300.1	1699	2	100.2	11.1	-0.278	1.0	-0.22	2.74	1.00	0.00	0.16	111115
112	"09:43:25"	20180724	205	0	5.21	0.0735	268	0.765	1.06	14.19	6	1.42	1	2.84	14.41	14.19	15.10	399.90	388.89	4.138	5.658	25.16	34.41	300.1	1699	2	100.2	11.1	-0.278	1.0	-0.22	2.74	1.00	0.00	0.16	111115
113	"09:43:26"	20180724	205	0	5.21	0.0736	267	0.766	1.06	14.20	6	1.42	1	2.84	14.41	14.20	15.11	399.91	388.90	4.138	5.660	25.16	34.41	300.1	1699	2	100.2	11.1	-0.278	1.0	-0.22	2.74	1.00	0.00	0.16	111115
114	"09:43:26"	20180724	205	0	5.22	0.0736	267	0.766	1.06	14.20	6	1.42	1	2.84	14.41	14.20	15.11	399.91	388.88	4.137	5.660	25.15	34.41	300.1	1699	2	100.2	11.1	-0.278	1.0	-0.22	2.74	1.00	0.00	0.16	111115
115	"09:43:27"	20180724	205	0	5.24	0.0737	267	0.767	1.06	14.21	6	1.42	1	2.84	14.42	14.21	15.11	399.94	388.88	4.138	5.662	25.15	34.42	300.1	1699	2	100.2	11.1	-0.278	1.0	-0.22	2.74	1.00	0.00	0.16	111115
116	"09:43:27"	20180724	205	0	5.22	0.0736	267	0.767	1.06	14.21	6	1.42	1	2.84	14.42	14.21	15.11	399.94	388.91	4.138	5.663	25.15	34.42	300.1	1699	2	100.2	11.1	-0.278	1.0	-0.22	2.74	1.00	0.00	0.16	111115
117	"09:43:28"	20180724	205	0	5.22	0.0736	267	0.767	1.06	14.22	6	1.42	1	2.84	14.42	14.22	15.10	399.97	388.93	4.139	5.664	25.15	34.42	300.1	1699	2	100.2	11.1	-0.278	1.0	-0.22	2.74	1.00	0.00	0.16	111115
118	"09:43:29"	20180724	205	0	5.22	0.0737	267	0.768	1.06	14.22	6	1.42	1	2.84	14.42	14.22	15.10	399.95	388.91	4.139	5.666	25.15	34.43	300.1	1699	2	100.2	11.1	-0.278	1.0	-0.22	2.74	1.00	0.00	0.16	111115
119	"09:43:29"	20180724	205	0	5.21	0.0738	268	0.77	1.06	14.23	6	1.42	1	2.84	14.43	14.23	15.10	399.94	388.92	4.139	5.670	25.14	34.44	300.1	1699	2	100.2	11.1	-0.278	1.0	-0.22	2.74	1.00	0.00	0.16	111115
120	"09:43:30"	20180724	205	0	5.22	0.0738	268	0.771	1.06	14.24	6	1.42	1	2.84	14.43	14.24	15.10	399.93	388.90	4.139	5.671	25.14	34.44	300.1	1699	2	100.2	11.1	-0.278	1.0	-0.22	2.74	1.00	0.00	0.16	111115
121	"09:43:30"	20180724	205	0	5.23	0.0739	268	0.772	1.06	14.24	6	1.42	1	2.84	14.43	14.24	15.10	399.96	388.91	4.139	5.674	25.14	34.46	300.1	1699	2	100.2	11.1	-0.278	1.0	-0.22	2.74	1.00	0.00	0.16	111115
122	"09:43:31"	20180724	205	0	5.24	0.0739	267	0.772	1.06	14.25	6	1.42	1	2.84	14.43	14.25	15.10	399.97	388.88	4.139	5.675	25.14	34.46	300.1	1699	2	100.2	11.1	-0.278	1.0	-0.22	2.74	1.00	0.00	0.16	111115
"09:43:50 Coolers: Tblock -> 20.00 C"
"09:47:54 Flow: Fixed -> 300 umol/s"
123	"09:48:02"	20180724	205	0	6.17	0.0777	250	1	1.31	18.28	6	1.42	1	2.84	19.16	18.28	20.07	399.90	386.79	5.975	7.964	26.88	35.83	300.1	1699	2	100.2	11.1	-0.278	1.0	-0.22	2.74	1.00	0.00	0.16	111115
124	"09:48:03"	20180724	205	0	6.17	0.0777	250	1	1.31	18.28	6	1.42	1	2.84	19.16	18.28	20.07	399.90	386.79	5.975	7.964	26.88	35.83	300.1	1699	2	100.2	11.1	-0.278	1.0	-0.22	2.74	1.00	0.00	0.16	111115
125	"09:48:03"	20180724	205	0	6.16	0.0777	250	1	1.31	18.28	6	1.42	1	2.84	19.16	18.28	20.07	399.90	386.82	5.975	7.965	26.88	35.83	300.1	1699	2	100.2	11.1	-0.278	1.0	-0.22	2.74	1.00	0.00	0.16	111115
126	"09:48:04"	20180724	205	0	6.14	0.0776	251	1	1.31	18.29	6	1.42	1	2.84	19.16	18.29	20.07	399.90	386.84	5.976	7.965	26.88	35.83	300.1	1698	2	100.2	11.1	-0.278	1.0	-0.22	2.74	1.00	0.00	0.16	111115
127	"09:48:04"	20180724	205	0	6.16	0.0776	250	1	1.31	18.29	6	1.42	1	2.84	19.16	18.29	20.07	399.91	386.81	5.976	7.965	26.88	35.83	300.1	1698	2	100.2	11.1	-0.278	1.0	-0.22	2.74	1.00	0.00	0.16	111115
128	"09:48:05"	20180724	205	0	6.17	0.0776	250	1	1.31	18.29	6	1.42	1	2.84	19.16	18.29	20.07	399.89	386.77	5.976	7.967	26.88	35.83	300.1	1698	2	100.2	11.1	-0.278	1.0	-0.22	2.74	1.00	0.00	0.16	111115
129	"09:48:05"	20180724	205	0	6.14	0.0776	250	1	1.31	18.30	6	1.42	1	2.84	19.16	18.30	20.07	399.87	386.81	5.976	7.967	26.88	35.83	300.1	1698	2	100.2	11.1	-0.278	1.0	-0.22	2.74	1.00	0.00	0.16	111115
130	"09:48:06"	20180724	205	0	6.16	0.0775	250	1	1.31	18.30	6	1.42	1	2.84	19.16	18.30	20.07	399.88	386.78	5.976	7.966	26.88	35.82	300.1	1698	2	100.2	11.1	-0.278	1.0	-0.22	2.74	1.00	0.00	0.16	111115
131	"09:48:06"	20180724	205	0	6.18	0.0775	250	1	1.31	18.30	6	1.42	1	2.84	19.16	18.30	20.07	399.90	386.77	5.977	7.967	26.88	35.82	300.1	1698	2	100.2	11.1	-0.278	1.0	-0.22	2.74	1.00	0.00	0.16	111115
132	"09:48:07"	20180724	205	0	6.18	0.0775	250	1	1.31	18.30	6	1.42	1	2.84	19.17	18.30	20.07	399.92	386.79	5.977	7.968	26.87	35.83	300.1	1698	2	100.2	11.1	-0.278	1.0	-0.22	2.74	1.00	0.00	0.16	111115
133	"09:48:07"	20180724	205	0	6.2	0.0775	249	1	1.31	18.31	6	1.42	1	2.84	19.17	18.31	20.07	399.93	386.76	5.978	7.968	26.88	35.82	300.1	1698	2	100.2	11.1	-0.278	1.0	-0.22	2.74	1.00	0.00	0.16	111115
134	"09:48:08"	20180724	205	0	6.19	0.0774	249	1	1.31	18.31	6	1.42	1	2.84	19.17	18.31	20.07	399.93	386.77	5.977	7.967	26.87	35.82	300.1	1699	2	100.2	11.1	-0.278	1.0	-0.22	2.74	1.00	0.00	0.16	111115
135	"09:48:08"	20180724	205	0	6.19	0.0774	249	1	1.31	18.31	6	1.42	1	2.84	19.17	18.31	20.08	399.94	386.79	5.978	7.968	26.87	35.82	300.1	1699	2	100.2	11.1	-0.278	1.0	-0.22	2.74	1.00	0.00	0.16	111115
136	"09:48:09"	20180724	205	0	6.19	0.0774	249	1	1.31	18.31	6	1.42	1	2.84	19.17	18.31	20.08	399.98	386.82	5.978	7.969	26.87	35.82	300.1	1699	2	100.2	11.1	-0.278	1.0	-0.22	2.74	1.00	0.00	0.16	111115
137	"09:48:10"	20180724	205	0	6.22	0.0775	249	1	1.31	18.32	6	1.42	1	2.84	19.17	18.32	20.08	400.00	386.78	5.978	7.969	26.87	35.82	300.1	1699	2	100.2	11.1	-0.278	1.0	-0.22	2.74	1.00	0.00	0.16	111115
138	"09:48:10"	20180724	205	0	6.24	0.0774	248	1	1.31	18.32	6	1.42	1	2.84	19.17	18.32	20.08	400.03	386.78	5.979	7.970	26.87	35.82	300.1	1700	2	100.2	11.1	-0.278	1.0	-0.22	2.74	1.00	0.00	0.16	111115
139	"09:48:11"	20180724	205	0	6.25	0.0774	248	1	1.32	18.32	6	1.42	1	2.84	19.18	18.32	20.08	400.04	386.76	5.979	7.970	26.87	35.81	300.1	1700	2	100.2	11.1	-0.278	1.0	-0.22	2.74	1.00	0.00	0.16	111115
140	"09:48:11"	20180724	205	0	6.25	0.0773	248	1	1.32	18.32	6	1.42	1	2.84	19.18	18.32	20.08	400.03	386.77	5.980	7.969	26.87	35.81	300.1	1700	2	100.2	11.1	-0.278	1.0	-0.22	2.74	1.00	0.00	0.16	111115
141	"09:48:12"	20180724	205	0	6.24	0.0774	248	1	1.32	18.33	6	1.42	1	2.84	19.18	18.33	20.08	400.04	386.79	5.980	7.972	26.87	35.82	300.1	1700	2	100.2	11.1	-0.278	1.0	-0.22	2.74	1.00	0.00	0.16	111115
142	"09:48:12"	20180724	205	0	6.23	0.0773	248	1	1.32	18.33	6	1.42	1	2.84	19.18	18.33	20.08	400.02	386.79	5.981	7.972	26.87	35.81	300.1	1700	2	100.2	11.1	-0.278	1.0	-0.22	2.74	1.00	0.00	0.16	111115
143	"09:48:13"	20180724	205	0	6.21	0.0773	248	1	1.32	18.34	6	1.42	1	2.84	19.18	18.34	20.08	399.98	386.78	5.981	7.971	26.87	35.81	300.1	1700	2	100.2	11.1	-0.278	1.0	-0.22	2.74	1.00	0.00	0.16	111115
144	"09:48:13"	20180724	205	0	6.2	0.0773	249	1	1.32	18.34	6	1.42	1	2.84	19.18	18.34	20.08	399.98	386.80	5.981	7.972	26.87	35.81	300.1	1700	2	100.2	11.1	-0.278	1.0	-0.22	2.74	1.00	0.00	0.16	111115
145	"09:48:14"	20180724	205	0	6.19	0.0773	249	1	1.32	18.34	6	1.42	1	2.84	19.18	18.34	20.08	399.96	386.80	5.982	7.972	26.87	35.81	300.1	1700	2	100.2	11.1	-0.278	1.0	-0.22	2.74	1.00	0.00	0.16	111115
146	"09:48:14"	20180724	205	0	6.19	0.0773	249	1	1.32	18.34	6	1.42	1	2.84	19.18	18.34	20.08	399.95	386.79	5.982	7.973	26.87	35.81	300.1	1700	2	100.2	11.1	-0.278	1.0	-0.22	2.74	1.00	0.00	0.16	111115
147	"09:48:15"	20180724	205	0	6.18	0.0772	249	1	1.32	18.35	6	1.42	1	2.84	19.19	18.35	20.08	399.92	386.79	5.982	7.973	26.87	35.80	300.1	1700	2	100.2	11.1	-0.278	1.0	-0.22	2.74	1.00	0.00	0.16	111115
"09:48:32 Coolers: Tblock -> 25.00 C"
"09:53:09 Flow: Fixed -> 300 umol/s"
148	"09:53:25"	20180724	205	0	6.46	0.0754	239	1.07	1.43	21.19	6	1.42	1	2.84	23.50	21.19	25.00	399.67	385.93	8.795	10.909	30.33	37.62	300.1	1699	2	100.2	11.1	-0.278	1.0	-0.22	2.74	1.00	0.00	0.16	111115
149	"09:53:26"	20180724	205	0	6.46	0.0754	239	1.07	1.43	21.19	6	1.42	1	2.84	23.50	21.19	25.00	399.67	385.93	8.795	10.909	30.33	37.62	300.1	1699	2	100.2	11.1	-0.278	1.0	-0.22	2.74	1.00	0.00	0.16	111115
150	"09:53:26"	20180724	205	0	6.46	0.0752	238	1.07	1.43	21.18	6	1.42	1	2.84	23.50	21.18	25.00	399.64	385.89	8.796	10.905	30.33	37.60	300.1	1699	2	100.2	11.1	-0.278	1.0	-0.22	2.74	1.00	0.00	0.16	111115
151	"09:53:26"	20180724	205	0	6.46	0.0752	238	1.07	1.43	21.18	6	1.42	1	2.84	23.50	21.18	25.00	399.64	385.89	8.796	10.905	30.33	37.60	300.1	1699	2	100.2	11.1	-0.278	1.0	-0.22	2.74	1.00	0.00	0.16	111115
152	"09:53:27"	20180724	205	0	6.45	0.0752	238	1.07	1.43	21.18	6	1.42	1	2.84	23.50	21.18	25.00	399.60	385.88	8.796	10.903	30.33	37.59	300.1	1699	2	100.2	11.1	-0.278	1.0	-0.22	2.74	1.00	0.00	0.16	111115
153	"09:53:28"	20180724	205	0	6.46	0.075	238	1.06	1.43	21.18	6	1.42	1	2.84	23.50	21.18	25.00	399.60	385.87	8.797	10.900	30.33	37.58	300.0	1699	2	100.2	11.1	-0.278	1.0	-0.22	2.74	1.00	0.00	0.16	111115
154	"09:53:28"	20180724	205	0	6.43	0.0749	238	1.06	1.43	21.18	6	1.42	1	2.84	23.50	21.18	25.00	399.57	385.90	8.797	10.897	30.33	37.57	300.0	1699	2	100.2	11.1	-0.278	1.0	-0.22	2.74	1.00	0.00	0.16	111115
155	"09:53:29"	20180724	205	0	6.43	0.0749	238	1.06	1.43	21.17	6	1.42	1	2.84	23.50	21.17	25.00	399.56	385.88	8.797	10.895	30.33	37.56	300.1	1699	2	100.2	11.1	-0.278	1.0	-0.22	2.74	1.00	0.00	0.16	111115
156	"09:53:29"	20180724	205	0	6.42	0.0748	238	1.06	1.43	21.17	6	1.42	1	2.84	23.50	21.17	25.00	399.52	385.86	8.798	10.894	30.33	37.56	300.0	1699	2	100.2	11.1	-0.278	1.0	-0.22	2.74	1.00	0.00	0.16	111115
157	"09:53:30"	20180724	205	0	6.41	0.0747	238	1.06	1.43	21.18	6	1.42	1	2.84	23.50	21.18	25.00	399.48	385.83	8.798	10.893	30.33	37.55	300.1	1699	2	100.2	11.1	-0.278	1.0	-0.22	2.74	1.00	0.00	0.16	111115
158	"09:53:30"	20180724	205	0	6.42	0.0745	238	1.06	1.43	21.19	6	1.42	1	2.84	23.50	21.19	25.00	399.41	385.76	8.797	10.890	30.33	37.55	300.1	1699	3	100.2	11.1	-0.278	1.0	-0.22	2.74	1.00	0.00	0.16	111115
159	"09:53:31"	20180724	205	0	6.39	0.0742	238	1.06	1.44	21.22	6	1.42	1	2.84	23.50	21.22	25.00	399.38	385.78	8.797	10.890	30.33	37.54	300.1	1699	3	100.2	11.1	-0.278	1.0	-0.22	2.74	1.00	0.00	0.16	111115
160	"09:53:31"	20180724	205	0	6.4	0.0738	237	1.06	1.44	21.26	6	1.42	1	2.84	23.50	21.26	25.00	399.36	385.75	8.798	10.887	30.33	37.53	300.0	1699	3	100.2	11.1	-0.278	1.0	-0.22	2.74	1.00	0.00	0.16	111115
161	"09:53:32"	20180724	205	0	6.41	0.0736	236	1.06	1.45	21.29	6	1.42	1	2.84	23.50	21.29	25.00	399.36	385.73	8.796	10.889	30.32	37.54	300.0	1699	3	100.2	11.1	-0.278	1.0	-0.22	2.74	1.00	0.00	0.16	111115
162	"09:53:32"	20180724	205	0	6.43	0.0733	235	1.06	1.46	21.33	6	1.42	1	2.84	23.50	21.33	25.00	399.35	385.67	8.796	10.890	30.32	37.54	300.0	1699	3	100.2	11.1	-0.278	1.0	-0.22	2.74	1.00	0.00	0.16	111115
163	"09:53:33"	20180724	205	0	6.42	0.0729	234	1.06	1.46	21.38	6	1.42	1	2.84	23.50	21.38	25.00	399.33	385.67	8.797	10.890	30.32	37.53	300.0	1699	3	100.2	11.1	-0.278	0.7	-0.22	2.74	1.00	0.00	0.16	111115
164	"09:53:33"	20180724	205	0	6.44	0.0723	233	1.06	1.47	21.45	6	1.42	1	2.84	23.51	21.45	25.00	399.34	385.64	8.797	10.889	30.32	37.53	300.0	1699	3	100.2	11.1	-0.278	0.7	-0.22	2.74	1.00	0.00	0.16	111115
165	"09:53:34"	20180724	205	0	6.46	0.0721	232	1.06	1.48	21.47	6	1.42	1	2.84	23.51	21.47	25.00	399.36	385.62	8.797	10.886	30.32	37.52	300.0	1699	2	100.2	11.1	-0.278	0.7	-0.22	2.74	1.00	0.00	0.16	111115
166	"09:53:34"	20180724	205	0	6.48	0.0721	231	1.06	1.48	21.48	6	1.42	1	2.84	23.51	21.48	25.00	399.37	385.60	8.795	10.888	30.31	37.52	300.0	1699	2	100.2	11.1	-0.278	0.7	-0.22	2.74	1.00	0.00	0.16	111115
167	"09:53:35"	20180724	205	0	6.5	0.0721	231	1.06	1.48	21.48	6	1.42	1	2.84	23.51	21.48	25.00	399.39	385.58	8.795	10.889	30.31	37.52	300.0	1699	2	100.2	11.1	-0.278	0.7	-0.22	2.74	1.00	0.00	0.16	111115
168	"09:53:35"	20180724	205	0	6.5	0.072	231	1.06	1.48	21.49	6	1.42	1	2.84	23.51	21.49	25.00	399.38	385.57	8.796	10.887	30.31	37.52	300.0	1699	2	100.2	11.1	-0.278	0.7	-0.22	2.74	1.00	0.00	0.16	111115
169	"09:53:36"	20180724	205	0	6.48	0.072	231	1.06	1.48	21.50	6	1.42	1	2.84	23.51	21.50	25.00	399.37	385.59	8.795	10.889	30.31	37.52	300.0	1699	2	100.2	11.1	-0.278	0.7	-0.22	2.74	1.00	0.00	0.16	111115
170	"09:53:36"	20180724	205	0	6.54	0.0721	230	1.06	1.48	21.50	6	1.42	1	2.84	23.51	21.50	25.00	399.41	385.52	8.795	10.892	30.30	37.53	300.0	1699	2	100.2	11.1	-0.278	0.7	-0.22	2.74	1.00	0.00	0.16	111115
171	"09:53:37"	20180724	205	0	6.57	0.0719	229	1.06	1.48	21.51	6	1.42	1	2.84	23.51	21.51	25.00	399.44	385.48	8.796	10.890	30.31	37.52	300.0	1699	2	100.2	11.1	-0.278	0.7	-0.22	2.74	1.00	0.00	0.16	111115
172	"09:53:38"	20180724	205	0	6.56	0.072	229	1.06	1.48	21.51	6	1.42	1	2.84	23.51	21.51	25.00	399.43	385.49	8.796	10.892	30.31	37.52	300.0	1699	2	100.2	11.1	-0.278	0.7	-0.22	2.74	1.00	0.00	0.16	111115
"09:53:57 Coolers: Tblock -> 30.00 C"
"09:56:15 Flow: Fixed -> 300 umol/s"
173	"09:56:42"	20180724	205	0	6.87	0.0702	216	1.24	1.77	23.82	6	1.42	1	2.84	27.58	23.82	30.07	399.13	384.43	9.465	11.906	25.60	32.21	300.1	1699	3	100.2	11.1	-0.278	1.0	-0.22	2.74	1.00	0.00	0.16	111115
174	"09:56:42"	20180724	205	0	6.87	0.0702	216	1.24	1.77	23.82	6	1.42	1	2.84	27.58	23.82	30.07	399.13	384.43	9.465	11.906	25.60	32.21	300.1	1699	3	100.2	11.1	-0.278	1.0	-0.22	2.74	1.00	0.00	0.16	111115
175	"09:56:43"	20180724	205	0	6.85	0.0701	216	1.24	1.77	23.83	6	1.42	1	2.84	27.59	23.83	30.07	399.09	384.45	9.465	11.907	25.60	32.20	300.1	1699	2	100.2	11.1	-0.278	1.0	-0.22	2.74	1.00	0.00	0.16	111115
176	"09:56:43"	20180724	205	0	6.85	0.0701	216	1.24	1.77	23.83	6	1.42	1	2.84	27.59	23.83	30.07	399.09	384.45	9.465	11.907	25.60	32.20	300.1	1699	2	100.2	11.1	-0.278	1.0	-0.22	2.74	1.00	0.00	0.16	111115
177	"09:56:44"	20180724	205	0	6.83	0.0701	217	1.24	1.77	23.84	6	1.42	1	2.84	27.59	23.84	30.07	399.06	384.44	9.466	11.909	25.60	32.20	300.1	1699	2	100.2	11.1	-0.278	1.0	-0.22	2.74	1.00	0.00	0.16	111115
178	"09:56:44"	20180724	205	0	6.83	0.0701	217	1.24	1.77	23.84	6	1.42	1	2.84	27.59	23.84	30.07	399.01	384.40	9.467	11.912	25.60	32.21	300.1	1699	2	100.2	11.1	-0.278	1.0	-0.22	2.74	1.00	0.00	0.16	111115
179	"09:56:45"	20180724	205	0	6.83	0.0701	217	1.24	1.77	23.85	6	1.42	1	2.84	27.60	23.85	30.07	399.04	384.44	9.469	11.914	25.60	32.21	300.1	1699	2	100.2	11.1	-0.278	1.0	-0.22	2.74	1.00	0.00	0.16	111115
180	"09:56:45"	20180724	205	0	6.84	0.0702	216	1.24	1.77	23.85	6	1.42	1	2.84	27.60	23.85	30.07	399.04	384.40	9.470	11.916	25.59	32.21	300.1	1699	2	100.2	11.1	-0.278	1.0	-0.22	2.74	1.00	0.00	0.16	111115
181	"09:56:46"	20180724	205	0	6.83	0.0703	217	1.24	1.77	23.85	6	1.42	1	2.84	27.60	23.85	30.07	399.05	384.44	9.470	11.919	25.59	32.21	300.1	1699	2	100.2	11.1	-0.278	1.0	-0.22	2.74	1.00	0.00	0.16	111115
182	"09:56:46"	20180724	205	0	6.85	0.0703	217	1.24	1.77	23.85	6	1.42	1	2.84	27.60	23.85	30.07	399.11	384.46	9.470	11.922	25.59	32.22	300.1	1699	2	100.2	11.1	-0.278	1.0	-0.22	2.74	1.00	0.00	0.16	111115
183	"09:56:47"	20180724	205	0	6.88	0.0704	216	1.24	1.77	23.86	6	1.42	1	2.84	27.61	23.86	30.07	399.16	384.45	9.471	11.927	25.59	32.22	300.1	1699	2	100.2	11.1	-0.278	1.0	-0.22	2.74	1.00	0.00	0.16	111115
184	"09:56:47"	20180724	205	0	6.9	0.0705	216	1.24	1.77	23.86	6	1.42	1	2.84	27.61	23.86	30.07	399.19	384.44	9.472	11.931	25.59	32.23	300.1	1699	2	100.2	11.1	-0.278	1.0	-0.22	2.74	1.00	0.00	0.16	111115
185	"09:56:48"	20180724	205	0	6.94	0.0705	215	1.24	1.77	23.86	6	1.42	1	2.84	27.61	23.86	30.07	399.25	384.42	9.472	11.931	25.59	32.23	300.1	1699	2	100.2	11.1	-0.278	1.0	-0.22	2.74	1.00	0.00	0.16	111115
186	"09:56:48"	20180724	205	0	6.95	0.0705	215	1.25	1.77	23.86	6	1.42	1	2.84	27.61	23.86	30.07	399.30	384.45	9.473	11.933	25.58	32.23	300.1	1699	3	100.2	11.1	-0.278	1.0	-0.22	2.74	1.00	0.00	0.16	111115
187	"09:56:49"	20180724	205	0	6.98	0.0706	214	1.25	1.77	23.87	6	1.42	1	2.84	27.61	23.87	30.07	399.32	384.41	9.473	11.936	25.58	32.23	300.1	1699	3	100.2	11.1	-0.278	1.0	-0.22	2.74	1.00	0.00	0.16	111115
188	"09:56:49"	20180724	205	0	6.98	0.0707	214	1.25	1.78	23.87	6	1.42	1	2.84	27.62	23.87	30.07	399.35	384.42	9.474	11.940	25.58	32.23	300.1	1699	3	100.2	11.1	-0.278	1.0	-0.22	2.74	1.00	0.00	0.16	111115
189	"09:56:50"	20180724	205	0	7	0.0707	214	1.25	1.78	23.87	6	1.42	1	2.84	27.62	23.87	30.07	399.38	384.43	9.474	11.941	25.58	32.23	300.1	1699	3	100.2	11.1	-0.278	1.0	-0.22	2.74	1.00	0.00	0.16	111115
190	"09:56:50"	20180724	205	0	7	0.0707	214	1.25	1.78	23.88	6	1.42	1	2.84	27.62	23.88	30.06	399.39	384.43	9.475	11.943	25.57	32.23	300.1	1699	3	100.2	11.1	-0.278	1.0	-0.22	2.74	1.00	0.00	0.16	111115
191	"09:56:51"	20180724	205	0	7.05	0.0707	213	1.25	1.78	23.88	6	1.42	1	2.84	27.62	23.88	30.06	399.48	384.42	9.476	11.943	25.57	32.23	300.1	1699	4	100.2	11.1	-0.278	1.0	-0.22	2.74	1.00	0.00	0.16	111115
192	"09:56:52"	20180724	205	0	7.14	0.0708	211	1.25	1.78	23.88	6	1.42	1	2.84	27.63	23.88	30.07	399.67	384.44	9.478	11.951	25.57	32.24	300.1	1699	4	100.2	11.1	-0.278	1.0	-0.22	2.74	1.00	0.00	0.16	111115
193	"09:56:52"	20180724	205	0	7.16	0.0709	211	1.25	1.78	23.88	6	1.42	1	2.84	27.63	23.88	30.06	399.76	384.49	9.479	11.953	25.57	32.24	300.1	1699	4	100.2	11.1	-0.278	1.0	-0.22	2.74	1.00	0.00	0.16	111115
194	"09:56:53"	20180724	205	0	7.2	0.0708	210	1.25	1.78	23.89	6	1.42	1	2.84	27.63	23.89	30.06	399.87	384.51	9.480	11.955	25.57	32.24	300.1	1699	4	100.2	11.1	-0.278	1.0	-0.22	2.74	1.00	0.00	0.16	111115
195	"09:56:53"	20180724	205	0	7.22	0.0708	209	1.25	1.78	23.90	6	1.42	1	2.84	27.64	23.90	30.07	399.95	384.55	9.482	11.957	25.57	32.25	300.1	1699	4	100.2	11.1	-0.278	1.0	-0.22	2.74	1.00	0.00	0.16	111115
196	"09:56:54"	20180724	205	0	7.25	0.0707	209	1.25	1.78	23.91	6	1.42	1	2.84	27.64	23.91	30.07	399.99	384.54	9.483	11.958	25.57	32.24	300.1	1699	4	100.2	11.1	-0.278	1.0	-0.22	2.74	1.00	0.00	0.16	111115
197	"09:56:54"	20180724	205	0	7.24	0.0708	209	1.25	1.78	23.92	6	1.42	1	2.84	27.64	23.92	30.07	400.02	384.58	9.483	11.960	25.57	32.25	300.1	1700	4	100.2	11.1	-0.278	1.0	-0.22	2.74	1.00	0.00	0.16	111115
"09:57:29 Coolers: Tblock -> 35.00 C"
"10:01:37 Flow: Fixed -> 300 umol/s"
198	"10:01:40"	20180724	205	0	6.75	0.0661	206	1.6	2.42	27.66	6	1.42	1	2.84	32.33	27.66	35.10	399.39	384.67	9.830	12.987	20.25	26.75	300.1	1699	2	100.2	11.1	-0.278	1.0	-0.22	2.74	1.00	0.00	0.16	111115
199	"10:01:40"	20180724	205	0	6.75	0.0661	206	1.6	2.42	27.66	6	1.42	1	2.84	32.33	27.66	35.10	399.39	384.67	9.830	12.987	20.25	26.75	300.1	1699	2	100.2	11.1	-0.278	1.0	-0.22	2.74	1.00	0.00	0.16	111115
200	"10:01:41"	20180724	205	0	6.81	0.0665	206	1.61	2.42	27.66	6	1.42	1	2.84	32.33	27.66	35.10	399.51	384.66	9.810	12.987	20.21	26.75	300.1	1699	2	100.2	11.1	-0.278	1.0	-0.22	2.74	1.00	0.00	0.16	111115
201	"10:01:41"	20180724	205	0	6.87	0.0669	205	1.62	2.42	27.66	6	1.42	1	2.84	32.33	27.66	35.10	399.61	384.63	9.794	12.987	20.17	26.75	300.1	1699	2	100.2	11.1	-0.278	1.0	-0.22	2.74	1.00	0.00	0.16	111115
202	"10:01:42"	20180724	205	0	7.08	0.0691	206	1.67	2.42	27.66	6	1.42	1	2.84	32.33	27.66	35.10	400.08	384.64	9.692	12.989	19.96	26.75	300.1	1699	2	100.2	11.1	-0.278	1.0	-0.22	2.74	1.00	0.00	0.16	111115
203	"10:01:42"	20180724	205	0	7.09	0.0692	206	1.67	2.42	27.66	6	1.42	1	2.84	32.33	27.66	35.10	400.12	384.66	9.688	12.989	19.95	26.75	300.0	1699	2	100.2	11.1	-0.278	1.0	-0.22	2.74	1.00	0.00	0.16	111115
204	"10:01:43"	20180724	205	0	7.12	0.0692	205	1.67	2.42	27.65	6	1.42	1	2.84	32.33	27.65	35.10	400.16	384.65	9.689	12.990	19.95	26.75	300.1	1699	2	100.2	11.1	-0.278	1.0	-0.22	2.74	1.00	0.00	0.16	111115
205	"10:01:44"	20180724	205	0	7.16	0.0692	204	1.67	2.42	27.66	6	1.42	1	2.84	32.33	27.66	35.10	400.23	384.62	9.689	12.991	19.95	26.75	300.1	1699	2	100.2	11.1	-0.278	1.0	-0.22	2.74	1.00	0.00	0.16	111115
206	"10:01:44"	20180724	205	0	7.2	0.0692	203	1.67	2.42	27.66	6	1.42	1	2.84	32.34	27.66	35.10	400.28	384.59	9.689	12.991	19.95	26.75	300.1	1699	2	100.2	11.1	-0.278	1.0	-0.22	2.74	1.00	0.00	0.16	111115
207	"10:01:45"	20180724	205	0	7.21	0.0693	203	1.67	2.42	27.66	6	1.42	1	2.84	32.34	27.66	35.10	400.28	384.58	9.690	12.993	19.95	26.75	300.1	1699	2	100.2	11.1	-0.278	1.0	-0.22	2.74	1.00	0.00	0.16	111115
208	"10:01:46"	20180724	205	0	7.16	0.0693	204	1.68	2.42	27.66	6	1.42	1	2.84	32.34	27.66	35.10	400.24	384.63	9.692	12.997	19.95	26.75	300.1	1699	3	100.2	11.1	-0.278	1.0	-0.22	2.74	1.00	0.00	0.16	111115
209	"10:01:46"	20180724	205	0	7.11	0.0694	205	1.68	2.42	27.67	6	1.42	1	2.84	32.34	27.67	35.10	400.17	384.65	9.692	13.000	19.94	26.75	300.1	1699	3	100.2	11.1	-0.278	1.0	-0.22	2.74	1.00	0.00	0.16	111115
210	"10:01:47"	20180724	205	0	7.08	0.0694	206	1.68	2.42	27.67	6	1.42	1	2.84	32.35	27.67	35.10	400.14	384.68	9.692	13.002	19.94	26.75	300.1	1699	3	100.2	11.1	-0.278	1.0	-0.22	2.74	1.00	0.00	0.16	111115
211	"10:01:47"	20180724	205	0	7.04	0.0694	207	1.68	2.42	27.67	6	1.42	1	2.84	32.35	27.67	35.10	400.09	384.73	9.692	13.005	19.94	26.76	300.1	1699	3	100.2	11.1	-0.278	1.0	-0.22	2.74	1.00	0.00	0.16	111115
212	"10:01:48"	20180724	205	0	7.02	0.0693	208	1.68	2.42	27.68	6	1.42	1	2.84	32.35	27.68	35.10	400.09	384.76	9.692	13.004	19.94	26.75	300.1	1699	3	100.2	11.1	-0.278	1.0	-0.22	2.74	1.00	0.00	0.16	111115
213	"10:01:48"	20180724	205	0	7.01	0.0693	208	1.68	2.42	27.69	6	1.42	1	2.84	32.35	27.69	35.10	400.09	384.78	9.693	13.003	19.94	26.75	300.1	1699	3	100.2	11.1	-0.278	1.0	-0.22	2.74	1.00	0.00	0.16	111115
214	"10:01:49"	20180724	205	0	7.03	0.0692	207	1.68	2.42	27.69	6	1.42	1	2.84	32.35	27.69	35.10	400.10	384.74	9.694	13.003	19.94	26.75	300.0	1699	3	100.2	11.1	-0.278	1.0	-0.22	2.74	1.00	0.00	0.16	111115
215	"10:01:50"	20180724	205	0	7.02	0.0692	207	1.68	2.42	27.69	6	1.42	1	2.84	32.35	27.69	35.10	400.08	384.74	9.693	13.003	19.94	26.74	300.0	1699	3	100.2	11.1	-0.278	1.0	-0.22	2.74	1.00	0.00	0.16	111115
216	"10:01:50"	20180724	205	0	7.04	0.0692	207	1.68	2.42	27.69	6	1.42	1	2.84	32.36	27.69	35.10	400.08	384.71	9.694	13.005	19.93	26.74	300.0	1699	2	100.2	11.1	-0.278	1.0	-0.22	2.74	1.00	0.00	0.16	111115
217	"10:01:51"	20180724	205	0	7.09	0.0692	206	1.68	2.43	27.71	6	1.42	1	2.84	32.36	27.71	35.10	400.16	384.69	9.695	13.008	19.93	26.74	300.0	1699	2	100.2	11.1	-0.278	1.0	-0.22	2.74	1.00	0.00	0.16	111115
218	"10:01:51"	20180724	205	0	7.18	0.0691	203	1.68	2.43	27.72	6	1.42	1	2.84	32.36	27.72	35.10	400.25	384.61	9.695	13.006	19.93	26.73	300.0	1699	2	100.2	11.1	-0.278	1.0	-0.22	2.74	1.00	0.00	0.16	111115
219	"10:01:52"	20180724	205	0	7.2	0.0691	203	1.68	2.43	27.72	6	1.42	1	2.84	32.37	27.72	35.10	400.29	384.60	9.696	13.007	19.93	26.73	300.1	1699	2	100.2	11.1	-0.278	1.0	-0.22	2.74	1.00	0.00	0.16	111115
220	"10:01:52"	20180724	205	0	7.22	0.0692	203	1.68	2.43	27.71	6	1.42	1	2.84	32.37	27.71	35.10	400.32	384.60	9.697	13.009	19.93	26.73	300.1	1699	2	100.2	11.1	-0.278	1.0	-0.22	2.74	1.00	0.00	0.16	111115
"10:02:09 Coolers: Tblock -> 40.00 C"
"10:05:03 Flow: Fixed -> 300 umol/s"
221	"10:05:06"	20180724	205	0	7.06	0.0626	187	1.87	2.97	30.29	6	1.42	1	2.84	36.55	30.29	40.09	399.96	384.41	9.962	13.642	16.23	22.23	300.0	1699	2	100.2	11.1	-0.278	1.0	-0.22	2.74	1.00	0.00	0.16	111115
222	"10:05:06"	20180724	205	0	7.06	0.0626	187	1.87	2.97	30.29	6	1.42	1	2.84	36.55	30.29	40.09	399.96	384.41	9.962	13.642	16.23	22.23	300.0	1699	2	100.2	11.1	-0.278	1.0	-0.22	2.74	1.00	0.00	0.16	111115
223	"10:05:07"	20180724	205	0	7.07	0.063	188	1.88	2.97	30.30	6	1.42	1	2.84	36.55	30.30	40.09	399.99	384.41	9.938	13.642	16.19	22.22	300.1	1699	2	100.2	11.1	-0.278	1.0	-0.22	2.74	1.00	0.00	0.16	111115
224	"10:05:08"	20180724	205	0	7.08	0.0633	188	1.89	2.97	30.30	6	1.42	1	2.84	36.55	30.30	40.09	400.02	384.41	9.920	13.643	16.16	22.23	300.1	1699	2	100.2	11.1	-0.278	1.0	-0.22	2.74	1.00	0.00	0.16	111115
225	"10:05:08"	20180724	205	0	7.21	0.0653	190	1.95	2.97	30.31	6	1.42	1	2.84	36.55	30.31	40.09	400.34	384.42	9.804	13.643	15.97	22.22	300.1	1699	2	100.2	11.1	-0.278	1.0	-0.22	2.74	1.00	0.00	0.16	111115
226	"10:05:09"	20180724	205	0	7.2	0.0654	191	1.95	2.97	30.31	6	1.42	1	2.84	36.55	30.31	40.09	400.35	384.45	9.799	13.645	15.96	22.22	300.0	1699	2	100.2	11.1	-0.278	1.0	-0.22	2.74	1.00	0.00	0.16	111115
227	"10:05:09"	20180724	205	0	7.21	0.0653	190	1.95	2.97	30.32	6	1.42	1	2.84	36.56	30.32	40.09	400.34	384.42	9.798	13.644	15.96	22.22	300.0	1699	2	100.2	11.1	-0.278	1.0	-0.22	2.74	1.00	0.00	0.16	111115
228	"10:05:10"	20180724	205	0	7.18	0.0654	191	1.95	2.97	30.32	6	1.42	1	2.84	36.56	30.32	40.09	400.31	384.46	9.797	13.645	15.95	22.22	300.1	1699	2	100.2	11.1	-0.278	1.0	-0.22	2.74	1.00	0.00	0.16	111115
229	"10:05:10"	20180724	205	0	7.16	0.0654	192	1.95	2.97	30.32	6	1.42	1	2.84	36.56	30.32	40.09	400.24	384.43	9.795	13.644	15.95	22.22	300.1	1699	2	100.2	11.1	-0.278	1.0	-0.22	2.74	1.00	0.00	0.16	111115
230	"10:05:11"	20180724	205	0	7.17	0.0654	191	1.95	2.97	30.33	6	1.42	1	2.84	36.56	30.33	40.09	400.26	384.43	9.795	13.645	15.95	22.22	300.1	1699	2	100.2	11.1	-0.278	1.0	-0.22	2.74	1.00	0.00	0.16	111115
231	"10:05:11"	20180724	205	0	7.18	0.0653	191	1.95	2.97	30.33	6	1.42	1	2.84	36.56	30.33	40.08	400.28	384.42	9.796	13.643	15.95	22.21	300.1	1699	2	100.2	11.1	-0.278	1.0	-0.22	2.74	1.00	0.00	0.16	111115
232	"10:05:12"	20180724	205	0	7.19	0.0653	191	1.95	2.97	30.33	6	1.42	1	2.84	36.56	30.33	40.08	400.30	384.44	9.795	13.642	15.94	22.21	300.1	1699	2	100.2	11.1	-0.278	1.0	-0.22	2.74	1.00	0.00	0.16	111115
233	"10:05:12"	20180724	205	0	7.19	0.0653	191	1.95	2.97	30.33	6	1.42	1	2.84	36.57	30.33	40.08	400.32	384.44	9.795	13.644	15.94	22.21	300.1	1699	2	100.2	11.1	-0.278	1.0	-0.22	2.74	1.00	0.00	0.16	111115
234	"10:05:13"	20180724	205	0	7.2	0.0654	191	1.95	2.97	30.33	6	1.42	1	2.84	36.57	30.33	40.08	400.35	384.46	9.796	13.646	15.94	22.21	300.0	1699	2	100.2	11.1	-0.278	1.0	-0.22	2.74	1.00	0.00	0.16	111115
235	"10:05:13"	20180724	205	0	7.18	0.0653	191	1.95	2.98	30.34	6	1.42	1	2.84	36.57	30.34	40.08	400.35	384.48	9.797	13.648	15.94	22.21	300.0	1699	2	100.2	11.1	-0.278	1.0	-0.22	2.74	1.00	0.00	0.16	111115
236	"10:05:14"	20180724	205	0	7.21	0.0652	190	1.95	2.98	30.35	6	1.42	1	2.84	36.57	30.35	40.08	400.36	384.43	9.796	13.646	15.94	22.20	300.0	1699	3	100.2	11.1	-0.278	1.0	-0.22	2.74	1.00	0.00	0.16	111115
237	"10:05:14"	20180724	205	0	7.21	0.0652	190	1.95	2.98	30.35	6	1.42	1	2.84	36.57	30.35	40.07	400.38	384.46	9.796	13.645	15.94	22.20	300.1	1699	3	100.2	11.1	-0.278	1.0	-0.22	2.74	1.00	0.00	0.16	111115
238	"10:05:15"	20180724	205	0	7.19	0.0651	190	1.95	2.98	30.36	6	1.42	1	2.84	36.57	30.36	40.07	400.35	384.47	9.796	13.643	15.94	22.20	300.1	1699	3	100.2	11.1	-0.278	1.0	-0.22	2.74	1.00	0.00	0.16	111115
239	"10:05:15"	20180724	205	0	7.17	0.0651	191	1.95	2.99	30.38	6	1.42	1	2.84	36.58	30.38	40.07	400.35	384.51	9.795	13.646	15.93	22.20	300.1	1699	3	100.2	11.1	-0.278	1.0	-0.22	2.74	1.00	0.00	0.16	111115
240	"10:05:16"	20180724	205	0	7.17	0.065	190	1.95	2.99	30.39	6	1.42	1	2.84	36.58	30.39	40.07	400.35	384.51	9.794	13.645	15.93	22.19	300.1	1699	2	100.2	11.1	-0.278	1.0	-0.22	2.74	1.00	0.00	0.16	111115
241	"10:05:17"	20180724	205	0	7.16	0.065	191	1.95	2.99	30.39	6	1.42	1	2.84	36.58	30.39	40.07	400.30	384.48	9.793	13.643	15.93	22.19	300.1	1699	2	100.2	11.1	-0.278	1.0	-0.22	2.74	1.00	0.00	0.16	111115
242	"10:05:17"	20180724	205	0	7.14	0.065	191	1.95	2.99	30.38	6	1.42	1	2.84	36.58	30.38	40.07	400.29	384.51	9.793	13.641	15.92	22.18	300.1	1699	2	100.2	11.1	-0.278	1.0	-0.22	2.74	1.00	0.00	0.16	111115
"10:05:38 Coolers: Tblock -> 45.00 C"
"10:08:15 Flow: Fixed -> 300 umol/s"
243	"10:08:18"	20180724	205	0	6.5	0.0575	185	2.04	3.52	32.54	6	1.42	1	2.84	40.68	32.54	45.10	399.41	384.85	9.995	14.025	13.03	18.28	300.1	1699	2	100.2	11.1	-0.278	1.0	-0.22	2.74	1.00	0.00	0.16	111115
244	"10:08:18"	20180724	205	0	6.5	0.0575	185	2.04	3.52	32.54	6	1.42	1	2.84	40.68	32.54	45.10	399.41	384.85	9.995	14.025	13.03	18.28	300.1	1699	2	100.2	11.1	-0.278	1.0	-0.22	2.74	1.00	0.00	0.16	111115
245	"10:08:19"	20180724	205	0	6.52	0.0581	185	2.06	3.52	32.54	6	1.42	1	2.84	40.68	32.54	45.09	399.51	384.88	9.961	14.025	12.98	18.28	300.1	1699	2	100.2	11.1	-0.278	1.0	-0.22	2.74	1.00	0.00	0.16	111115
246	"10:08:19"	20180724	205	0	6.54	0.0584	186	2.07	3.52	32.54	6	1.42	1	2.84	40.69	32.54	45.09	399.58	384.91	9.937	14.026	12.95	18.28	300.1	1699	2	100.2	11.1	-0.278	1.0	-0.22	2.74	1.00	0.00	0.16	111115
247	"10:08:20"	20180724	205	0	6.56	0.0587	186	2.08	3.52	32.55	6	1.42	1	2.84	40.69	32.55	45.09	399.62	384.89	9.919	14.026	12.92	18.28	300.1	1699	2	100.2	11.1	-0.278	1.0	-0.22	2.74	1.00	0.00	0.16	111115
248	"10:08:20"	20180724	205	0	6.71	0.0604	188	2.15	3.52	32.55	6	1.42	1	2.84	40.69	32.55	45.09	399.94	384.88	9.796	14.027	12.76	18.27	300.1	1699	2	100.2	11.1	-0.278	1.0	-0.22	2.74	1.00	0.00	0.16	111115
249	"10:08:21"	20180724	205	0	6.7	0.0605	188	2.15	3.52	32.55	6	1.42	1	2.84	40.70	32.55	45.09	399.94	384.90	9.793	14.029	12.75	18.27	300.1	1699	2	100.2	11.1	-0.278	1.0	-0.22	2.74	1.00	0.00	0.16	111115
250	"10:08:21"	20180724	205	0	6.69	0.0605	188	2.15	3.52	32.56	6	1.42	1	2.84	40.70	32.56	45.09	399.93	384.88	9.793	14.031	12.75	18.27	300.0	1699	2	100.2	11.1	-0.278	1.0	-0.22	2.74	1.00	0.00	0.16	111115
251	"10:08:22"	20180724	205	0	6.69	0.0605	188	2.15	3.52	32.56	6	1.42	1	2.84	40.71	32.56	45.09	399.91	384.89	9.793	14.032	12.75	18.26	300.1	1699	2	100.2	11.1	-0.278	1.0	-0.22	2.74	1.00	0.00	0.16	111115
252	"10:08:22"	20180724	205	0	6.69	0.0605	188	2.15	3.53	32.57	6	1.42	1	2.84	40.72	32.57	45.09	399.90	384.86	9.793	14.033	12.74	18.26	300.1	1699	2	100.2	11.1	-0.278	1.0	-0.22	2.74	1.00	0.00	0.16	111115
253	"10:08:23"	20180724	205	0	6.72	0.0604	187	2.15	3.53	32.59	6	1.42	1	2.84	40.72	32.59	45.09	399.91	384.81	9.793	14.034	12.74	18.26	300.1	1699	3	100.2	11.1	-0.278	1.0	-0.22	2.74	1.00	0.00	0.16	111115
254	"10:08:23"	20180724	205	0	6.75	0.0604	186	2.15	3.53	32.59	6	1.42	1	2.84	40.73	32.59	45.09	399.92	384.77	9.793	14.036	12.74	18.25	300.0	1699	3	100.2	11.1	-0.278	1.0	-0.22	2.74	1.00	0.00	0.16	111115
255	"10:08:24"	20180724	205	0	6.77	0.0603	186	2.15	3.53	32.61	6	1.42	1	2.84	40.73	32.61	45.09	399.95	384.76	9.794	14.037	12.73	18.25	300.0	1699	3	100.2	11.1	-0.278	1.0	-0.22	2.74	1.00	0.00	0.16	111115
256	"10:08:24"	20180724	205	0	6.76	0.0603	186	2.15	3.54	32.62	6	1.42	1	2.84	40.74	32.62	45.09	399.94	384.77	9.794	14.040	12.73	18.25	300.0	1699	3	100.2	11.1	-0.278	1.0	-0.22	2.74	1.00	0.00	0.16	111115
257	"10:08:25"	20180724	205	0	6.8	0.0603	184	2.15	3.54	32.63	6	1.42	1	2.84	40.74	32.63	45.09	399.99	384.74	9.794	14.040	12.73	18.25	300.0	1699	3	100.2	11.1	-0.278	1.0	-0.22	2.74	1.00	0.00	0.16	111115
258	"10:08:25"	20180724	205	0	6.8	0.0603	185	2.15	3.54	32.63	6	1.42	1	2.84	40.74	32.63	45.09	400.01	384.77	9.794	14.040	12.72	18.24	300.1	1699	3	100.2	11.1	-0.278	1.0	-0.22	2.74	1.00	0.00	0.16	111115
259	"10:08:26"	20180724	205	0	6.79	0.0603	185	2.15	3.54	32.64	6	1.42	1	2.84	40.75	32.64	45.09	400.00	384.77	9.794	14.041	12.72	18.24	300.0	1699	3	100.2	11.1	-0.278	1.0	-0.22	2.74	1.00	0.00	0.16	111115
260	"10:08:26"	20180724	205	0	6.78	0.0602	185	2.15	3.54	32.64	6	1.42	1	2.84	40.75	32.64	45.09	399.98	384.78	9.795	14.042	12.72	18.23	300.0	1699	3	100.2	11.1	-0.278	1.0	-0.22	2.74	1.00	0.00	0.16	111115
261	"10:08:27"	20180724	205	0	6.75	0.0602	186	2.15	3.55	32.65	6	1.42	1	2.84	40.76	32.65	45.09	399.97	384.81	9.795	14.041	12.72	18.23	300.0	1699	3	100.2	11.1	-0.278	1.0	-0.22	2.74	1.00	0.00	0.16	111115
262	"10:08:27"	20180724	205	0	6.74	0.0601	186	2.15	3.55	32.65	6	1.42	1	2.84	40.76	32.65	45.09	399.95	384.81	9.795	14.040	12.71	18.22	300.0	1699	3	100.2	11.1	-0.278	1.0	-0.22	2.74	1.00	0.00	0.16	111115
263	"10:08:28"	20180724	205	0	6.71	0.0602	186	2.15	3.55	32.65	6	1.42	1	2.84	40.77	32.65	45.09	399.91	384.83	9.794	14.041	12.71	18.22	300.0	1699	3	100.2	11.1	-0.278	1.0	-0.22	2.74	1.00	0.00	0.16	111115
264	"10:08:28"	20180724	205	0	6.72	0.0601	186	2.15	3.55	32.66	6	1.42	1	2.84	40.77	32.66	45.09	399.91	384.81	9.794	14.041	12.71	18.21	300.0	1699	3	100.2	11.1	-0.278	1.0	-0.22	2.74	1.00	0.00	0.16	111115
265	"10:08:29"	20180724	205	0	6.72	0.0601	186	2.15	3.55	32.67	6	1.42	1	2.84	40.78	32.67	45.09	399.91	384.80	9.794	14.040	12.70	18.21	300.0	1699	3	100.2	11.1	-0.278	1.0	-0.22	2.74	1.00	0.00	0.16	111115
266	"10:08:29"	20180724	205	0	6.74	0.06	185	2.15	3.56	32.68	6	1.42	1	2.84	40.78	32.68	45.09	399.93	384.80	9.794	14.040	12.70	18.21	300.0	1699	3	100.2	11.1	-0.278	1.0	-0.22	2.74	1.00	0.00	0.16	111115
"10:08:37 Coolers: Tblock -> 50.00 C"
"10:11:10 Coolers: Tblock -> 48.03 C"
"10:11:27 Flow: Fixed -> 300 umol/s"
267	"10:11:30"	20180724	205	0	6.48	0.0501	156	2.19	4.3	35.28	6	1.42	1	2.84	43.61	35.28	47.42	399.74	385.11	10.050	14.364	11.23	16.05	300.0	1699	2	100.2	11.1	-0.278	1.0	-0.22	2.74	1.00	0.00	0.16	111115
268	"10:11:30"	20180724	205	0	6.48	0.0501	156	2.19	4.3	35.28	6	1.42	1	2.84	43.61	35.28	47.42	399.74	385.11	10.050	14.364	11.23	16.05	300.0	1699	2	100.2	11.1	-0.278	1.0	-0.22	2.74	1.00	0.00	0.16	111115
269	"10:11:31"	20180724	205	0	6.52	0.0504	156	2.2	4.29	35.27	6	1.42	1	2.84	43.61	35.27	47.40	399.83	385.09	10.025	14.364	11.20	16.06	300.0	1699	2	100.2	11.1	-0.278	1.0	-0.22	2.74	1.00	0.00	0.16	111115
270	"10:11:31"	20180724	205	0	6.54	0.0506	156	2.21	4.3	35.28	6	1.42	1	2.84	43.60	35.28	47.39	399.87	385.09	10.007	14.365	11.19	16.06	300.0	1699	2	100.2	11.1	-0.278	1.0	-0.22	2.74	1.00	0.00	0.16	111115
271	"10:11:32"	20180724	205	0	6.67	0.052	158	2.27	4.3	35.29	6	1.42	1	2.84	43.59	35.29	47.37	400.18	385.09	9.881	14.362	11.05	16.06	300.0	1699	2	100.2	11.1	-0.278	1.0	-0.22	2.74	1.00	0.00	0.16	111115
272	"10:11:32"	20180724	205	0	6.7	0.052	157	2.27	4.3	35.29	6	1.42	1	2.84	43.58	35.29	47.35	400.24	385.10	9.876	14.359	11.05	16.07	300.0	1699	2	100.2	11.1	-0.278	1.0	-0.22	2.74	1.00	0.00	0.16	111115
273	"10:11:33"	20180724	205	0	6.67	0.052	157	2.28	4.3	35.30	6	1.42	1	2.84	43.57	35.30	47.32	400.23	385.12	9.875	14.360	11.06	16.08	300.0	1699	2	100.2	11.1	-0.278	1.0	-0.22	2.74	1.00	0.00	0.16	111115
274	"10:11:34"	20180724	205	0	6.68	0.052	157	2.28	4.31	35.31	6	1.42	1	2.84	43.57	35.31	47.30	400.20	385.08	9.874	14.360	11.06	16.08	300.0	1699	2	100.2	11.1	-0.278	1.0	-0.22	2.74	1.00	0.00	0.16	111115
275	"10:11:34"	20180724	205	0	6.65	0.0518	157	2.27	4.31	35.33	6	1.42	1	2.84	43.56	35.33	47.28	400.16	385.12	9.875	14.354	11.07	16.09	300.0	1699	2	100.2	11.1	-0.278	1.0	-0.22	2.74	1.00	0.00	0.16	111115
276	"10:11:35"	20180724	205	0	6.61	0.0518	158	2.27	4.32	35.34	6	1.42	1	2.84	43.55	35.34	47.25	400.10	385.14	9.875	14.353	11.07	16.09	300.0	1699	2	100.2	11.1	-0.278	1.0	-0.22	2.74	1.00	0.00	0.16	111115
277	"10:11:35"	20180724	205	0	6.57	0.0517	159	2.27	4.32	35.35	6	1.42	1	2.84	43.54	35.35	47.23	400.04	385.17	9.876	14.353	11.08	16.10	300.0	1699	2	100.2	11.1	-0.278	1.0	-0.22	2.74	1.00	0.00	0.16	111115
278	"10:11:36"	20180724	205	0	6.56	0.0517	160	2.27	4.32	35.35	6	1.42	1	2.84	43.53	35.35	47.21	400.01	385.15	9.875	14.350	11.08	16.11	300.1	1699	2	100.2	11.1	-0.278	1.0	-0.22	2.74	1.00	0.00	0.16	111115
279	"10:11:36"	20180724	205	0	6.51	0.0516	161	2.27	4.32	35.35	6	1.42	1	2.84	43.52	35.35	47.18	399.94	385.18	9.877	14.346	11.09	16.11	300.0	1699	2	100.2	11.1	-0.278	1.0	-0.22	2.74	1.00	0.00	0.16	111115
280	"10:11:37"	20180724	205	0	6.51	0.0517	161	2.27	4.32	35.35	6	1.42	1	2.84	43.50	35.35	47.16	399.93	385.16	9.877	14.350	11.10	16.12	300.0	1699	2	100.2	11.1	-0.278	1.0	-0.22	2.74	1.00	0.00	0.16	111115
281	"10:11:38"	20180724	205	0	6.49	0.0516	161	2.27	4.32	35.36	6	1.42	1	2.84	43.49	35.36	47.13	399.91	385.18	9.877	14.348	11.10	16.13	300.0	1699	2	100.2	11.1	-0.278	1.0	-0.22	2.74	1.00	0.00	0.16	111115
282	"10:11:38"	20180724	205	0	6.49	0.0515	161	2.26	4.33	35.36	6	1.42	1	2.84	43.48	35.36	47.11	399.90	385.18	9.879	14.342	11.11	16.13	300.1	1699	2	100.2	11.1	-0.278	1.0	-0.22	2.74	1.00	0.00	0.16	111115
283	"10:11:39"	20180724	205	0	6.55	0.0515	159	2.26	4.33	35.37	6	1.42	1	2.84	43.46	35.37	47.06	399.97	385.13	9.878	14.342	11.13	16.15	300.0	1699	2	100.2	11.1	-0.278	1.0	-0.22	2.74	1.00	0.00	0.16	111115
284	"10:11:39"	20180724	205	0	6.58	0.0514	158	2.26	4.33	35.38	6	1.42	1	2.84	43.45	35.38	47.03	400.03	385.12	9.879	14.339	11.13	16.16	300.0	1698	2	100.2	11.1	-0.278	1.0	-0.22	2.74	1.00	0.00	0.16	111115
285	"10:11:40"	20180724	205	0	6.58	0.0513	158	2.26	4.33	35.39	6	1.42	1	2.84	43.44	35.39	47.01	400.04	385.15	9.879	14.337	11.14	16.17	300.0	1698	2	100.2	11.1	-0.278	1.0	-0.22	2.74	1.00	0.00	0.16	111115
286	"10:11:40"	20180724	205	0	6.63	0.0514	156	2.26	4.33	35.39	6	1.42	1	2.84	43.42	35.39	46.98	400.13	385.12	9.879	14.341	11.15	16.18	300.0	1698	2	100.2	11.1	-0.278	1.0	-0.22	2.74	1.00	0.00	0.16	111115
287	"10:11:41"	20180724	205	0	6.65	0.0513	155	2.26	4.33	35.39	6	1.42	1	2.84	43.41	35.39	46.96	400.15	385.11	9.880	14.336	11.16	16.19	300.0	1699	2	100.2	11.1	-0.278	1.0	-0.22	2.74	1.00	0.00	0.16	111115
288	"10:11:41"	20180724	205	0	6.66	0.0513	155	2.26	4.34	35.39	6	1.42	1	2.84	43.40	35.39	46.93	400.17	385.11	9.881	14.335	11.16	16.20	300.0	1699	2	100.2	11.1	-0.278	1.0	-0.22	2.74	1.00	0.00	0.16	111115
289	"10:11:42"	20180724	205	0	6.68	0.0513	154	2.26	4.34	35.39	6	1.42	1	2.84	43.39	35.39	46.90	400.21	385.11	9.880	14.338	11.17	16.21	300.0	1699	2	100.2	11.1	-0.278	1.0	-0.22	2.74	1.00	0.00	0.16	111115
290	"10:11:42"	20180724	205	0	6.72	0.0513	153	2.26	4.34	35.39	6	1.42	1	2.84	43.37	35.39	46.88	400.27	385.10	9.881	14.336	11.18	16.22	300.0	1699	2	100.2	11.1	-0.278	1.0	-0.22	2.74	1.00	0.00	0.16	111115
291	"10:11:43"	20180724	205	0	6.71	0.0512	153	2.26	4.34	35.39	6	1.42	1	2.84	43.36	35.39	46.85	400.28	385.11	9.882	14.335	11.19	16.23	300.0	1699	2	100.2	11.1	-0.278	1.0	-0.22	2.74	1.00	0.00	0.16	111115
292	"10:11:44"	20180724	205	0	6.71	0.0512	153	2.26	4.34	35.39	6	1.42	1	2.84	43.33	35.39	46.80	400.25	385.10	9.882	14.334	11.20	16.25	300.0	1700	2	100.2	11.1	-0.278	1.0	-0.22	2.74	1.00	0.00	0.16	111115
