"OPEN 6.3.3"
"Fri Jul 20 2018 11:39:55"
<open><version>"6.3.3"</version></open>
<open><configfile>"/User/Configs/UserPrefs/2x3 LED.xml"</configfile></open>
<open><light><source>"6400-02 or -02B LED Source"</source><par_in>1<sensor>"SI-4027"<cal>-1.00<actinity>1.00</actinity><transm>1.00</transm></cal></sensor><transm>1</transm></par_in><par_out>1<sensor>"Q51318"<cal>6.49</cal></sensor></par_out></light></open>
<open><comps><file>"/User/Configs/Comps/StdComps_6.3"<header>""</header><extras></extras></file><energybal>no<f_parIn>1</f_parIn><f_parOut>0</f_parOut><alphaK>0.16</alphaK></energybal><bc_total>2.840<stomatal_ratio>1</stomatal_ratio><bc_oneside>1.420<type>2</type><table>"/Sys/Lib/StdBLCTable"</table><area>6</area><slope>-0.219565</slope><offset>2.73739</offset><fan>5</fan></bc_oneside></bc_total></comps></open>
<open><prompts><onlog>off</onlog><items>"Default (none)"</items></prompts></open>
<open><constants><oxygen>21 %</oxygen><bb_vapor>1.5</bb_vapor><bb_oxy>0.9</bb_oxy></constants></open>
<open><stability><items>"Std Stability"<items[1]><id>-2</id><size>15</size><pcv><onoff>0</onoff><value>1</value></pcv><std><onoff>0</onoff><value>1</value></std><slp><onoff>1</onoff><value>1</value></slp></items[1]><items[2]><id>-5</id><size>15</size><pcv><onoff>0</onoff><value>1</value></pcv><std><onoff>0</onoff><value>1</value></std><slp><onoff>1</onoff><value>1</value></slp></items[2]><items[3]><id>-7</id><size>15</size><pcv><onoff>0</onoff><value>1</value></pcv><std><onoff>0</onoff><value>1</value></std><slp><onoff>1</onoff><value>1</value></slp></items[3]></items></stability></open>
<open><log><format>"StdLogFmt_6.3"<items>{ -35 -21 -36 -76 30 23 36 21 25 221 -33 111 -34 11 -9 -10 -8 -1 -2 -4 -5 -14 -15 -7 -12 -13 -11 -65 -66 -117 -119 -116 -118 -72 -18 -19 -77 -78 -79 -23  }<hdr>{  }</hdr></items></format><options><beep>on</beep><match>"never"<time>30</time><co2>100</co2><delta>10</delta></match><hdr>normal</hdr><rem>normal</rem><stab>no</stab><stats>no<mean>no</mean><file>no</file><period>15</period></stats><excel>yes</excel><controls>yes</controls><comm>no</comm></options><datafile>"/User/0000-DWV0912-200718"</datafile><button><action>"Normal Log"<code>" LogOneObsManual "</code></action></button><autoprog>"/User/Configs/AutoProgs/AutoLog2"<active>no</active></autoprog></log></open>
<open><a2d><avgtime>4.0 secs</avgtime><userchans><ch20>"Off"</ch20><ch21>"Off"</ch21><ch22>"Off"</ch22><ch23>"Off"</ch23></userchans></a2d></open>
<open><matching><type>0</type><disp>'a'</disp><settings>><CO2Limit>10.0</CO2Limit><H2OLimit>1.0</H2OLimit><MaxAutoTime>60</MaxAutoTime><AverageTime>10</AverageTime></settings></matching></open>
<li6400><factory><unit>"PSC-4123"</unit><serviced>"19.01.2017"</serviced><fuseaware>0</fuseaware><co2mixer>yes</co2mixer><co2><coeffs>{ 0 0.219912 1.60869e-05 2.42627e-08 -3.602e-12 2.3711e-16  }</coeffs><dvdt>-4.1</dvdt><xs>{ -0.00117 -1.14e-05  }</xs></co2><h2o><coeffs>{ 0 0.00612804 1.69186e-06 1.49192e-10  }</coeffs><dvdt>-2.5</dvdt><xs>{ -0.000351 -0.00239  }</xs></h2o><flow>{ 0 0.3738  }</flow><press>{ 87.734 0.00547  }</press></factory></li6400>
<li6400><user><flow_zero>-703.8</flow_zero><irga_zero><co2>-79.5 -79.5<at>32.3675</at></co2><h2o>37.6 -1.4<at>33.9874</at></h2o></irga_zero><irga_span><co2>{ 0.985904 0.986618  }</co2><h2o>{ 1.00683 0.993449  }</h2o></irga_span><irga_match><co2>{ -1.70314 0.50776  }</co2><h2o>{ -0.0708174 -0.346424  }</h2o></irga_match><co2_mixer><pump_mv>4500</pump_mv><ppm>{ 2330.31 1136.88 449.46 273.386 125.406 73.118 48.0557 40.3927  }</ppm><mv>{ 5000 3000 1500 1000 500 300 200 100  }</mv></co2_mixer><parin_offset>0</parin_offset><led_cal><unit>"SI-4027"</unit><mv>{ 10 25 50 100 1000 2000 3000 4000 5000  }</mv><qntm>{ 3.39689 11.1502 23.8626 52.4799 561.717 1093.55 1598.71 2081.76 2538.89  }</qntm></led_cal><lcf_cal><unit>"unknown"</unit><red><mv>{ 50 100 500 1000 1500 5000  }</mv><qntm>{ 50 100 500 1000 2000 5000  }</qntm></red><blue><mv>{ 100 200 500 1000 2000 5000  }</mv><qntm>{ 10 20 50 100 200 500  }</qntm></blue></lcf_cal></user></li6400>
"11:39:57 "
$STARTOFDATA$
"Obs"	"HHMMSS"	"FTime"	"EBal?"	"Photo"	"Cond"	"Ci"	"Trmmol"	"VpdL"	"CTleaf"	"Area"	"BLC_1"	"StmRat"	"BLCond"	"Tair"	"Tleaf"	"TBlk"	"CO2R"	"CO2S"	"H2OR"	"H2OS"	"RH_R"	"RH_S"	"Flow"	"PARi"	"PARo"	"Press"	"CsMch"	"HsMch"	"CsMchSD"	"HsMchSD"	"CrMchSD"	"HrMchSD"	"StableF"	"BLCslope"	"BLCoffst"	"f_parin"	"f_parout"	"alphaK"	"Status"
"11:47:05 Coolers: Tblock -> 0.00 C"
"11:53:40 Coolers: Tblock -> 14.00 C"
"12:06:34 Flow: Fixed -> 200 umol/s"
"12:14:41 Flow: Fixed -> 200 umol/s"
"12:15:34 Coolers: Tblock -> 0.00 C"
"12:47:26 Flow: Fixed -> 200 umol/s"
1	"12:47:51"	4164.0	0	6.43	0.0685	223	0.514	0.762	7.59	6	1.42	1	2.84	2.54	7.59	0.06	399.92	380.11	1.330	2.861	18.03	38.78	200.6	1701	1	99.87	2.17	-0.134	0.0316	0.000901	0.0395	0.00277	1.0	-0.22	2.74	1.00	0.00	0.16	111115
2	"12:47:52"	4164.0	0	6.43	0.0685	223	0.514	0.762	7.59	6	1.42	1	2.84	2.54	7.59	0.06	399.92	380.11	1.330	2.861	18.03	38.78	200.6	1701	1	99.87	2.17	-0.134	0.0316	0.000901	0.0395	0.00277	1.0	-0.22	2.74	1.00	0.00	0.16	111115
3	"12:47:52"	4164.5	0	6.41	0.0685	224	0.513	0.761	7.59	6	1.42	1	2.84	2.54	7.59	0.06	399.87	380.13	1.330	2.861	18.03	38.78	200.6	1701	1	99.87	2.17	-0.134	0.0316	0.000901	0.0395	0.00277	1.0	-0.22	2.74	1.00	0.00	0.16	111115
4	"12:47:53"	4165.0	0	6.39	0.0685	224	0.514	0.761	7.59	6	1.42	1	2.84	2.54	7.59	0.06	399.84	380.15	1.330	2.861	18.02	38.78	200.6	1701	1	99.87	2.17	-0.134	0.0316	0.000901	0.0395	0.00277	1.0	-0.22	2.74	1.00	0.00	0.16	111115
5	"12:47:53"	4165.0	0	6.39	0.0685	224	0.514	0.761	7.59	6	1.42	1	2.84	2.54	7.59	0.06	399.84	380.15	1.330	2.861	18.02	38.78	200.6	1701	1	99.87	2.17	-0.134	0.0316	0.000901	0.0395	0.00277	1.0	-0.22	2.74	1.00	0.00	0.16	111115
6	"12:47:54"	4165.5	0	6.39	0.0684	224	0.514	0.762	7.60	6	1.42	1	2.84	2.54	7.60	0.06	399.83	380.12	1.329	2.861	18.02	38.78	200.7	1701	1	99.87	2.17	-0.134	0.0316	0.000901	0.0395	0.00277	1.0	-0.22	2.74	1.00	0.00	0.16	111115
7	"12:47:54"	4166.0	0	6.4	0.0685	224	0.514	0.762	7.59	6	1.42	1	2.84	2.54	7.59	0.06	399.83	380.10	1.329	2.861	18.01	38.78	200.6	1701	1	99.87	2.17	-0.134	0.0316	0.000901	0.0395	0.00277	1.0	-0.22	2.74	1.00	0.00	0.16	111115
8	"12:47:55"	4166.5	0	6.38	0.0685	224	0.514	0.761	7.59	6	1.42	1	2.84	2.54	7.59	0.06	399.82	380.15	1.329	2.861	18.01	38.77	200.6	1701	1	99.87	2.17	-0.134	0.0316	0.000901	0.0395	0.00277	1.0	-0.22	2.74	1.00	0.00	0.16	111115
9	"12:47:55"	4167.0	0	6.36	0.0686	225	0.514	0.761	7.58	6	1.42	1	2.84	2.54	7.58	0.06	399.80	380.18	1.328	2.860	18.01	38.77	200.7	1701	1	99.87	2.17	-0.134	0.0316	0.000901	0.0395	0.00277	1.0	-0.22	2.74	1.00	0.00	0.16	111115
10	"12:47:56"	4167.5	0	6.35	0.0686	225	0.514	0.76	7.57	6	1.42	1	2.84	2.54	7.57	0.06	399.76	380.19	1.328	2.860	18.00	38.76	200.6	1701	1	99.87	2.17	-0.134	0.0316	0.000901	0.0395	0.00277	1.0	-0.22	2.74	1.00	0.00	0.16	111115
11	"12:47:56"	4168.0	0	6.33	0.0686	226	0.514	0.761	7.58	6	1.42	1	2.84	2.55	7.58	0.06	399.76	380.23	1.327	2.860	17.99	38.76	200.6	1701	1	99.87	2.17	-0.134	0.0316	0.000901	0.0395	0.00277	1.0	-0.22	2.74	1.00	0.00	0.16	111115
12	"12:47:57"	4168.5	0	6.35	0.0687	226	0.514	0.76	7.57	6	1.42	1	2.84	2.55	7.57	0.06	399.80	380.22	1.327	2.860	17.99	38.76	200.6	1701	1	99.87	2.17	-0.134	0.0316	0.000901	0.0395	0.00277	1.0	-0.22	2.74	1.00	0.00	0.16	111115
13	"12:47:57"	4169.0	0	6.35	0.0689	226	0.514	0.758	7.54	6	1.42	1	2.84	2.55	7.54	0.06	399.83	380.26	1.328	2.860	17.99	38.76	200.6	1701	1	99.87	2.17	-0.134	0.0316	0.000901	0.0395	0.00277	1.0	-0.22	2.74	1.00	0.00	0.16	111115
14	"12:47:58"	4170.5	0	6.37	0.069	226	0.514	0.757	7.53	6	1.42	1	2.84	2.55	7.53	0.06	399.89	380.24	1.328	2.860	17.99	38.76	200.6	1701	1	99.87	2.17	-0.134	0.0316	0.000901	0.0395	0.00277	1.0	-0.22	2.74	1.00	0.00	0.16	111115
15	"12:47:59"	4170.5	0	6.37	0.069	226	0.514	0.757	7.53	6	1.42	1	2.84	2.55	7.53	0.06	399.89	380.24	1.328	2.860	17.99	38.76	200.6	1701	1	99.87	2.17	-0.134	0.0316	0.000901	0.0395	0.00277	1.0	-0.22	2.74	1.00	0.00	0.16	111115
"12:48:31 Coolers: Tblock -> 5.00 C"
"12:52:09 Flow: Fixed -> 200 umol/s"
16	"12:52:12"	4424.5	0	6.54	0.0678	217	0.583	0.872	9.95	6	1.42	1	2.84	6.38	9.95	5.08	399.03	378.80	1.831	3.570	18.98	36.99	200.6	1700	1	99.86	1.38	-0.138	0.0243	0.00233	0.0495	0.000345	0.7	-0.22	2.74	1.00	0.00	0.16	111115
17	"12:52:12"	4425.0	0	6.6	0.0685	217	0.589	0.872	9.95	6	1.42	1	2.84	6.38	9.95	5.08	399.19	378.80	1.815	3.570	18.80	36.99	200.6	1700	1	99.86	1.38	-0.138	0.0243	0.00233	0.0495	0.000345	0.7	-0.22	2.74	1.00	0.00	0.16	111115
18	"12:52:13"	4425.5	0	6.63	0.069	218	0.593	0.872	9.95	6	1.42	1	2.84	6.38	9.95	5.08	399.29	378.78	1.803	3.570	18.68	36.99	200.6	1699	1	99.86	1.38	-0.138	0.0243	0.00233	0.0495	0.000345	0.7	-0.22	2.74	1.00	0.00	0.16	111115
19	"12:52:14"	4426.5	0	6.81	0.0715	219	0.614	0.871	9.94	6	1.42	1	2.84	6.38	9.94	5.09	399.83	378.77	1.742	3.570	18.04	36.98	200.6	1699	1	99.86	1.38	-0.138	0.0243	0.00233	0.0495	0.000345	0.7	-0.22	2.74	1.00	0.00	0.16	111115
20	"12:52:14"	4427.0	0	6.82	0.0718	219	0.616	0.871	9.94	6	1.42	1	2.84	6.39	9.94	5.09	399.86	378.76	1.734	3.569	17.97	36.97	200.7	1699	1	99.86	1.38	-0.138	0.0243	0.00233	0.0495	0.000345	0.7	-0.22	2.74	1.00	0.00	0.16	111115
21	"12:52:15"	4427.5	0	6.83	0.0718	219	0.616	0.872	9.95	6	1.42	1	2.84	6.39	9.95	5.09	399.88	378.75	1.732	3.568	17.94	36.95	200.6	1699	1	99.86	1.38	-0.138	0.0243	0.00233	0.0495	0.000345	0.7	-0.22	2.74	1.00	0.00	0.16	111115
22	"12:52:15"	4428.0	0	6.84	0.0719	219	0.617	0.872	9.95	6	1.42	1	2.84	6.39	9.95	5.09	399.92	378.77	1.730	3.569	17.91	36.96	200.6	1700	1	99.86	1.38	-0.138	0.0243	0.00233	0.0495	0.000345	0.7	-0.22	2.74	1.00	0.00	0.16	111115
23	"12:52:16"	4428.5	0	6.87	0.0719	218	0.617	0.873	9.96	6	1.42	1	2.84	6.39	9.96	5.09	399.99	378.75	1.729	3.568	17.90	36.94	200.7	1699	2	99.86	1.38	-0.138	0.0243	0.00233	0.0495	0.000345	0.7	-0.22	2.74	1.00	0.00	0.16	111115
24	"12:52:16"	4429.0	0	6.87	0.0719	218	0.618	0.872	9.95	6	1.42	1	2.84	6.39	9.95	5.09	399.98	378.75	1.728	3.567	17.89	36.93	200.7	1699	2	99.86	1.38	-0.138	0.0243	0.00233	0.0495	0.000345	0.7	-0.22	2.74	1.00	0.00	0.16	111115
25	"12:52:17"	4429.5	0	6.86	0.072	219	0.618	0.872	9.95	6	1.42	1	2.84	6.39	9.95	5.09	399.96	378.76	1.727	3.566	17.88	36.92	200.7	1699	2	99.87	1.38	-0.138	0.0243	0.00233	0.0495	0.000345	0.7	-0.22	2.74	1.00	0.00	0.16	111115
26	"12:52:17"	4430.0	0	6.86	0.0719	219	0.618	0.872	9.95	6	1.42	1	2.84	6.39	9.95	5.09	399.99	378.77	1.726	3.566	17.87	36.91	200.7	1699	2	99.86	1.38	-0.138	0.0243	0.00233	0.0495	0.000345	0.7	-0.22	2.74	1.00	0.00	0.16	111115
27	"12:52:18"	4430.5	0	6.87	0.0719	218	0.618	0.873	9.96	6	1.42	1	2.84	6.40	9.96	5.09	400.02	378.78	1.725	3.565	17.86	36.90	200.7	1699	2	99.86	1.38	-0.138	0.0243	0.00233	0.0495	0.000345	0.7	-0.22	2.74	1.00	0.00	0.16	111115
28	"12:52:18"	4431.0	0	6.89	0.0719	218	0.618	0.873	9.96	6	1.42	1	2.84	6.40	9.96	5.09	400.06	378.77	1.724	3.565	17.84	36.90	200.7	1699	2	99.86	1.38	-0.138	0.0243	0.00233	0.0495	0.000345	0.7	-0.22	2.74	1.00	0.00	0.16	111115
29	"12:52:19"	4432.0	0	6.91	0.0718	217	0.618	0.874	9.97	6	1.42	1	2.84	6.40	9.97	5.09	400.09	378.74	1.722	3.564	17.82	36.88	200.7	1699	2	99.87	1.38	-0.138	0.0243	0.00233	0.0495	0.000345	0.7	-0.22	2.74	1.00	0.00	0.16	111115
30	"12:52:20"	4432.5	0	6.9	0.0717	217	0.618	0.876	9.99	6	1.42	1	2.84	6.40	9.99	5.09	400.09	378.77	1.722	3.564	17.82	36.87	200.7	1699	2	99.87	1.38	-0.138	0.0243	0.00233	0.0495	0.000345	0.7	-0.22	2.74	1.00	0.00	0.16	111115
31	"12:52:54"	4467.0	0	6.9	0.0701	214	0.612	0.886	10.08	6	1.42	1	2.84	6.44	10.08	5.07	400.22	378.90	1.714	3.538	17.68	36.49	200.6	1699	2	99.87	1.38	-0.138	0.0243	0.00233	0.0495	0.000345	0.7	-0.22	2.74	1.00	0.00	0.16	111115
32	"12:52:55"	4467.5	0	6.89	0.0701	214	0.611	0.886	10.08	6	1.42	1	2.84	6.45	10.08	5.07	400.21	378.90	1.715	3.537	17.69	36.49	200.6	1699	2	99.87	1.38	-0.138	0.0243	0.00233	0.0495	0.000345	0.7	-0.22	2.74	1.00	0.00	0.16	111115
33	"12:52:55"	4468.0	0	6.87	0.0701	215	0.612	0.886	10.08	6	1.42	1	2.84	6.45	10.08	5.07	400.18	378.94	1.714	3.537	17.68	36.48	200.6	1699	2	99.87	1.38	-0.138	0.0243	0.00233	0.0495	0.000345	0.7	-0.22	2.74	1.00	0.00	0.16	111115
34	"12:52:56"	4468.5	0	6.82	0.0701	216	0.612	0.886	10.08	6	1.42	1	2.84	6.45	10.08	5.07	400.10	379.01	1.714	3.537	17.68	36.48	200.6	1699	2	99.87	1.38	-0.138	0.0243	0.00233	0.0495	0.000345	0.7	-0.22	2.74	1.00	0.00	0.16	111115
35	"12:52:56"	4469.0	0	6.82	0.0701	216	0.611	0.885	10.07	6	1.42	1	2.84	6.45	10.07	5.07	400.07	378.98	1.714	3.536	17.68	36.48	200.6	1699	2	99.87	1.38	-0.138	0.0243	0.00233	0.0495	0.000345	0.7	-0.22	2.74	1.00	0.00	0.16	111115
36	"12:52:57"	4469.5	0	6.81	0.0702	216	0.611	0.883	10.05	6	1.42	1	2.84	6.45	10.05	5.07	400.04	378.99	1.714	3.536	17.68	36.47	200.6	1699	2	99.87	1.38	-0.138	0.0243	0.00233	0.0495	0.000345	0.7	-0.22	2.74	1.00	0.00	0.16	111115
37	"12:52:57"	4470.0	0	6.8	0.0703	217	0.611	0.882	10.04	6	1.42	1	2.84	6.45	10.04	5.08	400.03	379.01	1.715	3.536	17.69	36.47	200.6	1699	2	99.87	1.38	-0.138	0.0243	0.00233	0.0495	0.000345	0.7	-0.22	2.74	1.00	0.00	0.16	111115
38	"12:52:58"	4470.0	0	6.8	0.0703	217	0.611	0.882	10.04	6	1.42	1	2.84	6.45	10.04	5.08	400.03	379.01	1.715	3.536	17.69	36.47	200.6	1699	2	99.87	1.38	-0.138	0.0243	0.00233	0.0495	0.000345	0.7	-0.22	2.74	1.00	0.00	0.16	111115
39	"12:52:59"	4470.5	0	6.79	0.0703	217	0.611	0.883	10.04	6	1.42	1	2.84	6.45	10.04	5.08	400.00	379.02	1.715	3.536	17.69	36.47	200.6	1699	2	99.87	1.38	-0.138	0.0243	0.00233	0.0495	0.000345	0.7	-0.22	2.74	1.00	0.00	0.16	111115
40	"12:53:00"	4471.0	0	6.78	0.0702	217	0.611	0.883	10.05	6	1.42	1	2.84	6.45	10.05	5.08	399.98	379.03	1.715	3.536	17.69	36.47	200.7	1699	2	99.87	1.38	-0.138	0.0243	0.00233	0.0495	0.000345	0.7	-0.22	2.74	1.00	0.00	0.16	111115
41	"12:53:00"	4472.0	0	6.76	0.0702	217	0.611	0.884	10.05	6	1.42	1	2.84	6.45	10.05	5.08	399.92	379.01	1.715	3.535	17.69	36.46	200.7	1699	2	99.87	1.38	-0.138	0.0243	0.00233	0.0495	0.000345	0.7	-0.22	2.74	1.00	0.00	0.16	111115
42	"12:53:02"	4473.0	0	6.78	0.0702	217	0.611	0.884	10.05	6	1.42	1	2.84	6.45	10.05	5.08	399.96	379.01	1.715	3.536	17.69	36.45	200.7	1700	2	99.87	1.38	-0.138	0.0243	0.00233	0.0495	0.000345	0.7	-0.22	2.74	1.00	0.00	0.16	111115
43	"12:53:02"	4473.5	0	6.76	0.0701	217	0.611	0.884	10.06	6	1.42	1	2.84	6.45	10.06	5.08	399.92	379.01	1.716	3.536	17.69	36.45	200.7	1700	2	99.87	1.38	-0.138	0.0243	0.00233	0.0495	0.000345	0.7	-0.22	2.74	1.00	0.00	0.16	111115
44	"12:53:03"	4475.0	0	6.75	0.0701	218	0.611	0.884	10.06	6	1.42	1	2.84	6.46	10.06	5.08	399.88	379.01	1.714	3.535	17.67	36.43	200.7	1700	2	99.87	1.38	-0.138	0.0243	0.00233	0.0495	0.000345	0.7	-0.22	2.74	1.00	0.00	0.16	111115
45	"12:53:04"	4475.5	0	6.72	0.0701	218	0.611	0.885	10.07	6	1.42	1	2.84	6.46	10.07	5.08	399.86	379.06	1.714	3.534	17.66	36.43	200.7	1699	2	99.87	1.38	-0.138	0.0243	0.00233	0.0495	0.000345	0.7	-0.22	2.74	1.00	0.00	0.16	111115
46	"12:53:05"	4476.5	0	6.72	0.07	218	0.611	0.887	10.09	6	1.42	1	2.84	6.46	10.09	5.08	399.84	379.04	1.713	3.535	17.65	36.43	200.7	1699	2	99.87	1.38	-0.138	0.0243	0.00233	0.0495	0.000345	0.7	-0.22	2.74	1.00	0.00	0.16	111115
47	"12:53:05"	4477.0	0	6.72	0.0699	218	0.612	0.888	10.10	6	1.42	1	2.84	6.46	10.10	5.07	399.82	379.04	1.713	3.535	17.65	36.43	200.7	1699	2	99.87	1.38	-0.138	0.0243	0.00233	0.0495	0.000345	0.7	-0.22	2.74	1.00	0.00	0.16	111115
48	"12:53:39"	4511.5	0	6.82	0.0688	213	0.607	0.896	10.18	6	1.42	1	2.84	6.49	10.18	5.07	400.13	379.06	1.711	3.520	17.59	36.19	200.6	1699	2	99.87	1.38	-0.138	0.0243	0.00233	0.0495	0.000345	1.0	-0.22	2.74	1.00	0.00	0.16	111115
49	"12:53:39"	4512.0	0	6.81	0.0686	213	0.607	0.897	10.19	6	1.42	1	2.84	6.49	10.19	5.07	400.13	379.09	1.712	3.519	17.60	36.19	200.7	1699	3	99.87	1.38	-0.138	0.0243	0.00233	0.0495	0.000345	1.0	-0.22	2.74	1.00	0.00	0.16	111115
50	"12:53:40"	4512.5	0	6.82	0.0687	213	0.607	0.897	10.19	6	1.42	1	2.84	6.49	10.19	5.07	400.15	379.07	1.711	3.521	17.59	36.20	200.7	1699	3	99.87	1.38	-0.138	0.0243	0.00233	0.0495	0.000345	1.0	-0.22	2.74	1.00	0.00	0.16	111115
51	"12:53:40"	4513.0	0	6.82	0.0688	213	0.608	0.896	10.19	6	1.42	1	2.84	6.49	10.19	5.07	400.15	379.09	1.711	3.521	17.59	36.20	200.7	1699	3	99.87	1.38	-0.138	0.0243	0.00233	0.0495	0.000345	1.0	-0.22	2.74	1.00	0.00	0.16	111115
52	"12:53:41"	4513.5	0	6.8	0.0688	213	0.608	0.896	10.18	6	1.42	1	2.84	6.49	10.18	5.07	400.13	379.10	1.711	3.522	17.59	36.21	200.7	1699	3	99.87	1.38	-0.138	0.0243	0.00233	0.0495	0.000345	1.0	-0.22	2.74	1.00	0.00	0.16	111115
53	"12:53:41"	4514.0	0	6.79	0.0688	214	0.608	0.896	10.19	6	1.42	1	2.84	6.49	10.19	5.07	400.10	379.11	1.711	3.522	17.59	36.21	200.7	1699	3	99.87	1.38	-0.138	0.0243	0.00233	0.0495	0.000345	1.0	-0.22	2.74	1.00	0.00	0.16	111115
54	"12:53:42"	4514.5	0	6.78	0.0687	214	0.608	0.897	10.20	6	1.42	1	2.84	6.49	10.20	5.07	400.14	379.16	1.711	3.522	17.59	36.21	200.7	1699	3	99.87	1.38	-0.138	0.0243	0.00233	0.0495	0.000345	1.0	-0.22	2.74	1.00	0.00	0.16	111115
55	"12:53:43"	4515.0	0	6.78	0.0689	214	0.608	0.896	10.19	6	1.42	1	2.84	6.50	10.19	5.07	400.16	379.19	1.710	3.522	17.58	36.21	200.7	1699	3	99.87	1.38	-0.138	0.0243	0.00233	0.0495	0.000345	1.0	-0.22	2.74	1.00	0.00	0.16	111115
56	"12:53:43"	4515.5	0	6.8	0.0689	214	0.609	0.896	10.19	6	1.42	1	2.84	6.50	10.19	5.07	400.18	379.17	1.710	3.523	17.58	36.22	200.7	1699	3	99.87	1.38	-0.138	0.0243	0.00233	0.0495	0.000345	1.0	-0.22	2.74	1.00	0.00	0.16	111115
57	"12:53:44"	4516.0	0	6.8	0.069	214	0.609	0.896	10.19	6	1.42	1	2.84	6.50	10.19	5.07	400.20	379.19	1.709	3.523	17.57	36.22	200.7	1699	3	99.87	1.38	-0.138	0.0243	0.00233	0.0495	0.000345	1.0	-0.22	2.74	1.00	0.00	0.16	111115
58	"12:53:45"	4516.5	0	6.79	0.0689	214	0.609	0.896	10.18	6	1.42	1	2.84	6.50	10.18	5.07	400.20	379.20	1.709	3.523	17.57	36.22	200.7	1699	3	99.87	1.38	-0.138	0.0243	0.00233	0.0495	0.000345	1.0	-0.22	2.74	1.00	0.00	0.16	111115
59	"12:53:45"	4517.5	0	6.81	0.0689	213	0.608	0.896	10.19	6	1.42	1	2.84	6.50	10.19	5.07	400.22	379.17	1.709	3.522	17.57	36.20	200.7	1699	3	99.87	1.38	-0.138	0.0243	0.00233	0.0495	0.000345	1.0	-0.22	2.74	1.00	0.00	0.16	111115
60	"12:53:46"	4518.0	0	6.83	0.0689	213	0.608	0.896	10.18	6	1.42	1	2.84	6.50	10.18	5.07	400.28	379.17	1.710	3.522	17.57	36.20	200.7	1699	3	99.87	1.38	-0.138	0.0243	0.00233	0.0495	0.000345	0.7	-0.22	2.74	1.00	0.00	0.16	111115
61	"12:53:47"	4519.0	0	6.87	0.069	212	0.609	0.895	10.17	6	1.42	1	2.84	6.50	10.17	5.07	400.32	379.08	1.709	3.523	17.56	36.21	200.6	1699	3	99.87	1.38	-0.138	0.0243	0.00233	0.0495	0.000345	1.0	-0.22	2.74	1.00	0.00	0.16	111115
62	"12:53:47"	4519.5	0	6.86	0.069	213	0.608	0.894	10.17	6	1.42	1	2.84	6.50	10.17	5.07	400.30	379.10	1.709	3.522	17.57	36.20	200.6	1699	3	99.87	1.38	-0.138	0.0243	0.00233	0.0495	0.000345	1.0	-0.22	2.74	1.00	0.00	0.16	111115
"12:54:35 Coolers: Tblock -> 10.00 C"
"12:58:28 Flow: Fixed -> 200 umol/s"
63	"12:58:32"	4804.0	0	6.54	0.0593	195	0.61	1.04	12.67	6	1.42	1	2.84	10.55	12.67	10.11	399.34	379.08	2.513	4.329	19.62	33.81	200.6	1699	1	99.87	0.918	-0.152	0.0278	0.00497	0.102	0.00667	0.7	-0.22	2.74	1.00	0.00	0.16	111115
64	"12:58:32"	4804.5	0	6.58	0.0597	195	0.614	1.04	12.67	6	1.42	1	2.84	10.55	12.67	10.11	399.45	379.07	2.502	4.329	19.54	33.81	200.6	1699	1	99.87	0.918	-0.152	0.0278	0.00497	0.102	0.00667	0.7	-0.22	2.74	1.00	0.00	0.16	111115
65	"12:58:33"	4805.0	0	6.6	0.06	195	0.617	1.04	12.67	6	1.42	1	2.84	10.56	12.67	10.11	399.51	379.09	2.494	4.330	19.48	33.81	200.7	1699	2	99.87	0.918	-0.152	0.0278	0.00497	0.102	0.00667	0.7	-0.22	2.74	1.00	0.00	0.16	111115
66	"12:58:33"	4805.5	0	6.74	0.0616	196	0.633	1.04	12.66	6	1.42	1	2.84	10.56	12.66	10.10	399.97	379.11	2.447	4.330	19.10	33.81	200.6	1699	2	99.87	0.918	-0.152	0.0278	0.00497	0.102	0.00667	0.7	-0.22	2.74	1.00	0.00	0.16	111115
67	"12:58:34"	4806.5	0	6.72	0.0618	197	0.635	1.04	12.66	6	1.42	1	2.84	10.56	12.66	10.10	399.99	379.17	2.438	4.329	19.04	33.79	200.7	1699	2	99.87	0.918	-0.152	0.0278	0.00497	0.102	0.00667	0.7	-0.22	2.74	1.00	0.00	0.16	111115
68	"12:58:35"	4807.0	0	6.71	0.0618	198	0.635	1.04	12.66	6	1.42	1	2.84	10.56	12.66	10.11	399.98	379.19	2.437	4.328	19.02	33.78	200.6	1699	2	99.87	0.918	-0.152	0.0278	0.00497	0.102	0.00667	0.7	-0.22	2.74	1.00	0.00	0.16	111115
69	"12:58:35"	4807.5	0	6.72	0.0618	197	0.635	1.04	12.66	6	1.42	1	2.84	10.56	12.66	10.11	400.00	379.18	2.437	4.328	19.02	33.78	200.7	1699	2	99.87	0.918	-0.152	0.0278	0.00497	0.102	0.00667	0.7	-0.22	2.74	1.00	0.00	0.16	111115
70	"12:58:36"	4808.0	0	6.73	0.0619	197	0.636	1.04	12.67	6	1.42	1	2.84	10.56	12.67	10.11	400.03	379.18	2.436	4.328	19.01	33.78	200.7	1699	2	99.87	0.918	-0.152	0.0278	0.00497	0.102	0.00667	0.7	-0.22	2.74	1.00	0.00	0.16	111115
71	"12:58:36"	4808.5	0	6.71	0.0619	198	0.636	1.04	12.67	6	1.42	1	2.84	10.56	12.67	10.11	399.99	379.22	2.435	4.328	19.00	33.78	200.7	1699	2	99.87	0.918	-0.152	0.0278	0.00497	0.102	0.00667	0.7	-0.22	2.74	1.00	0.00	0.16	111115
72	"12:58:37"	4809.0	0	6.72	0.0619	197	0.636	1.04	12.67	6	1.42	1	2.84	10.56	12.67	10.11	400.02	379.21	2.435	4.328	19.00	33.77	200.6	1699	2	99.87	0.918	-0.152	0.0278	0.00497	0.102	0.00667	0.7	-0.22	2.74	1.00	0.00	0.16	111115
73	"12:58:37"	4809.5	0	6.71	0.0619	198	0.636	1.04	12.67	6	1.42	1	2.84	10.56	12.67	10.11	400.01	379.23	2.435	4.327	19.00	33.77	200.7	1699	2	99.87	0.918	-0.152	0.0278	0.00497	0.102	0.00667	0.7	-0.22	2.74	1.00	0.00	0.16	111115
74	"12:58:38"	4810.0	0	6.72	0.0619	197	0.636	1.04	12.67	6	1.42	1	2.84	10.57	12.67	10.11	400.03	379.22	2.434	4.328	18.99	33.77	200.7	1699	1	99.87	0.918	-0.152	0.0278	0.00497	0.102	0.00667	0.7	-0.22	2.74	1.00	0.00	0.16	111115
75	"12:58:38"	4810.5	0	6.7	0.0619	198	0.637	1.04	12.68	6	1.42	1	2.84	10.57	12.68	10.12	400.01	379.25	2.434	4.330	18.99	33.78	200.7	1699	1	99.87	0.918	-0.152	0.0278	0.00497	0.102	0.00667	0.7	-0.22	2.74	1.00	0.00	0.16	111115
76	"12:58:39"	4811.0	0	6.71	0.062	198	0.637	1.04	12.68	6	1.42	1	2.84	10.57	12.68	10.12	400.03	379.24	2.434	4.331	18.99	33.79	200.7	1699	1	99.87	0.918	-0.152	0.0278	0.00497	0.102	0.00667	0.7	-0.22	2.74	1.00	0.00	0.16	111115
77	"12:58:39"	4811.5	0	6.7	0.062	198	0.638	1.04	12.67	6	1.42	1	2.84	10.57	12.67	10.12	400.01	379.25	2.433	4.331	18.98	33.79	200.7	1699	1	99.87	0.918	-0.152	0.0278	0.00497	0.102	0.00667	0.7	-0.22	2.74	1.00	0.00	0.16	111115
78	"12:59:40"	4872.0	0	6.61	0.0613	199	0.643	1.06	12.89	6	1.42	1	2.84	10.66	12.89	10.10	400.00	379.51	2.426	4.340	18.82	33.65	200.6	1700	2	99.87	0.918	-0.152	0.0278	0.00497	0.102	0.00667	1.0	-0.22	2.74	1.00	0.00	0.16	111115
79	"12:59:40"	4872.0	0	6.61	0.0613	199	0.643	1.06	12.89	6	1.42	1	2.84	10.66	12.89	10.10	400.00	379.51	2.426	4.340	18.82	33.65	200.6	1700	2	99.87	0.918	-0.152	0.0278	0.00497	0.102	0.00667	1.0	-0.22	2.74	1.00	0.00	0.16	111115
80	"12:59:41"	4872.5	0	6.63	0.0613	198	0.643	1.06	12.89	6	1.42	1	2.84	10.66	12.89	10.11	400.04	379.48	2.427	4.341	18.82	33.66	200.6	1700	2	99.87	0.918	-0.152	0.0278	0.00497	0.102	0.00667	1.0	-0.22	2.74	1.00	0.00	0.16	111115
81	"12:59:41"	4873.0	0	6.61	0.0613	199	0.643	1.06	12.89	6	1.42	1	2.84	10.66	12.89	10.11	400.02	379.51	2.427	4.340	18.82	33.66	200.6	1700	2	99.87	0.918	-0.152	0.0278	0.00497	0.102	0.00667	1.0	-0.22	2.74	1.00	0.00	0.16	111115
82	"12:59:42"	4873.5	0	6.6	0.0613	199	0.643	1.06	12.89	6	1.42	1	2.84	10.66	12.89	10.11	400.00	379.53	2.427	4.340	18.81	33.65	200.6	1700	2	99.87	0.918	-0.152	0.0278	0.00497	0.102	0.00667	1.0	-0.22	2.74	1.00	0.00	0.16	111115
83	"12:59:42"	4874.0	0	6.6	0.0613	199	0.643	1.06	12.89	6	1.42	1	2.84	10.66	12.89	10.11	400.00	379.53	2.426	4.340	18.81	33.65	200.6	1700	2	99.87	0.918	-0.152	0.0278	0.00497	0.102	0.00667	1.0	-0.22	2.74	1.00	0.00	0.16	111115
84	"12:59:43"	4874.5	0	6.6	0.0614	199	0.643	1.06	12.89	6	1.42	1	2.84	10.66	12.89	10.11	400.00	379.53	2.426	4.340	18.81	33.65	200.6	1700	2	99.87	0.918	-0.152	0.0278	0.00497	0.102	0.00667	1.0	-0.22	2.74	1.00	0.00	0.16	111115
85	"12:59:43"	4875.0	0	6.59	0.0614	200	0.643	1.06	12.88	6	1.42	1	2.84	10.66	12.88	10.12	399.96	379.53	2.426	4.341	18.81	33.65	200.7	1700	2	99.87	0.918	-0.152	0.0278	0.00497	0.102	0.00667	1.0	-0.22	2.74	1.00	0.00	0.16	111115
86	"12:59:44"	4875.5	0	6.59	0.0614	200	0.643	1.06	12.88	6	1.42	1	2.84	10.66	12.88	10.12	399.97	379.52	2.426	4.341	18.81	33.65	200.6	1700	2	99.87	0.918	-0.152	0.0278	0.00497	0.102	0.00667	1.0	-0.22	2.74	1.00	0.00	0.16	111115
87	"12:59:44"	4876.0	0	6.59	0.0614	200	0.643	1.06	12.88	6	1.42	1	2.84	10.66	12.88	10.12	399.97	379.53	2.426	4.341	18.81	33.65	200.7	1700	1	99.87	0.918	-0.152	0.0278	0.00497	0.102	0.00667	1.0	-0.22	2.74	1.00	0.00	0.16	111115
88	"12:59:45"	4876.5	0	6.6	0.0614	199	0.643	1.06	12.88	6	1.42	1	2.84	10.67	12.88	10.12	400.01	379.54	2.427	4.341	18.81	33.65	200.7	1700	1	99.87	0.918	-0.152	0.0278	0.00497	0.102	0.00667	1.0	-0.22	2.74	1.00	0.00	0.16	111115
89	"12:59:45"	4877.0	0	6.58	0.0614	200	0.643	1.06	12.88	6	1.42	1	2.84	10.67	12.88	10.13	399.97	379.55	2.426	4.341	18.80	33.64	200.7	1699	1	99.87	0.918	-0.152	0.0278	0.00497	0.102	0.00667	1.0	-0.22	2.74	1.00	0.00	0.16	111115
90	"12:59:46"	4877.5	0	6.6	0.0614	199	0.643	1.06	12.88	6	1.42	1	2.84	10.67	12.88	10.13	399.99	379.52	2.426	4.341	18.80	33.65	200.7	1699	1	99.87	0.918	-0.152	0.0278	0.00497	0.102	0.00667	1.0	-0.22	2.74	1.00	0.00	0.16	111115
91	"12:59:46"	4878.0	0	6.61	0.0614	199	0.643	1.06	12.89	6	1.42	1	2.84	10.67	12.89	10.13	400.01	379.53	2.427	4.341	18.81	33.64	200.7	1699	1	99.87	0.918	-0.152	0.0278	0.00497	0.102	0.00667	1.0	-0.22	2.74	1.00	0.00	0.16	111115
92	"12:59:47"	4878.5	0	6.62	0.0614	199	0.643	1.06	12.89	6	1.42	1	2.84	10.67	12.89	10.13	400.04	379.51	2.427	4.342	18.80	33.64	200.7	1699	1	99.87	0.918	-0.152	0.0278	0.00497	0.102	0.00667	1.0	-0.22	2.74	1.00	0.00	0.16	111115
93	"12:59:47"	4879.0	0	6.62	0.0614	199	0.643	1.06	12.90	6	1.42	1	2.84	10.67	12.90	10.13	400.06	379.53	2.427	4.342	18.80	33.64	200.7	1700	1	99.87	0.918	-0.152	0.0278	0.00497	0.102	0.00667	1.0	-0.22	2.74	1.00	0.00	0.16	111115
94	"12:59:48"	4879.5	0	6.63	0.0613	199	0.643	1.06	12.90	6	1.42	1	2.84	10.67	12.90	10.13	400.09	379.55	2.427	4.341	18.80	33.64	200.7	1699	1	99.87	0.918	-0.152	0.0278	0.00497	0.102	0.00667	1.0	-0.22	2.74	1.00	0.00	0.16	111115
95	"12:59:48"	4880.0	0	6.63	0.0613	198	0.643	1.06	12.90	6	1.42	1	2.84	10.67	12.90	10.13	400.07	379.53	2.427	4.341	18.80	33.63	200.7	1700	1	99.87	0.918	-0.152	0.0278	0.00497	0.102	0.00667	1.0	-0.22	2.74	1.00	0.00	0.16	111115
"13:01:11 Coolers: Tblock -> 15.00 C"
"13:04:16 Flow: Fixed -> 200 umol/s"
96	"13:04:35"	5167.5	0	6.63	0.0556	181	0.641	1.16	15.39	6	1.42	1	2.84	14.76	15.39	15.13	400.21	379.65	4.054	5.960	24.03	35.33	200.6	1699	2	99.88	0.543	-0.178	0.0476	0.0123	0.0331	0.0138	1.0	-0.22	2.74	1.00	0.00	0.16	111115
97	"13:04:36"	5168.0	0	6.65	0.0557	180	0.641	1.16	15.39	6	1.42	1	2.84	14.76	15.39	15.12	400.24	379.61	4.054	5.961	24.03	35.33	200.6	1699	2	99.88	0.543	-0.178	0.0476	0.0123	0.0331	0.0138	1.0	-0.22	2.74	1.00	0.00	0.16	111115
98	"13:04:36"	5168.0	0	6.65	0.0557	180	0.641	1.16	15.39	6	1.42	1	2.84	14.76	15.39	15.12	400.24	379.61	4.054	5.961	24.03	35.33	200.6	1699	2	99.88	0.543	-0.178	0.0476	0.0123	0.0331	0.0138	1.0	-0.22	2.74	1.00	0.00	0.16	111115
99	"13:04:37"	5168.5	0	6.65	0.0556	180	0.641	1.16	15.39	6	1.42	1	2.84	14.76	15.39	15.12	400.26	379.65	4.054	5.961	24.03	35.32	200.6	1699	2	99.88	0.543	-0.178	0.0476	0.0123	0.0331	0.0138	1.0	-0.22	2.74	1.00	0.00	0.16	111115
100	"13:04:37"	5169.0	0	6.65	0.0557	180	0.642	1.16	15.40	6	1.42	1	2.84	14.77	15.40	15.13	400.29	379.66	4.054	5.962	24.02	35.32	200.6	1699	2	99.88	0.543	-0.178	0.0476	0.0123	0.0331	0.0138	1.0	-0.22	2.74	1.00	0.00	0.16	111115
101	"13:04:38"	5169.5	0	6.67	0.0557	180	0.642	1.16	15.40	6	1.42	1	2.84	14.77	15.40	15.12	400.31	379.63	4.054	5.964	24.02	35.33	200.6	1699	2	99.88	0.543	-0.178	0.0476	0.0123	0.0331	0.0138	1.0	-0.22	2.74	1.00	0.00	0.16	111115
102	"13:04:38"	5170.0	0	6.68	0.0557	180	0.643	1.16	15.40	6	1.42	1	2.84	14.77	15.40	15.12	400.33	379.63	4.054	5.965	24.02	35.34	200.6	1699	2	99.88	0.543	-0.178	0.0476	0.0123	0.0331	0.0138	1.0	-0.22	2.74	1.00	0.00	0.16	111115
103	"13:04:39"	5170.5	0	6.69	0.0557	179	0.643	1.16	15.41	6	1.42	1	2.84	14.77	15.41	15.12	400.37	379.64	4.054	5.965	24.01	35.33	200.7	1699	2	99.88	0.543	-0.178	0.0476	0.0123	0.0331	0.0138	1.0	-0.22	2.74	1.00	0.00	0.16	111115
104	"13:04:40"	5171.0	0	6.66	0.0557	180	0.643	1.16	15.41	6	1.42	1	2.84	14.77	15.41	15.13	400.34	379.68	4.054	5.965	24.01	35.33	200.7	1699	2	99.88	0.543	-0.178	0.0476	0.0123	0.0331	0.0138	1.0	-0.22	2.74	1.00	0.00	0.16	111115
105	"13:04:40"	5172.0	0	6.63	0.0557	181	0.643	1.16	15.42	6	1.42	1	2.84	14.77	15.42	15.13	400.31	379.75	4.054	5.965	24.01	35.32	200.7	1699	2	99.88	0.543	-0.178	0.0476	0.0123	0.0331	0.0138	1.0	-0.22	2.74	1.00	0.00	0.16	111115
106	"13:04:41"	5172.5	0	6.64	0.0557	181	0.643	1.16	15.42	6	1.42	1	2.84	14.78	15.42	15.13	400.31	379.74	4.054	5.966	24.00	35.32	200.7	1699	2	99.88	0.543	-0.178	0.0476	0.0123	0.0331	0.0138	1.0	-0.22	2.74	1.00	0.00	0.16	111115
107	"13:04:42"	5173.0	0	6.64	0.0557	181	0.644	1.16	15.42	6	1.42	1	2.84	14.78	15.42	15.12	400.34	379.75	4.054	5.966	24.00	35.32	200.7	1699	2	99.88	0.543	-0.178	0.0476	0.0123	0.0331	0.0138	1.0	-0.22	2.74	1.00	0.00	0.16	111115
108	"13:04:43"	5174.0	0	6.65	0.0557	180	0.644	1.16	15.43	6	1.42	1	2.84	14.78	15.43	15.13	400.40	379.77	4.054	5.966	24.00	35.32	200.7	1699	1	99.88	0.543	-0.178	0.0476	0.0123	0.0331	0.0138	1.0	-0.22	2.74	1.00	0.00	0.16	111115
109	"13:04:43"	5174.5	0	6.66	0.0557	180	0.644	1.16	15.43	6	1.42	1	2.84	14.78	15.43	15.13	400.42	379.77	4.054	5.968	23.99	35.33	200.7	1699	1	99.88	0.543	-0.178	0.0476	0.0123	0.0331	0.0138	1.0	-0.22	2.74	1.00	0.00	0.16	111115
110	"13:04:44"	5175.5	0	6.7	0.0557	179	0.645	1.16	15.43	6	1.42	1	2.84	14.78	15.43	15.13	400.47	379.71	4.053	5.969	23.99	35.33	200.6	1699	1	99.88	0.543	-0.178	0.0476	0.0123	0.0331	0.0138	1.0	-0.22	2.74	1.00	0.00	0.16	111115
111	"13:04:45"	5176.0	0	6.7	0.0557	179	0.645	1.16	15.44	6	1.42	1	2.84	14.78	15.44	15.13	400.48	379.70	4.053	5.970	23.98	35.33	200.6	1699	1	99.88	0.543	-0.178	0.0476	0.0123	0.0331	0.0138	1.0	-0.22	2.74	1.00	0.00	0.16	111115
"13:07:12 Coolers: Tblock -> 20.00 C"
"13:10:47 Flow: Fixed -> 200 umol/s"
112	"13:11:03"	5556.0	0	6.63	0.0554	179	0.763	1.38	18.39	6	1.42	1	2.84	19.15	18.39	20.13	400.14	379.45	5.144	7.411	23.08	33.25	200.6	1699	2	99.88	0.271	-0.202	0.115	0.0103	0.0318	0.0135	1.0	-0.22	2.74	1.00	0.00	0.16	111115
113	"13:11:04"	5556.5	0	6.64	0.0554	178	0.764	1.38	18.40	6	1.42	1	2.84	19.15	18.40	20.13	400.14	379.43	5.144	7.411	23.08	33.25	200.7	1699	2	99.88	0.271	-0.202	0.115	0.0103	0.0318	0.0135	1.0	-0.22	2.74	1.00	0.00	0.16	111115
114	"13:11:04"	5556.5	0	6.64	0.0554	178	0.764	1.38	18.40	6	1.42	1	2.84	19.15	18.40	20.13	400.14	379.43	5.144	7.411	23.08	33.25	200.7	1699	2	99.88	0.271	-0.202	0.115	0.0103	0.0318	0.0135	1.0	-0.22	2.74	1.00	0.00	0.16	111115
115	"13:11:04"	5557.0	0	6.61	0.0555	179	0.764	1.38	18.39	6	1.42	1	2.84	19.15	18.39	20.13	400.13	379.48	5.144	7.413	23.08	33.25	200.7	1699	2	99.88	0.271	-0.202	0.115	0.0103	0.0318	0.0135	1.0	-0.22	2.74	1.00	0.00	0.16	111115
116	"13:11:05"	5557.5	0	6.62	0.0554	179	0.764	1.38	18.40	6	1.42	1	2.84	19.16	18.40	20.14	400.13	379.47	5.145	7.413	23.08	33.25	200.6	1699	2	99.88	0.271	-0.202	0.115	0.0103	0.0318	0.0135	1.0	-0.22	2.74	1.00	0.00	0.16	111115
117	"13:11:06"	5558.0	0	6.61	0.0555	179	0.765	1.38	18.40	6	1.42	1	2.84	19.16	18.40	20.14	400.10	379.47	5.145	7.415	23.07	33.26	200.7	1699	2	99.88	0.271	-0.202	0.115	0.0103	0.0318	0.0135	1.0	-0.22	2.74	1.00	0.00	0.16	111115
118	"13:11:06"	5558.5	0	6.59	0.0555	180	0.765	1.38	18.40	6	1.42	1	2.84	19.16	18.40	20.14	400.08	379.50	5.146	7.415	23.08	33.26	200.7	1699	2	99.89	0.271	-0.202	0.115	0.0103	0.0318	0.0135	1.0	-0.22	2.74	1.00	0.00	0.16	111115
119	"13:11:07"	5559.0	0	6.59	0.0555	180	0.765	1.38	18.40	6	1.42	1	2.84	19.16	18.40	20.14	400.08	379.51	5.146	7.416	23.08	33.26	200.7	1699	2	99.89	0.271	-0.202	0.115	0.0103	0.0318	0.0135	1.0	-0.22	2.74	1.00	0.00	0.16	111115
120	"13:11:07"	5559.5	0	6.58	0.0556	181	0.765	1.38	18.39	6	1.42	1	2.84	19.16	18.39	20.13	400.07	379.51	5.145	7.417	23.07	33.26	200.7	1699	1	99.89	0.271	-0.202	0.115	0.0103	0.0318	0.0135	1.0	-0.22	2.74	1.00	0.00	0.16	111115
121	"13:11:07"	5560.0	0	6.57	0.0556	181	0.766	1.38	18.40	6	1.42	1	2.84	19.16	18.40	20.13	400.06	379.55	5.145	7.418	23.07	33.26	200.7	1699	1	99.89	0.271	-0.202	0.115	0.0103	0.0318	0.0135	1.0	-0.22	2.74	1.00	0.00	0.16	111115
122	"13:11:08"	5560.5	0	6.57	0.0556	181	0.766	1.38	18.40	6	1.42	1	2.84	19.17	18.40	20.13	400.08	379.57	5.145	7.419	23.07	33.26	200.7	1699	1	99.89	0.271	-0.202	0.115	0.0103	0.0318	0.0135	1.0	-0.22	2.74	1.00	0.00	0.16	111115
123	"13:11:09"	5561.0	0	6.58	0.0556	181	0.766	1.38	18.41	6	1.42	1	2.84	19.17	18.41	20.13	400.10	379.55	5.145	7.419	23.07	33.26	200.6	1699	1	99.89	0.271	-0.202	0.115	0.0103	0.0318	0.0135	1.0	-0.22	2.74	1.00	0.00	0.16	111115
124	"13:11:09"	5561.5	0	6.56	0.0556	181	0.767	1.38	18.41	6	1.42	1	2.84	19.17	18.41	20.13	400.10	379.60	5.145	7.420	23.06	33.26	200.6	1699	1	99.89	0.271	-0.202	0.115	0.0103	0.0318	0.0135	1.0	-0.22	2.74	1.00	0.00	0.16	111115
125	"13:11:10"	5562.0	0	6.59	0.0556	180	0.766	1.38	18.41	6	1.42	1	2.84	19.17	18.41	20.13	400.16	379.58	5.145	7.419	23.06	33.25	200.6	1699	1	99.89	0.271	-0.202	0.115	0.0103	0.0318	0.0135	1.0	-0.22	2.74	1.00	0.00	0.16	111115
126	"13:11:10"	5562.5	0	6.6	0.0556	180	0.767	1.38	18.41	6	1.42	1	2.84	19.17	18.41	20.13	400.19	379.57	5.145	7.421	23.05	33.25	200.6	1699	1	99.89	0.271	-0.202	0.115	0.0103	0.0318	0.0135	1.0	-0.22	2.74	1.00	0.00	0.16	111115
"13:12:13 Coolers: Tblock -> 25.00 C"
"13:18:39 Flow: Fixed -> 200 umol/s"
127	"13:19:00"	6032.5	0	6.39	0.052	173	0.858	1.65	21.81	6	1.42	1	2.84	23.69	21.81	25.12	400.21	380.12	7.215	9.757	24.52	33.15	200.6	1700	2	99.9	0.203	-0.234	0.0312	0.00776	0.0354	0.00795	1.0	-0.22	2.74	1.00	0.00	0.16	111115
128	"13:19:00"	6032.5	0	6.39	0.052	173	0.858	1.65	21.81	6	1.42	1	2.84	23.69	21.81	25.12	400.21	380.12	7.215	9.757	24.52	33.15	200.6	1700	2	99.9	0.203	-0.234	0.0312	0.00776	0.0354	0.00795	1.0	-0.22	2.74	1.00	0.00	0.16	111115
129	"13:19:01"	6033.0	0	6.39	0.0521	173	0.859	1.65	21.81	6	1.42	1	2.84	23.69	21.81	25.12	400.22	380.13	7.214	9.758	24.51	33.16	200.6	1700	2	99.9	0.203	-0.234	0.0312	0.00776	0.0354	0.00795	1.0	-0.22	2.74	1.00	0.00	0.16	111115
130	"13:19:01"	6033.0	0	6.39	0.0521	173	0.859	1.65	21.81	6	1.42	1	2.84	23.69	21.81	25.12	400.22	380.13	7.214	9.758	24.51	33.16	200.6	1700	2	99.9	0.203	-0.234	0.0312	0.00776	0.0354	0.00795	1.0	-0.22	2.74	1.00	0.00	0.16	111115
131	"13:19:02"	6033.5	0	6.4	0.0521	173	0.859	1.65	21.81	6	1.42	1	2.84	23.69	21.81	25.12	400.25	380.12	7.214	9.758	24.51	33.16	200.6	1700	2	99.9	0.203	-0.234	0.0312	0.00776	0.0354	0.00795	1.0	-0.22	2.74	1.00	0.00	0.16	111115
132	"13:19:02"	6034.0	0	6.4	0.0521	173	0.859	1.65	21.80	6	1.42	1	2.84	23.69	21.80	25.12	400.24	380.13	7.215	9.760	24.51	33.16	200.6	1700	2	99.9	0.203	-0.234	0.0312	0.00776	0.0354	0.00795	1.0	-0.22	2.74	1.00	0.00	0.16	111115
133	"13:19:03"	6034.5	0	6.39	0.0522	174	0.86	1.64	21.79	6	1.42	1	2.84	23.69	21.79	25.12	400.25	380.16	7.215	9.761	24.51	33.16	200.6	1700	2	99.89	0.203	-0.234	0.0312	0.00776	0.0354	0.00795	1.0	-0.22	2.74	1.00	0.00	0.16	111115
134	"13:19:03"	6035.0	0	6.41	0.0523	174	0.86	1.64	21.78	6	1.42	1	2.84	23.69	21.78	25.12	400.29	380.14	7.214	9.763	24.51	33.17	200.6	1700	2	99.89	0.203	-0.234	0.0312	0.00776	0.0354	0.00795	1.0	-0.22	2.74	1.00	0.00	0.16	111115
135	"13:19:04"	6035.5	0	6.42	0.0524	174	0.861	1.64	21.77	6	1.42	1	2.84	23.69	21.77	25.12	400.33	380.16	7.215	9.764	24.51	33.17	200.6	1700	2	99.89	0.203	-0.234	0.0312	0.00776	0.0354	0.00795	1.0	-0.22	2.74	1.00	0.00	0.16	111115
136	"13:19:04"	6036.0	0	6.42	0.0524	174	0.861	1.64	21.77	6	1.42	1	2.84	23.70	21.77	25.12	400.34	380.16	7.215	9.764	24.51	33.17	200.6	1700	2	99.89	0.203	-0.234	0.0312	0.00776	0.0354	0.00795	1.0	-0.22	2.74	1.00	0.00	0.16	111115
137	"13:19:05"	6036.5	0	6.45	0.0524	173	0.861	1.64	21.77	6	1.42	1	2.84	23.70	21.77	25.13	400.40	380.13	7.216	9.765	24.51	33.17	200.6	1700	2	99.89	0.203	-0.234	0.0312	0.00776	0.0354	0.00795	1.0	-0.22	2.74	1.00	0.00	0.16	111115
138	"13:19:05"	6037.0	0	6.44	0.0524	173	0.86	1.64	21.77	6	1.42	1	2.84	23.70	21.77	25.13	400.40	380.16	7.217	9.765	24.52	33.17	200.6	1700	2	99.89	0.203	-0.234	0.0312	0.00776	0.0354	0.00795	1.0	-0.22	2.74	1.00	0.00	0.16	111115
139	"13:19:09"	6041.0	0	6.36	0.0523	175	0.862	1.65	21.80	6	1.42	1	2.84	23.70	21.80	25.13	400.25	380.24	7.217	9.770	24.51	33.18	200.6	1700	2	99.89	0.203	-0.234	0.0312	0.00776	0.0354	0.00795	0.7	-0.22	2.74	1.00	0.00	0.16	111115
140	"13:19:09"	6041.5	0	6.36	0.0524	176	0.862	1.64	21.80	6	1.42	1	2.84	23.70	21.80	25.13	400.26	380.27	7.218	9.771	24.51	33.18	200.5	1699	2	99.9	0.203	-0.234	0.0312	0.00776	0.0354	0.00795	0.7	-0.22	2.74	1.00	0.00	0.16	111115
141	"13:19:10"	6042.5	0	6.34	0.0525	177	0.863	1.64	21.78	6	1.42	1	2.84	23.70	21.78	25.13	400.25	380.32	7.219	9.775	24.51	33.19	200.6	1699	2	99.89	0.203	-0.234	0.0312	0.00776	0.0354	0.00795	0.7	-0.22	2.74	1.00	0.00	0.16	111115
142	"13:19:10"	6043.0	0	6.34	0.0525	176	0.863	1.64	21.79	6	1.42	1	2.84	23.70	21.79	25.13	400.27	380.31	7.219	9.775	24.51	33.19	200.6	1699	2	99.89	0.203	-0.234	0.0312	0.00776	0.0354	0.00795	0.7	-0.22	2.74	1.00	0.00	0.16	111115
143	"13:19:54"	6086.5	0	6.37	0.0526	176	0.871	1.65	21.89	6	1.42	1	2.84	23.74	21.89	25.12	400.01	379.97	7.245	9.824	24.54	33.28	200.6	1699	2	99.89	0.203	-0.234	0.0312	0.00776	0.0354	0.00795	1.0	-0.22	2.74	1.00	0.00	0.16	111115
144	"13:19:54"	6086.5	0	6.37	0.0526	176	0.871	1.65	21.89	6	1.42	1	2.84	23.74	21.89	25.12	400.01	379.97	7.245	9.824	24.54	33.28	200.6	1699	2	99.89	0.203	-0.234	0.0312	0.00776	0.0354	0.00795	1.0	-0.22	2.74	1.00	0.00	0.16	111115
145	"13:19:55"	6087.0	0	6.38	0.0527	176	0.871	1.65	21.88	6	1.42	1	2.84	23.74	21.88	25.12	400.03	379.96	7.245	9.824	24.54	33.28	200.6	1699	2	99.89	0.203	-0.234	0.0312	0.00776	0.0354	0.00795	1.0	-0.22	2.74	1.00	0.00	0.16	111115
146	"13:19:55"	6087.5	0	6.36	0.0527	177	0.872	1.65	21.87	6	1.42	1	2.84	23.74	21.87	25.12	400.00	379.99	7.245	9.826	24.54	33.28	200.6	1699	2	99.89	0.203	-0.234	0.0312	0.00776	0.0354	0.00795	1.0	-0.22	2.74	1.00	0.00	0.16	111115
147	"13:19:56"	6088.0	0	6.37	0.0528	177	0.872	1.65	21.87	6	1.42	1	2.84	23.74	21.87	25.12	400.03	380.00	7.244	9.826	24.54	33.28	200.6	1699	2	99.89	0.203	-0.234	0.0312	0.00776	0.0354	0.00795	1.0	-0.22	2.74	1.00	0.00	0.16	111115
148	"13:19:56"	6088.5	0	6.37	0.0528	176	0.872	1.65	21.88	6	1.42	1	2.84	23.75	21.88	25.12	400.03	379.98	7.245	9.827	24.54	33.28	200.7	1699	2	99.89	0.203	-0.234	0.0312	0.00776	0.0354	0.00795	1.0	-0.22	2.74	1.00	0.00	0.16	111115
149	"13:19:57"	6089.0	0	6.38	0.0528	176	0.872	1.65	21.87	6	1.42	1	2.84	23.75	21.87	25.13	400.07	379.99	7.247	9.828	24.54	33.29	200.7	1699	2	99.89	0.203	-0.234	0.0312	0.00776	0.0354	0.00795	1.0	-0.22	2.74	1.00	0.00	0.16	111115
150	"13:19:57"	6089.5	0	6.37	0.0528	176	0.873	1.65	21.87	6	1.42	1	2.84	23.75	21.87	25.13	400.07	380.02	7.246	9.830	24.54	33.29	200.7	1699	2	99.89	0.203	-0.234	0.0312	0.00776	0.0354	0.00795	1.0	-0.22	2.74	1.00	0.00	0.16	111115
151	"13:19:58"	6090.0	0	6.39	0.0529	176	0.873	1.65	21.86	6	1.42	1	2.84	23.75	21.86	25.13	400.09	379.99	7.247	9.830	24.54	33.29	200.7	1699	2	99.89	0.203	-0.234	0.0312	0.00776	0.0354	0.00795	1.0	-0.22	2.74	1.00	0.00	0.16	111115
152	"13:19:59"	6090.5	0	6.4	0.053	176	0.873	1.65	21.85	6	1.42	1	2.84	23.75	21.85	25.13	400.10	379.96	7.248	9.832	24.54	33.30	200.6	1699	2	99.89	0.203	-0.234	0.0312	0.00776	0.0354	0.00795	1.0	-0.22	2.74	1.00	0.00	0.16	111115
153	"13:19:59"	6091.0	0	6.4	0.0529	176	0.873	1.65	21.86	6	1.42	1	2.84	23.75	21.86	25.14	400.12	379.99	7.249	9.832	24.55	33.29	200.7	1699	2	99.89	0.203	-0.234	0.0312	0.00776	0.0354	0.00795	1.0	-0.22	2.74	1.00	0.00	0.16	111115
154	"13:20:00"	6092.5	0	6.41	0.0529	176	0.872	1.65	21.85	6	1.42	1	2.84	23.75	21.85	25.14	400.16	380.01	7.250	9.832	24.55	33.29	200.6	1699	2	99.89	0.203	-0.234	0.0312	0.00776	0.0354	0.00795	1.0	-0.22	2.74	1.00	0.00	0.16	111115
155	"13:20:00"	6092.5	0	6.41	0.0529	176	0.872	1.65	21.85	6	1.42	1	2.84	23.75	21.85	25.14	400.16	380.01	7.250	9.832	24.55	33.29	200.6	1699	2	99.89	0.203	-0.234	0.0312	0.00776	0.0354	0.00795	1.0	-0.22	2.74	1.00	0.00	0.16	111115
156	"13:20:01"	6093.5	0	6.41	0.0528	175	0.872	1.65	21.87	6	1.42	1	2.84	23.75	21.87	25.14	400.17	380.00	7.250	9.833	24.54	33.29	200.6	1699	2	99.89	0.203	-0.234	0.0312	0.00776	0.0354	0.00795	1.0	-0.22	2.74	1.00	0.00	0.16	111115
157	"13:20:02"	6094.5	0	6.39	0.0528	176	0.873	1.65	21.88	6	1.42	1	2.84	23.75	21.88	25.14	400.13	380.03	7.249	9.835	24.54	33.29	200.7	1699	2	99.89	0.203	-0.234	0.0312	0.00776	0.0354	0.00795	1.0	-0.22	2.74	1.00	0.00	0.16	111115
"13:20:25 Coolers: Tblock -> 30.00 C"
"13:27:46 Flow: Fixed -> 200 umol/s"
158	"13:27:59"	6572.0	0	5.68	0.0457	171	0.944	2.05	25.90	6	1.42	1	2.84	28.46	25.90	30.12	400.10	382.03	10.324	13.109	26.45	33.59	200.6	1699	2	99.89	0.204	-0.276	0.0358	0.00306	0.0278	0.00491	1.0	-0.22	2.74	1.00	0.00	0.16	111115
159	"13:28:00"	6572.0	0	5.68	0.0457	171	0.944	2.05	25.90	6	1.42	1	2.84	28.46	25.90	30.12	400.10	382.03	10.324	13.109	26.45	33.59	200.6	1699	2	99.89	0.204	-0.276	0.0358	0.00306	0.0278	0.00491	1.0	-0.22	2.74	1.00	0.00	0.16	111115
160	"13:28:00"	6572.5	0	5.68	0.0457	171	0.944	2.05	25.91	6	1.42	1	2.84	28.46	25.91	30.12	400.12	382.07	10.324	13.110	26.45	33.59	200.6	1699	2	99.89	0.204	-0.276	0.0358	0.00306	0.0278	0.00491	1.0	-0.22	2.74	1.00	0.00	0.16	111115
161	"13:28:01"	6573.0	0	5.69	0.0457	171	0.945	2.05	25.93	6	1.42	1	2.84	28.46	25.93	30.12	400.15	382.06	10.323	13.112	26.45	33.60	200.6	1700	2	99.89	0.204	-0.276	0.0358	0.00306	0.0278	0.00491	1.0	-0.22	2.74	1.00	0.00	0.16	111115
162	"13:28:01"	6573.5	0	5.71	0.0457	170	0.945	2.05	25.93	6	1.42	1	2.84	28.46	25.93	30.12	400.21	382.05	10.324	13.112	26.45	33.60	200.6	1700	2	99.89	0.204	-0.276	0.0358	0.00306	0.0278	0.00491	1.0	-0.22	2.74	1.00	0.00	0.16	111115
163	"13:28:02"	6574.0	0	5.71	0.0457	170	0.944	2.05	25.92	6	1.42	1	2.84	28.47	25.92	30.12	400.22	382.05	10.324	13.111	26.45	33.59	200.6	1700	2	99.89	0.204	-0.276	0.0358	0.00306	0.0278	0.00491	0.7	-0.22	2.74	1.00	0.00	0.16	111115
164	"13:28:02"	6574.5	0	5.74	0.0457	169	0.944	2.05	25.92	6	1.42	1	2.84	28.47	25.92	30.13	400.27	382.02	10.324	13.112	26.45	33.59	200.6	1700	2	99.89	0.204	-0.276	0.0358	0.00306	0.0278	0.00491	1.0	-0.22	2.74	1.00	0.00	0.16	111115
165	"13:28:03"	6575.0	0	5.75	0.0457	169	0.944	2.05	25.92	6	1.42	1	2.84	28.47	25.92	30.13	400.31	382.02	10.324	13.112	26.45	33.59	200.6	1700	2	99.89	0.204	-0.276	0.0358	0.00306	0.0278	0.00491	1.0	-0.22	2.74	1.00	0.00	0.16	111115
166	"13:28:03"	6575.5	0	5.77	0.0458	168	0.944	2.05	25.91	6	1.42	1	2.84	28.47	25.91	30.13	400.36	382.02	10.325	13.113	26.45	33.59	200.6	1700	2	99.89	0.204	-0.276	0.0358	0.00306	0.0278	0.00491	1.0	-0.22	2.74	1.00	0.00	0.16	111115
167	"13:28:04"	6576.0	0	5.79	0.0458	168	0.945	2.04	25.89	6	1.42	1	2.84	28.47	25.89	30.13	400.42	382.03	10.325	13.113	26.45	33.59	200.6	1700	2	99.89	0.204	-0.276	0.0358	0.00306	0.0278	0.00491	1.0	-0.22	2.74	1.00	0.00	0.16	111115
168	"13:28:05"	6576.5	0	5.82	0.0459	167	0.944	2.04	25.88	6	1.42	1	2.84	28.47	25.88	30.13	400.46	381.98	10.325	13.113	26.45	33.59	200.6	1700	2	99.89	0.204	-0.276	0.0358	0.00306	0.0278	0.00491	1.0	-0.22	2.74	1.00	0.00	0.16	111115
169	"13:28:05"	6577.5	0	5.84	0.046	167	0.944	2.04	25.86	6	1.42	1	2.84	28.47	25.86	30.13	400.55	382.02	10.326	13.113	26.44	33.58	200.6	1700	2	99.89	0.204	-0.276	0.0358	0.00306	0.0278	0.00491	1.0	-0.22	2.74	1.00	0.00	0.16	111115
170	"13:28:06"	6578.0	0	5.84	0.046	167	0.945	2.04	25.86	6	1.42	1	2.84	28.47	25.86	30.13	400.57	382.03	10.326	13.114	26.44	33.58	200.6	1700	2	99.89	0.204	-0.276	0.0358	0.00306	0.0278	0.00491	1.0	-0.22	2.74	1.00	0.00	0.16	111115
171	"13:28:07"	6579.5	0	5.84	0.0459	166	0.945	2.04	25.89	6	1.42	1	2.84	28.48	25.89	30.13	400.60	382.05	10.326	13.115	26.44	33.58	200.6	1699	2	99.89	0.204	-0.276	0.0358	0.00306	0.0278	0.00491	1.0	-0.22	2.74	1.00	0.00	0.16	111115
172	"13:28:08"	6580.5	0	5.85	0.0458	166	0.946	2.05	25.92	6	1.42	1	2.84	28.48	25.92	30.13	400.64	382.06	10.325	13.116	26.43	33.58	200.6	1699	2	99.89	0.204	-0.276	0.0358	0.00306	0.0278	0.00491	1.0	-0.22	2.74	1.00	0.00	0.16	111115
"13:28:32 Coolers: Tblock -> 35.00 C"
"13:31:20 Flow: Fixed -> 200 umol/s"
173	"13:31:41"	6793.5	0	5.73	0.0448	165	1.02	2.26	28.00	6	1.42	1	2.84	32.44	28.00	35.14	400.48	382.15	12.399	15.415	25.30	31.46	200.6	1700	2	99.9	-0.316	-0.336	0.0664	0.0156	0.0543	0.0168	0.7	-0.22	2.74	1.00	0.00	0.16	111115
174	"13:31:42"	6793.5	0	5.73	0.0448	165	1.02	2.26	28.00	6	1.42	1	2.84	32.44	28.00	35.14	400.48	382.15	12.399	15.415	25.30	31.46	200.6	1700	2	99.9	-0.316	-0.336	0.0664	0.0156	0.0543	0.0168	0.7	-0.22	2.74	1.00	0.00	0.16	111115
175	"13:31:42"	6794.0	0	5.7	0.0448	166	1.02	2.25	28.00	6	1.42	1	2.84	32.44	28.00	35.14	400.43	382.20	12.405	15.416	25.31	31.46	200.6	1700	2	99.9	-0.316	-0.336	0.0664	0.0156	0.0543	0.0168	0.7	-0.22	2.74	1.00	0.00	0.16	111115
176	"13:31:43"	6794.5	0	5.69	0.0448	166	1.02	2.25	27.99	6	1.42	1	2.84	32.44	27.99	35.14	400.41	382.22	12.411	15.417	25.32	31.46	200.6	1700	2	99.9	-0.316	-0.336	0.0664	0.0156	0.0543	0.0168	0.7	-0.22	2.74	1.00	0.00	0.16	111115
177	"13:31:43"	6795.0	0	5.71	0.0447	165	1.02	2.25	27.98	6	1.42	1	2.84	32.45	27.98	35.14	400.44	382.20	12.418	15.419	25.33	31.46	200.6	1700	2	99.9	-0.316	-0.336	0.0664	0.0156	0.0543	0.0168	0.7	-0.22	2.74	1.00	0.00	0.16	111115
178	"13:31:44"	6795.5	0	5.69	0.0447	166	1.02	2.25	27.98	6	1.42	1	2.84	32.45	27.98	35.14	400.44	382.27	12.424	15.421	25.34	31.46	200.6	1700	2	99.9	-0.316	-0.336	0.0664	0.0156	0.0543	0.0168	0.7	-0.22	2.74	1.00	0.00	0.16	111115
179	"13:31:44"	6796.0	0	5.69	0.0447	166	1.02	2.25	27.98	6	1.42	1	2.84	32.45	27.98	35.14	400.43	382.27	12.430	15.424	25.35	31.46	200.6	1700	2	99.9	-0.316	-0.336	0.0664	0.0156	0.0543	0.0168	0.7	-0.22	2.74	1.00	0.00	0.16	111115
180	"13:31:45"	6796.5	0	5.69	0.0446	165	1.02	2.25	27.97	6	1.42	1	2.84	32.45	27.97	35.14	400.42	382.24	12.435	15.425	25.36	31.46	200.6	1700	2	99.9	-0.316	-0.336	0.0664	0.0156	0.0543	0.0168	0.7	-0.22	2.74	1.00	0.00	0.16	111115
181	"13:31:46"	6797.0	0	5.66	0.0446	166	1.01	2.25	27.98	6	1.42	1	2.84	32.45	27.98	35.13	400.37	382.28	12.439	15.426	25.37	31.46	200.6	1700	2	99.9	-0.316	-0.336	0.0664	0.0156	0.0543	0.0168	0.7	-0.22	2.74	1.00	0.00	0.16	111115
182	"13:31:46"	6797.5	0	5.62	0.0447	168	1.01	2.24	27.94	6	1.42	1	2.84	32.45	27.94	35.13	400.27	382.30	12.442	15.427	25.37	31.46	200.6	1700	2	99.9	-0.316	-0.336	0.0664	0.0156	0.0543	0.0168	0.7	-0.22	2.74	1.00	0.00	0.16	111115
183	"13:31:47"	6798.5	0	5.6	0.0446	169	1.01	2.24	27.94	6	1.42	1	2.84	32.45	27.94	35.13	400.21	382.32	12.450	15.432	25.39	31.47	200.7	1700	2	99.9	-0.316	-0.336	0.0664	0.0156	0.0543	0.0168	0.7	-0.22	2.74	1.00	0.00	0.16	111115
184	"13:31:47"	6799.0	0	5.57	0.0446	170	1.01	2.24	27.94	6	1.42	1	2.84	32.45	27.94	35.13	400.15	382.33	12.454	15.434	25.39	31.47	200.7	1700	2	99.9	-0.316	-0.336	0.0664	0.0156	0.0543	0.0168	0.7	-0.22	2.74	1.00	0.00	0.16	111115
185	"13:31:48"	6799.5	0	5.55	0.0446	170	1.01	2.24	27.94	6	1.42	1	2.84	32.45	27.94	35.13	400.08	382.33	12.457	15.436	25.40	31.47	200.6	1700	2	99.9	-0.316	-0.336	0.0664	0.0156	0.0543	0.0168	0.7	-0.22	2.74	1.00	0.00	0.16	111115
186	"13:31:48"	6800.0	0	5.53	0.0446	171	1.01	2.24	27.95	6	1.42	1	2.84	32.46	27.95	35.13	400.03	382.35	12.460	15.437	25.40	31.47	200.6	1700	2	99.9	-0.316	-0.336	0.0664	0.0156	0.0543	0.0168	0.7	-0.22	2.74	1.00	0.00	0.16	111115
187	"13:31:49"	6801.5	0	5.53	0.0446	171	1.01	2.24	27.95	6	1.42	1	2.84	32.46	27.95	35.13	399.98	382.30	12.469	15.445	25.42	31.48	200.6	1700	2	99.9	-0.316	-0.336	0.0664	0.0156	0.0543	0.0168	0.7	-0.22	2.74	1.00	0.00	0.16	111115
188	"13:32:19"	6831.5	0	5.71	0.0448	165	1.03	2.27	28.12	6	1.42	1	2.84	32.52	28.12	35.12	400.02	381.77	12.550	15.580	25.49	31.65	200.5	1700	2	99.9	-0.316	-0.336	0.0664	0.0156	0.0543	0.0168	1.0	-0.22	2.74	1.00	0.00	0.16	111115
189	"13:32:20"	6831.5	0	5.71	0.0448	165	1.03	2.27	28.12	6	1.42	1	2.84	32.52	28.12	35.12	400.02	381.77	12.550	15.580	25.49	31.65	200.5	1700	2	99.9	-0.316	-0.336	0.0664	0.0156	0.0543	0.0168	1.0	-0.22	2.74	1.00	0.00	0.16	111115
190	"13:32:20"	6832.0	0	5.7	0.0449	165	1.03	2.26	28.12	6	1.42	1	2.84	32.52	28.12	35.13	399.98	381.75	12.552	15.582	25.50	31.65	200.5	1700	2	99.9	-0.316	-0.336	0.0664	0.0156	0.0543	0.0168	1.0	-0.22	2.74	1.00	0.00	0.16	111115
191	"13:32:21"	6832.5	0	5.69	0.0448	166	1.03	2.27	28.13	6	1.42	1	2.84	32.52	28.13	35.13	399.93	381.73	12.554	15.583	25.50	31.65	200.5	1700	2	99.9	-0.316	-0.336	0.0664	0.0156	0.0543	0.0168	1.0	-0.22	2.74	1.00	0.00	0.16	111115
192	"13:32:21"	6833.0	0	5.66	0.0448	167	1.03	2.26	28.11	6	1.42	1	2.84	32.52	28.11	35.13	399.89	381.78	12.557	15.585	25.51	31.66	200.5	1700	2	99.9	-0.316	-0.336	0.0664	0.0156	0.0543	0.0168	1.0	-0.22	2.74	1.00	0.00	0.16	111115
193	"13:32:22"	6833.5	0	5.63	0.0449	168	1.03	2.26	28.11	6	1.42	1	2.84	32.52	28.11	35.13	399.83	381.80	12.559	15.586	25.51	31.66	200.5	1700	2	99.9	-0.316	-0.336	0.0664	0.0156	0.0543	0.0168	1.0	-0.22	2.74	1.00	0.00	0.16	111115
194	"13:32:22"	6834.0	0	5.62	0.0449	169	1.03	2.26	28.10	6	1.42	1	2.84	32.52	28.10	35.13	399.80	381.81	12.561	15.589	25.51	31.66	200.5	1700	2	99.9	-0.316	-0.336	0.0664	0.0156	0.0543	0.0168	1.0	-0.22	2.74	1.00	0.00	0.16	111115
195	"13:32:23"	6834.5	0	5.61	0.045	169	1.03	2.26	28.09	6	1.42	1	2.84	32.52	28.09	35.14	399.80	381.84	12.563	15.592	25.52	31.67	200.6	1700	2	99.9	-0.316	-0.336	0.0664	0.0156	0.0543	0.0168	1.0	-0.22	2.74	1.00	0.00	0.16	111115
196	"13:32:24"	6835.0	0	5.61	0.045	169	1.03	2.26	28.09	6	1.42	1	2.84	32.53	28.09	35.14	399.78	381.81	12.565	15.592	25.52	31.66	200.6	1700	2	99.9	-0.316	-0.336	0.0664	0.0156	0.0543	0.0168	1.0	-0.22	2.74	1.00	0.00	0.16	111115
197	"13:32:24"	6836.0	0	5.59	0.0451	171	1.03	2.25	28.07	6	1.42	1	2.84	32.53	28.07	35.15	399.71	381.81	12.568	15.597	25.52	31.67	200.6	1700	2	99.9	-0.316	-0.336	0.0664	0.0156	0.0543	0.0168	1.0	-0.22	2.74	1.00	0.00	0.16	111115
198	"13:32:25"	6836.5	0	5.57	0.0451	171	1.03	2.25	28.07	6	1.42	1	2.84	32.53	28.07	35.15	399.65	381.83	12.569	15.598	25.52	31.67	200.6	1700	2	99.9	-0.316	-0.336	0.0664	0.0156	0.0543	0.0168	1.0	-0.22	2.74	1.00	0.00	0.16	111115
199	"13:32:26"	6837.0	0	5.58	0.0451	171	1.03	2.25	28.08	6	1.42	1	2.84	32.53	28.08	35.15	399.66	381.81	12.571	15.600	25.52	31.67	200.6	1700	2	99.9	-0.316	-0.336	0.0664	0.0156	0.0543	0.0168	1.0	-0.22	2.74	1.00	0.00	0.16	111115
200	"13:32:26"	6837.5	0	5.59	0.045	170	1.03	2.25	28.08	6	1.42	1	2.84	32.53	28.08	35.16	399.70	381.81	12.574	15.602	25.52	31.67	200.6	1700	2	99.89	-0.316	-0.336	0.0664	0.0156	0.0543	0.0168	1.0	-0.22	2.74	1.00	0.00	0.16	111115
201	"13:32:27"	6838.5	0	5.6	0.045	170	1.03	2.26	28.09	6	1.42	1	2.84	32.54	28.09	35.16	399.68	381.77	12.577	15.605	25.53	31.67	200.6	1700	2	99.9	-0.316	-0.336	0.0664	0.0156	0.0543	0.0168	1.0	-0.22	2.74	1.00	0.00	0.16	111115
202	"13:32:28"	6839.0	0	5.59	0.045	170	1.03	2.26	28.10	6	1.42	1	2.84	32.54	28.10	35.16	399.69	381.79	12.578	15.610	25.53	31.68	200.6	1700	2	99.9	-0.316	-0.336	0.0664	0.0156	0.0543	0.0168	1.0	-0.22	2.74	1.00	0.00	0.16	111115
"13:32:45 Coolers: Tblock -> 40.00 C"
"13:36:44 Flow: Fixed -> 200 umol/s"
203	"13:36:50"	7102.0	0	5.49	0.0493	188	1.37	2.75	30.62	6	1.42	1	2.84	36.79	30.62	40.13	400.27	382.26	12.640	16.685	20.26	26.74	200.5	1699	2	99.9	-0.0599	-0.357	0.034	0.00464	0.0216	0.00555	1.0	-0.22	2.74	1.00	0.00	0.16	111115
204	"13:36:50"	7102.0	0	5.49	0.0493	188	1.37	2.75	30.62	6	1.42	1	2.84	36.79	30.62	40.13	400.27	382.26	12.640	16.685	20.26	26.74	200.5	1699	2	99.9	-0.0599	-0.357	0.034	0.00464	0.0216	0.00555	1.0	-0.22	2.74	1.00	0.00	0.16	111115
205	"13:36:50"	7102.5	0	5.48	0.0494	189	1.37	2.74	30.60	6	1.42	1	2.84	36.79	30.60	40.13	400.25	382.26	12.638	16.684	20.26	26.74	200.5	1699	2	99.9	-0.0599	-0.357	0.034	0.00464	0.0216	0.00555	1.0	-0.22	2.74	1.00	0.00	0.16	111115
206	"13:36:51"	7103.0	0	5.49	0.0494	189	1.38	2.74	30.60	6	1.42	1	2.84	36.79	30.60	40.13	400.26	382.26	12.637	16.684	20.25	26.74	200.5	1699	2	99.9	-0.0599	-0.357	0.034	0.00464	0.0216	0.00555	1.0	-0.22	2.74	1.00	0.00	0.16	111115
207	"13:36:51"	7103.5	0	5.49	0.0495	189	1.38	2.74	30.59	6	1.42	1	2.84	36.79	30.59	40.13	400.24	382.25	12.636	16.684	20.25	26.74	200.5	1699	2	99.9	-0.0599	-0.357	0.034	0.00464	0.0216	0.00555	1.0	-0.22	2.74	1.00	0.00	0.16	111115
208	"13:36:52"	7104.0	0	5.49	0.0496	190	1.38	2.74	30.57	6	1.42	1	2.84	36.79	30.57	40.13	400.24	382.25	12.635	16.684	20.25	26.74	200.5	1699	2	99.89	-0.0599	-0.357	0.034	0.00464	0.0216	0.00555	1.0	-0.22	2.74	1.00	0.00	0.16	111115
209	"13:36:52"	7104.5	0	5.51	0.0497	189	1.38	2.73	30.55	6	1.42	1	2.84	36.79	30.55	40.12	400.28	382.22	12.634	16.683	20.25	26.73	200.5	1699	2	99.9	-0.0599	-0.357	0.034	0.00464	0.0216	0.00555	1.0	-0.22	2.74	1.00	0.00	0.16	111115
210	"13:36:53"	7104.5	0	5.51	0.0497	189	1.38	2.73	30.55	6	1.42	1	2.84	36.79	30.55	40.12	400.28	382.22	12.634	16.683	20.25	26.73	200.5	1699	2	99.9	-0.0599	-0.357	0.034	0.00464	0.0216	0.00555	1.0	-0.22	2.74	1.00	0.00	0.16	111115
211	"13:36:53"	7105.0	0	5.47	0.0497	191	1.38	2.73	30.53	6	1.42	1	2.84	36.80	30.53	40.12	400.24	382.30	12.636	16.682	20.25	26.73	200.5	1699	2	99.89	-0.0599	-0.357	0.034	0.00464	0.0216	0.00555	1.0	-0.22	2.74	1.00	0.00	0.16	111115
212	"13:36:54"	7105.5	0	5.47	0.0497	191	1.37	2.72	30.53	6	1.42	1	2.84	36.80	30.53	40.12	400.25	382.32	12.636	16.680	20.24	26.72	200.5	1699	2	99.9	-0.0599	-0.357	0.034	0.00464	0.0216	0.00555	1.0	-0.22	2.74	1.00	0.00	0.16	111115
213	"13:36:55"	7106.0	0	5.48	0.0497	191	1.37	2.72	30.52	6	1.42	1	2.84	36.80	30.52	40.12	400.27	382.32	12.636	16.680	20.24	26.72	200.5	1699	2	99.9	-0.0599	-0.357	0.034	0.00464	0.0216	0.00555	1.0	-0.22	2.74	1.00	0.00	0.16	111115
214	"13:36:55"	7106.5	0	5.48	0.0497	190	1.37	2.73	30.53	6	1.42	1	2.84	36.80	30.53	40.12	400.28	382.31	12.636	16.679	20.24	26.72	200.6	1699	2	99.9	-0.0599	-0.357	0.034	0.00464	0.0216	0.00555	1.0	-0.22	2.74	1.00	0.00	0.16	111115
215	"13:36:56"	7107.5	0	5.47	0.0497	191	1.37	2.72	30.52	6	1.42	1	2.84	36.80	30.52	40.12	400.27	382.35	12.637	16.676	20.24	26.72	200.5	1699	2	99.9	-0.0599	-0.357	0.034	0.00464	0.0216	0.00555	1.0	-0.22	2.74	1.00	0.00	0.16	111115
216	"13:36:56"	7108.0	0	5.47	0.0497	191	1.37	2.72	30.51	6	1.42	1	2.84	36.80	30.51	40.12	400.30	382.36	12.637	16.675	20.24	26.71	200.5	1699	2	99.9	-0.0599	-0.357	0.034	0.00464	0.0216	0.00555	1.0	-0.22	2.74	1.00	0.00	0.16	111115
217	"13:36:57"	7108.5	0	5.46	0.0497	191	1.37	2.72	30.51	6	1.42	1	2.84	36.80	30.51	40.13	400.30	382.39	12.638	16.676	20.24	26.71	200.5	1699	2	99.9	-0.0599	-0.357	0.034	0.00464	0.0216	0.00555	1.0	-0.22	2.74	1.00	0.00	0.16	111115
"13:37:34 Coolers: Tblock -> 45.00 C"
"13:44:30 Flow: Fixed -> 200 umol/s"
218	"13:44:36"	7568.5	0	5.25	0.0523	203	1.8	3.37	33.38	6	1.42	1	2.84	41.22	33.38	45.17	399.97	382.19	12.587	17.874	15.89	22.57	200.5	1699	1	99.9	-0.58	-0.388	0.0365	0.0142	0.0334	0.0155	1.0	-0.22	2.74	1.00	0.00	0.16	111115
219	"13:44:36"	7568.5	0	5.25	0.0523	203	1.8	3.37	33.38	6	1.42	1	2.84	41.22	33.38	45.17	399.97	382.19	12.587	17.874	15.89	22.57	200.5	1699	1	99.9	-0.58	-0.388	0.0365	0.0142	0.0334	0.0155	1.0	-0.22	2.74	1.00	0.00	0.16	111115
220	"13:44:37"	7569.0	0	5.25	0.0524	203	1.8	3.37	33.37	6	1.42	1	2.84	41.22	33.37	45.17	399.95	382.19	12.586	17.875	15.89	22.57	200.5	1699	1	99.9	-0.58	-0.388	0.0365	0.0142	0.0334	0.0155	1.0	-0.22	2.74	1.00	0.00	0.16	111115
221	"13:44:37"	7569.5	0	5.27	0.0525	203	1.8	3.37	33.36	6	1.42	1	2.84	41.23	33.36	45.17	399.99	382.16	12.586	17.876	15.89	22.57	200.5	1699	1	99.9	-0.58	-0.388	0.0365	0.0142	0.0334	0.0155	1.0	-0.22	2.74	1.00	0.00	0.16	111115
222	"13:44:38"	7570.0	0	5.27	0.0525	203	1.8	3.37	33.36	6	1.42	1	2.84	41.23	33.36	45.17	399.99	382.14	12.585	17.877	15.89	22.57	200.5	1699	1	99.9	-0.58	-0.388	0.0365	0.0142	0.0334	0.0155	1.0	-0.22	2.74	1.00	0.00	0.16	111115
223	"13:44:38"	7570.5	0	5.28	0.0525	202	1.8	3.37	33.37	6	1.42	1	2.84	41.23	33.37	45.17	399.99	382.14	12.584	17.878	15.88	22.56	200.5	1699	1	99.9	-0.58	-0.388	0.0365	0.0142	0.0334	0.0155	1.0	-0.22	2.74	1.00	0.00	0.16	111115
224	"13:44:39"	7571.0	0	5.3	0.0524	201	1.8	3.38	33.39	6	1.42	1	2.84	41.23	33.39	45.17	400.03	382.10	12.584	17.878	15.88	22.56	200.5	1699	1	99.9	-0.58	-0.388	0.0365	0.0142	0.0334	0.0155	1.0	-0.22	2.74	1.00	0.00	0.16	111115
225	"13:44:39"	7571.5	0	5.31	0.0524	201	1.8	3.38	33.40	6	1.42	1	2.84	41.24	33.40	45.17	400.07	382.12	12.584	17.880	15.88	22.56	200.5	1700	1	99.9	-0.58	-0.388	0.0365	0.0142	0.0334	0.0155	1.0	-0.22	2.74	1.00	0.00	0.16	111115
226	"13:44:40"	7572.0	0	5.32	0.0524	201	1.8	3.38	33.38	6	1.42	1	2.84	41.24	33.38	45.17	400.10	382.12	12.584	17.880	15.88	22.56	200.5	1700	1	99.9	-0.58	-0.388	0.0365	0.0142	0.0334	0.0155	1.0	-0.22	2.74	1.00	0.00	0.16	111115
227	"13:44:40"	7572.5	0	5.31	0.0524	201	1.8	3.38	33.39	6	1.42	1	2.84	41.24	33.39	45.17	400.12	382.16	12.583	17.880	15.87	22.56	200.6	1700	1	99.9	-0.58	-0.388	0.0365	0.0142	0.0334	0.0155	1.0	-0.22	2.74	1.00	0.00	0.16	111115
228	"13:44:41"	7573.0	0	5.32	0.0524	201	1.8	3.38	33.40	6	1.42	1	2.84	41.24	33.40	45.17	400.12	382.15	12.584	17.880	15.87	22.56	200.6	1699	1	99.9	-0.58	-0.388	0.0365	0.0142	0.0334	0.0155	1.0	-0.22	2.74	1.00	0.00	0.16	111115
229	"13:44:41"	7573.5	0	5.28	0.0524	202	1.8	3.38	33.40	6	1.42	1	2.84	41.24	33.40	45.17	400.06	382.20	12.583	17.880	15.87	22.55	200.6	1699	2	99.9	-0.58	-0.388	0.0365	0.0142	0.0334	0.0155	1.0	-0.22	2.74	1.00	0.00	0.16	111115
230	"13:44:42"	7574.0	0	5.27	0.0524	202	1.8	3.38	33.40	6	1.42	1	2.84	41.24	33.40	45.17	400.06	382.23	12.583	17.881	15.87	22.55	200.6	1699	2	99.9	-0.58	-0.388	0.0365	0.0142	0.0334	0.0155	1.0	-0.22	2.74	1.00	0.00	0.16	111115
231	"13:44:42"	7574.5	0	5.27	0.0524	202	1.8	3.38	33.40	6	1.42	1	2.84	41.25	33.40	45.17	400.06	382.23	12.583	17.880	15.87	22.55	200.5	1699	2	99.9	-0.58	-0.388	0.0365	0.0142	0.0334	0.0155	1.0	-0.22	2.74	1.00	0.00	0.16	111115
232	"13:44:43"	7575.0	0	5.26	0.0524	203	1.8	3.38	33.40	6	1.42	1	2.84	41.25	33.40	45.17	400.07	382.26	12.583	17.881	15.87	22.55	200.5	1699	2	99.9	-0.58	-0.388	0.0365	0.0142	0.0334	0.0155	1.0	-0.22	2.74	1.00	0.00	0.16	111115
"13:45:39 Coolers: Tblock -> 50.00 C"
"13:57:59 Flow: Fixed -> 200 umol/s"
233	"13:58:05"	8378.0	0	4.32	0.061	248	2.53	4.07	36.35	6	1.42	1	2.84	45.79	36.35	49.88	400.21	384.37	12.741	20.173	12.68	20.08	200.4	1699	1	99.9	0.118	-0.438	0.0523	0.0215	0.0533	0.0223	1.0	-0.22	2.74	1.00	0.00	0.16	111115
234	"13:58:06"	8378.0	0	4.32	0.061	248	2.53	4.07	36.35	6	1.42	1	2.84	45.79	36.35	49.88	400.21	384.37	12.741	20.173	12.68	20.08	200.4	1699	1	99.9	0.118	-0.438	0.0523	0.0215	0.0533	0.0223	1.0	-0.22	2.74	1.00	0.00	0.16	111115
235	"13:58:06"	8378.5	0	4.31	0.0609	248	2.53	4.08	36.37	6	1.42	1	2.84	45.79	36.37	49.88	400.19	384.38	12.740	20.173	12.68	20.08	200.4	1699	1	99.9	0.118	-0.438	0.0523	0.0215	0.0533	0.0223	1.0	-0.22	2.74	1.00	0.00	0.16	111115
236	"13:58:07"	8379.0	0	4.3	0.0608	248	2.54	4.08	36.39	6	1.42	1	2.84	45.79	36.39	49.88	400.20	384.42	12.738	20.173	12.68	20.08	200.4	1699	1	99.9	0.118	-0.438	0.0523	0.0215	0.0533	0.0223	1.0	-0.22	2.74	1.00	0.00	0.16	111115
237	"13:58:07"	8379.5	0	4.28	0.0608	248	2.53	4.08	36.38	6	1.42	1	2.84	45.79	36.38	49.88	400.16	384.43	12.738	20.172	12.68	20.08	200.4	1699	1	99.9	0.118	-0.438	0.0523	0.0215	0.0533	0.0223	1.0	-0.22	2.74	1.00	0.00	0.16	111115
238	"13:58:08"	8380.0	0	4.26	0.0608	249	2.54	4.08	36.39	6	1.42	1	2.84	45.79	36.39	49.88	400.13	384.47	12.737	20.175	12.68	20.08	200.5	1699	1	99.9	0.118	-0.438	0.0523	0.0215	0.0533	0.0223	1.0	-0.22	2.74	1.00	0.00	0.16	111115
239	"13:58:08"	8380.5	0	4.26	0.0606	248	2.54	4.1	36.43	6	1.42	1	2.84	45.79	36.43	49.88	400.15	384.47	12.737	20.176	12.68	20.08	200.5	1699	1	99.9	0.118	-0.438	0.0523	0.0215	0.0533	0.0223	1.0	-0.22	2.74	1.00	0.00	0.16	111115
240	"13:58:09"	8381.0	0	4.26	0.0606	249	2.54	4.1	36.43	6	1.42	1	2.84	45.79	36.43	49.88	400.15	384.50	12.738	20.176	12.68	20.08	200.5	1699	1	99.9	0.118	-0.438	0.0523	0.0215	0.0533	0.0223	1.0	-0.22	2.74	1.00	0.00	0.16	111115
241	"13:58:09"	8381.5	0	4.26	0.0606	249	2.54	4.09	36.43	6	1.42	1	2.84	45.79	36.43	49.88	400.17	384.51	12.738	20.176	12.68	20.08	200.5	1699	1	99.9	0.118	-0.438	0.0523	0.0215	0.0533	0.0223	1.0	-0.22	2.74	1.00	0.00	0.16	111115
242	"13:58:10"	8382.0	0	4.25	0.0607	249	2.54	4.09	36.42	6	1.42	1	2.84	45.79	36.42	49.88	400.16	384.52	12.738	20.176	12.68	20.08	200.5	1699	1	99.9	0.118	-0.438	0.0523	0.0215	0.0533	0.0223	0.7	-0.22	2.74	1.00	0.00	0.16	111115
243	"13:58:10"	8382.5	0	4.25	0.0608	249	2.54	4.09	36.40	6	1.42	1	2.84	45.79	36.40	49.88	400.20	384.55	12.740	20.177	12.68	20.08	200.5	1699	1	99.9	0.118	-0.438	0.0523	0.0215	0.0533	0.0223	0.7	-0.22	2.74	1.00	0.00	0.16	111115
244	"13:58:11"	8383.0	0	4.26	0.0608	249	2.54	4.08	36.40	6	1.42	1	2.84	45.79	36.40	49.88	400.20	384.53	12.742	20.178	12.68	20.08	200.5	1699	1	99.9	0.118	-0.438	0.0523	0.0215	0.0533	0.0223	0.7	-0.22	2.74	1.00	0.00	0.16	111115
245	"13:58:11"	8383.5	0	4.27	0.0608	248	2.54	4.09	36.40	6	1.42	1	2.84	45.80	36.40	49.88	400.24	384.53	12.743	20.180	12.68	20.08	200.5	1699	1	99.9	0.118	-0.438	0.0523	0.0215	0.0533	0.0223	0.7	-0.22	2.74	1.00	0.00	0.16	111115
246	"13:58:12"	8384.0	0	4.27	0.0608	248	2.54	4.09	36.40	6	1.42	1	2.84	45.80	36.40	49.88	400.24	384.53	12.743	20.179	12.68	20.07	200.5	1699	1	99.9	0.118	-0.438	0.0523	0.0215	0.0533	0.0223	0.7	-0.22	2.74	1.00	0.00	0.16	111115
247	"13:58:13"	8384.5	0	4.28	0.0608	248	2.54	4.08	36.40	6	1.42	1	2.84	45.80	36.40	49.89	400.26	384.54	12.743	20.181	12.68	20.07	200.5	1698	2	99.9	0.118	-0.438	0.0523	0.0215	0.0533	0.0223	0.7	-0.22	2.74	1.00	0.00	0.16	111115
248	"13:58:13"	8385.0	0	4.28	0.0608	248	2.54	4.09	36.41	6	1.42	1	2.84	45.80	36.41	49.89	400.24	384.52	12.743	20.181	12.67	20.07	200.5	1698	1	99.9	0.118	-0.438	0.0523	0.0215	0.0533	0.0223	0.7	-0.22	2.74	1.00	0.00	0.16	111115
249	"13:58:14"	8385.5	0	4.28	0.0608	248	2.54	4.08	36.40	6	1.42	1	2.84	45.80	36.40	49.89	400.26	384.54	12.743	20.183	12.67	20.07	200.5	1698	2	99.9	0.118	-0.438	0.0523	0.0215	0.0533	0.0223	0.7	-0.22	2.74	1.00	0.00	0.16	111115
250	"13:58:14"	8386.5	0	4.26	0.0608	249	2.54	4.09	36.40	6	1.42	1	2.84	45.81	36.40	49.89	400.21	384.54	12.742	20.185	12.67	20.07	200.5	1698	1	99.9	0.118	-0.438	0.0523	0.0215	0.0533	0.0223	0.7	-0.22	2.74	1.00	0.00	0.16	111115
