"OPEN 6.3.3"
"Mon Jul 23 2018 15:01:16"
<open><version>"6.3.3"</version></open>
<open><configfile>"/User/Configs/UserPrefs/2x3 LED.xml"</configfile></open>
<open><light><source>"6400-02 or -02B LED Source"</source><par_in>1<sensor>"SI-4027"<cal>-1.00<actinity>1.00</actinity><transm>1.00</transm></cal></sensor><transm>1</transm></par_in><par_out>1<sensor>"Q51318"<cal>6.49</cal></sensor></par_out></light></open>
<open><comps><file>"/User/Configs/Comps/StdComps_6.3"<header>""</header><extras></extras></file><energybal>no<f_parIn>1</f_parIn><f_parOut>0</f_parOut><alphaK>0.16</alphaK></energybal><bc_total>2.840<stomatal_ratio>1</stomatal_ratio><bc_oneside>1.420<type>2</type><table>"/Sys/Lib/StdBLCTable"</table><area>6</area><slope>-0.219565</slope><offset>2.73739</offset><fan>5</fan></bc_oneside></bc_total></comps></open>
<open><prompts><onlog>off</onlog><items>"Default (none)"</items></prompts></open>
<open><constants><oxygen>21 %</oxygen><bb_vapor>1.5</bb_vapor><bb_oxy>0.9</bb_oxy></constants></open>
<open><stability><items>"Std Stability"<items[1]><id>-2</id><size>15</size><pcv><onoff>0</onoff><value>1</value></pcv><std><onoff>0</onoff><value>1</value></std><slp><onoff>1</onoff><value>1</value></slp></items[1]><items[2]><id>-5</id><size>15</size><pcv><onoff>0</onoff><value>1</value></pcv><std><onoff>0</onoff><value>1</value></std><slp><onoff>1</onoff><value>1</value></slp></items[2]><items[3]><id>-7</id><size>15</size><pcv><onoff>0</onoff><value>1</value></pcv><std><onoff>0</onoff><value>1</value></std><slp><onoff>1</onoff><value>1</value></slp></items[3]></items></stability></open>
<open><log><format>"StdLogFmt_6.3"<items>{ -35 -21 -36 -76 30 23 36 21 25 221 -33 111 -34 11 -9 -10 -8 -1 -2 -4 -5 -14 -15 -7 -12 -13 -11 -65 -66 -117 -119 -116 -118 -72 -18 -19 -77 -78 -79 -23  }<hdr>{  }</hdr></items></format><options><beep>on</beep><match>"never"<time>30</time><co2>100</co2><delta>10</delta></match><hdr>normal</hdr><rem>normal</rem><stab>no</stab><stats>no<mean>no</mean><file>no</file><period>15</period></stats><excel>yes</excel><controls>yes</controls><comm>no</comm></options><datafile>"/User/0000-AAO4676-230718"</datafile><button><action>"Normal Log"<code>" LogOneObsManual "</code></action></button><autoprog>"/User/Configs/AutoProgs/AutoLog2"<active>no</active></autoprog></log></open>
<open><a2d><avgtime>4.0 secs</avgtime><userchans><ch20>"Off"</ch20><ch21>"Off"</ch21><ch22>"Off"</ch22><ch23>"Off"</ch23></userchans></a2d></open>
<open><matching><type>0</type><disp>'a'</disp><settings>><CO2Limit>10.0</CO2Limit><H2OLimit>1.0</H2OLimit><MaxAutoTime>60</MaxAutoTime><AverageTime>10</AverageTime></settings></matching></open>
<li6400><factory><unit>"PSC-4123"</unit><serviced>"19.01.2017"</serviced><fuseaware>0</fuseaware><co2mixer>yes</co2mixer><co2><coeffs>{ 0 0.219912 1.60869e-05 2.42627e-08 -3.602e-12 2.3711e-16  }</coeffs><dvdt>-4.1</dvdt><xs>{ -0.00117 -1.14e-05  }</xs></co2><h2o><coeffs>{ 0 0.00612804 1.69186e-06 1.49192e-10  }</coeffs><dvdt>-2.5</dvdt><xs>{ -0.000351 -0.00239  }</xs></h2o><flow>{ 0 0.3738  }</flow><press>{ 87.734 0.00547  }</press></factory></li6400>
<li6400><user><flow_zero>-547.7</flow_zero><irga_zero><co2>-79.5 -79.5<at>32.3675</at></co2><h2o>37.6 -1.4<at>33.9874</at></h2o></irga_zero><irga_span><co2>{ 0.985904 0.986618  }</co2><h2o>{ 1.00683 0.993449  }</h2o></irga_span><irga_match><co2>{ -1.70314 1.69201  }</co2><h2o>{ -0.0708174 -0.126601  }</h2o></irga_match><co2_mixer><pump_mv>4500</pump_mv><ppm>{ 2330.31 1136.88 449.46 273.386 125.406 73.118 48.0557 40.3927  }</ppm><mv>{ 5000 3000 1500 1000 500 300 200 100  }</mv></co2_mixer><parin_offset>0</parin_offset><led_cal><unit>"SI-4027"</unit><mv>{ 10 25 50 100 1000 2000 3000 4000 5000  }</mv><qntm>{ 3.39689 11.1502 23.8626 52.4799 561.717 1093.55 1598.71 2081.76 2538.89  }</qntm></led_cal><lcf_cal><unit>"unknown"</unit><red><mv>{ 50 100 500 1000 1500 5000  }</mv><qntm>{ 50 100 500 1000 2000 5000  }</qntm></red><blue><mv>{ 100 200 500 1000 2000 5000  }</mv><qntm>{ 10 20 50 100 200 500  }</qntm></blue></lcf_cal></user></li6400>
"15:01:18 "
$STARTOFDATA$
"Obs"	"HHMMSS"	"FTime"	"EBal?"	"Photo"	"Cond"	"Ci"	"Trmmol"	"VpdL"	"CTleaf"	"Area"	"BLC_1"	"StmRat"	"BLCond"	"Tair"	"Tleaf"	"TBlk"	"CO2R"	"CO2S"	"H2OR"	"H2OS"	"RH_R"	"RH_S"	"Flow"	"PARi"	"PARo"	"Press"	"CsMch"	"HsMch"	"CsMchSD"	"HsMchSD"	"CrMchSD"	"HrMchSD"	"StableF"	"BLCslope"	"BLCoffst"	"f_parin"	"f_parout"	"alphaK"	"Status"
"15:02:07 Flow: Fixed -> 200 umol/s"
1	"15:02:10"	87.5	0	2.74	0.0395	274	0.359	0.914	9.46	6	1.42	1	2.84	2.78	9.46	0.50	399.77	391.13	1.676	2.753	22.34	36.68	199.8	1701	1	99.84	1.68	-0.13	0.0723	0.00194	0.023	0.00232	1.0	-0.22	2.74	1.00	0.00	0.16	111115
2	"15:02:11"	88.0	0	2.74	0.0399	275	0.363	0.913	9.46	6	1.42	1	2.84	2.78	9.46	0.50	399.81	391.15	1.669	2.755	22.24	36.70	199.8	1701	1	99.84	1.68	-0.13	0.0723	0.00194	0.023	0.00232	1.0	-0.22	2.74	1.00	0.00	0.16	111115
3	"15:02:11"	88.0	0	2.74	0.0399	275	0.363	0.913	9.46	6	1.42	1	2.84	2.78	9.46	0.50	399.81	391.15	1.669	2.755	22.24	36.70	199.8	1701	1	99.84	1.68	-0.13	0.0723	0.00194	0.023	0.00232	1.0	-0.22	2.74	1.00	0.00	0.16	111115
4	"15:02:11"	88.5	0	2.77	0.0402	275	0.365	0.913	9.45	6	1.42	1	2.84	2.78	9.45	0.51	399.85	391.11	1.663	2.756	22.16	36.72	199.8	1701	1	99.84	1.68	-0.13	0.0723	0.00194	0.023	0.00232	1.0	-0.22	2.74	1.00	0.00	0.16	111115
5	"15:02:12"	89.0	0	2.8	0.0414	277	0.376	0.913	9.46	6	1.42	1	2.84	2.79	9.46	0.51	400.06	391.21	1.632	2.756	21.73	36.72	199.8	1701	1	99.84	1.68	-0.13	0.0723	0.00194	0.023	0.00232	1.0	-0.22	2.74	1.00	0.00	0.16	111115
6	"15:02:12"	89.5	0	2.8	0.0416	277	0.378	0.913	9.46	6	1.42	1	2.84	2.79	9.46	0.52	400.10	391.26	1.627	2.758	21.67	36.73	199.7	1701	1	99.84	1.68	-0.13	0.0723	0.00194	0.023	0.00232	1.0	-0.22	2.74	1.00	0.00	0.16	111115
7	"15:02:13"	90.0	0	2.77	0.0416	279	0.378	0.913	9.46	6	1.42	1	2.84	2.79	9.46	0.52	400.12	391.37	1.625	2.756	21.64	36.70	199.7	1701	1	99.84	1.68	-0.13	0.0723	0.00194	0.023	0.00232	1.0	-0.22	2.74	1.00	0.00	0.16	111115
8	"15:02:13"	90.5	0	2.78	0.0418	279	0.379	0.913	9.46	6	1.42	1	2.84	2.79	9.46	0.53	400.16	391.35	1.624	2.760	21.62	36.75	199.7	1700	1	99.84	1.68	-0.13	0.0723	0.00194	0.023	0.00232	1.0	-0.22	2.74	1.00	0.00	0.16	111115
9	"15:02:14"	91.0	0	2.82	0.0418	277	0.38	0.913	9.46	6	1.42	1	2.84	2.79	9.46	0.53	400.15	391.23	1.623	2.761	21.61	36.75	199.7	1700	1	99.84	1.68	-0.13	0.0723	0.00194	0.023	0.00232	1.0	-0.22	2.74	1.00	0.00	0.16	111115
10	"15:02:14"	91.5	0	2.84	0.0419	276	0.38	0.913	9.46	6	1.42	1	2.84	2.80	9.46	0.54	400.17	391.18	1.623	2.762	21.60	36.76	199.7	1700	1	99.84	1.68	-0.13	0.0723	0.00194	0.023	0.00232	1.0	-0.22	2.74	1.00	0.00	0.16	111115
11	"15:02:15"	92.0	0	2.86	0.0419	276	0.38	0.913	9.47	6	1.42	1	2.84	2.80	9.47	0.55	400.18	391.14	1.622	2.761	21.58	36.73	199.8	1700	1	99.84	1.68	-0.13	0.0723	0.00194	0.023	0.00232	1.0	-0.22	2.74	1.00	0.00	0.16	111115
12	"15:02:15"	92.5	0	2.88	0.0419	275	0.381	0.914	9.47	6	1.42	1	2.84	2.80	9.47	0.55	400.21	391.12	1.622	2.762	21.57	36.75	199.8	1700	1	99.84	1.68	-0.13	0.0723	0.00194	0.023	0.00232	1.0	-0.22	2.74	1.00	0.00	0.16	111115
13	"15:02:16"	93.0	0	2.89	0.0419	275	0.381	0.913	9.46	6	1.42	1	2.84	2.81	9.46	0.56	400.20	391.09	1.621	2.762	21.57	36.73	199.8	1700	1	99.84	1.68	-0.13	0.0723	0.00194	0.023	0.00232	1.0	-0.22	2.74	1.00	0.00	0.16	111115
14	"15:02:16"	93.5	0	2.87	0.0419	275	0.38	0.913	9.45	6	1.42	1	2.84	2.81	9.45	0.56	400.18	391.11	1.621	2.760	21.56	36.71	199.8	1700	1	99.84	1.68	-0.13	0.0723	0.00194	0.023	0.00232	1.0	-0.22	2.74	1.00	0.00	0.16	111115
15	"15:02:17"	94.0	0	2.91	0.0418	273	0.38	0.913	9.46	6	1.42	1	2.84	2.81	9.46	0.57	400.19	391.00	1.621	2.759	21.55	36.67	199.8	1700	1	99.84	1.68	-0.13	0.0723	0.00194	0.023	0.00232	1.0	-0.22	2.74	1.00	0.00	0.16	111115
16	"15:02:17"	94.5	0	2.92	0.0419	273	0.38	0.912	9.45	6	1.42	1	2.84	2.82	9.45	0.57	400.19	390.97	1.621	2.758	21.54	36.66	199.8	1700	1	99.84	1.68	-0.13	0.0723	0.00194	0.023	0.00232	1.0	-0.22	2.74	1.00	0.00	0.16	111115
17	"15:02:18"	95.0	0	2.91	0.0419	274	0.38	0.912	9.45	6	1.42	1	2.84	2.82	9.45	0.58	400.18	391.00	1.620	2.758	21.53	36.64	199.8	1700	1	99.84	1.68	-0.13	0.0723	0.00194	0.023	0.00232	1.0	-0.22	2.74	1.00	0.00	0.16	111115
18	"15:02:18"	95.5	0	2.87	0.0419	275	0.38	0.912	9.45	6	1.42	1	2.84	2.82	9.45	0.58	400.16	391.09	1.620	2.758	21.52	36.64	199.8	1700	1	99.84	1.68	-0.13	0.0723	0.00194	0.023	0.00232	1.0	-0.22	2.74	1.00	0.00	0.16	111115
19	"15:02:19"	96.0	0	2.87	0.0419	275	0.38	0.912	9.45	6	1.42	1	2.84	2.83	9.45	0.59	400.17	391.10	1.620	2.759	21.52	36.64	199.8	1700	1	99.84	1.68	-0.13	0.0723	0.00194	0.023	0.00232	1.0	-0.22	2.74	1.00	0.00	0.16	111115
20	"15:02:19"	96.5	0	2.81	0.0419	278	0.38	0.912	9.45	6	1.42	1	2.84	2.83	9.45	0.59	400.15	391.26	1.620	2.758	21.51	36.62	199.7	1700	1	99.84	1.68	-0.13	0.0723	0.00194	0.023	0.00232	1.0	-0.22	2.74	1.00	0.00	0.16	111115
21	"15:02:20"	97.0	0	2.84	0.042	277	0.381	0.912	9.45	6	1.42	1	2.84	2.83	9.45	0.60	400.15	391.18	1.619	2.759	21.50	36.63	199.8	1700	1	99.84	1.68	-0.13	0.0723	0.00194	0.023	0.00232	1.0	-0.22	2.74	1.00	0.00	0.16	111115
22	"15:02:20"	97.5	0	2.88	0.0421	276	0.382	0.911	9.44	6	1.42	1	2.84	2.84	9.44	0.60	400.15	391.06	1.620	2.763	21.49	36.67	199.7	1700	1	99.84	1.68	-0.13	0.0723	0.00194	0.023	0.00232	1.0	-0.22	2.74	1.00	0.00	0.16	111115
23	"15:02:21"	98.0	0	2.86	0.0424	277	0.384	0.911	9.44	6	1.42	1	2.84	2.84	9.44	0.61	400.15	391.11	1.619	2.769	21.48	36.74	199.7	1700	1	99.84	1.68	-0.13	0.0723	0.00194	0.023	0.00232	1.0	-0.22	2.74	1.00	0.00	0.16	111115
24	"15:02:21"	98.5	0	2.82	0.0423	278	0.384	0.912	9.45	6	1.42	1	2.84	2.84	9.45	0.61	400.15	391.23	1.619	2.768	21.48	36.73	199.8	1700	1	99.84	1.68	-0.13	0.0723	0.00194	0.023	0.00232	1.0	-0.22	2.74	1.00	0.00	0.16	111115
25	"15:02:22"	99.0	0	2.84	0.0425	278	0.385	0.912	9.46	6	1.42	1	2.84	2.85	9.46	0.62	400.17	391.19	1.619	2.772	21.47	36.77	199.8	1700	1	99.84	1.68	-0.13	0.0723	0.00194	0.023	0.00232	1.0	-0.22	2.74	1.00	0.00	0.16	111115
26	"15:02:22"	99.5	0	2.88	0.0425	276	0.385	0.912	9.46	6	1.42	1	2.84	2.85	9.46	0.62	400.18	391.08	1.619	2.773	21.47	36.77	199.8	1700	1	99.84	1.68	-0.13	0.0723	0.00194	0.023	0.00232	1.0	-0.22	2.74	1.00	0.00	0.16	111115
"15:02:47 Coolers: Tblock -> 5.00 C"
"15:05:28 Flow: Fixed -> 200 umol/s"
27	"15:05:31"	288.0	0	3.14	0.0372	248	0.367	0.989	11.31	6	1.42	1	2.84	6.28	11.31	5.08	399.72	389.86	2.470	3.568	25.78	37.23	199.8	1700	1	99.84	1.08	-0.142	0.0951	0.00601	0.0555	0.00563	0.7	-0.22	2.74	1.00	0.00	0.16	111115
28	"15:05:31"	288.0	0	3.14	0.0372	248	0.367	0.989	11.31	6	1.42	1	2.84	6.28	11.31	5.08	399.72	389.86	2.470	3.568	25.78	37.23	199.8	1700	1	99.84	1.08	-0.142	0.0951	0.00601	0.0555	0.00563	0.7	-0.22	2.74	1.00	0.00	0.16	111115
29	"15:05:32"	288.5	0	3.11	0.0374	250	0.369	0.989	11.31	6	1.42	1	2.84	6.28	11.31	5.08	399.77	389.99	2.462	3.566	25.69	37.21	199.8	1700	1	99.84	1.08	-0.142	0.0951	0.00601	0.0555	0.00563	0.7	-0.22	2.74	1.00	0.00	0.16	111115
30	"15:05:32"	289.0	0	3.11	0.0377	251	0.371	0.988	11.30	6	1.42	1	2.84	6.28	11.30	5.08	399.80	390.03	2.455	3.566	25.61	37.21	199.8	1700	1	99.84	1.08	-0.142	0.0951	0.00601	0.0555	0.00563	0.7	-0.22	2.74	1.00	0.00	0.16	111115
31	"15:05:33"	289.5	0	3.15	0.0379	250	0.373	0.988	11.30	6	1.42	1	2.84	6.28	11.30	5.08	399.86	389.96	2.450	3.566	25.56	37.20	199.8	1700	1	99.84	1.08	-0.142	0.0951	0.00601	0.0555	0.00563	0.7	-0.22	2.74	1.00	0.00	0.16	111115
32	"15:05:33"	289.5	0	3.15	0.0379	250	0.373	0.988	11.30	6	1.42	1	2.84	6.28	11.30	5.08	399.86	389.96	2.450	3.566	25.56	37.20	199.8	1700	1	99.84	1.08	-0.142	0.0951	0.00601	0.0555	0.00563	0.7	-0.22	2.74	1.00	0.00	0.16	111115
33	"15:05:34"	290.0	0	3.21	0.0389	251	0.383	0.987	11.29	6	1.42	1	2.84	6.28	11.29	5.09	400.08	390.00	2.420	3.565	25.24	37.19	199.8	1700	1	99.84	1.08	-0.142	0.0951	0.00601	0.0555	0.00563	0.7	-0.22	2.74	1.00	0.00	0.16	111115
34	"15:05:34"	290.5	0	3.24	0.0391	251	0.384	0.987	11.29	6	1.42	1	2.84	6.28	11.29	5.09	400.11	389.94	2.416	3.566	25.20	37.20	199.8	1700	1	99.84	1.08	-0.142	0.0951	0.00601	0.0555	0.00563	0.7	-0.22	2.74	1.00	0.00	0.16	111115
35	"15:05:35"	291.0	0	3.26	0.0392	250	0.385	0.986	11.28	6	1.42	1	2.84	6.28	11.28	5.09	400.13	389.89	2.415	3.566	25.18	37.19	199.8	1700	1	99.84	1.08	-0.142	0.0951	0.00601	0.0555	0.00563	0.7	-0.22	2.74	1.00	0.00	0.16	111115
36	"15:05:35"	291.5	0	3.27	0.0391	249	0.385	0.987	11.29	6	1.42	1	2.84	6.28	11.29	5.09	400.15	389.87	2.413	3.566	25.17	37.18	199.8	1700	1	99.84	1.08	-0.142	0.0951	0.00601	0.0555	0.00563	0.7	-0.22	2.74	1.00	0.00	0.16	111115
37	"15:05:36"	292.0	0	3.23	0.039	251	0.384	0.988	11.30	6	1.42	1	2.84	6.28	11.30	5.09	400.12	389.95	2.413	3.563	25.16	37.15	199.8	1700	1	99.84	1.08	-0.142	0.0951	0.00601	0.0555	0.00563	0.7	-0.22	2.74	1.00	0.00	0.16	111115
38	"15:05:36"	292.5	0	3.27	0.0391	249	0.385	0.989	11.31	6	1.42	1	2.84	6.29	11.31	5.09	400.13	389.85	2.412	3.564	25.14	37.16	199.7	1700	1	99.84	1.08	-0.142	0.0951	0.00601	0.0555	0.00563	0.7	-0.22	2.74	1.00	0.00	0.16	111115
39	"15:05:37"	293.0	0	3.3	0.0389	247	0.384	0.99	11.32	6	1.42	1	2.84	6.29	11.32	5.09	400.16	389.79	2.412	3.562	25.14	37.13	199.7	1700	1	99.84	1.08	-0.142	0.0951	0.00601	0.0555	0.00563	0.7	-0.22	2.74	1.00	0.00	0.16	111115
40	"15:05:37"	293.5	0	3.27	0.0389	249	0.384	0.991	11.32	6	1.42	1	2.84	6.29	11.32	5.09	400.13	389.88	2.411	3.561	25.13	37.12	199.7	1700	1	99.84	1.08	-0.142	0.0951	0.00601	0.0555	0.00563	0.7	-0.22	2.74	1.00	0.00	0.16	111115
41	"15:05:38"	294.0	0	3.27	0.0389	249	0.384	0.992	11.33	6	1.42	1	2.84	6.29	11.33	5.09	400.14	389.87	2.411	3.561	25.13	37.12	199.7	1700	1	99.84	1.08	-0.142	0.0951	0.00601	0.0555	0.00563	0.7	-0.22	2.74	1.00	0.00	0.16	111115
42	"15:05:38"	294.5	0	3.27	0.0389	248	0.384	0.992	11.34	6	1.42	1	2.84	6.29	11.34	5.09	400.16	389.87	2.411	3.562	25.12	37.12	199.7	1700	1	99.84	1.08	-0.142	0.0951	0.00601	0.0555	0.00563	0.7	-0.22	2.74	1.00	0.00	0.16	111115
43	"15:05:39"	295.0	0	3.24	0.0389	250	0.385	0.993	11.35	6	1.42	1	2.84	6.29	11.35	5.09	400.15	389.95	2.410	3.563	25.12	37.13	199.7	1700	1	99.84	1.08	-0.142	0.0951	0.00601	0.0555	0.00563	0.7	-0.22	2.74	1.00	0.00	0.16	111115
44	"15:05:39"	295.5	0	3.24	0.0389	250	0.385	0.992	11.35	6	1.42	1	2.84	6.29	11.35	5.08	400.15	389.96	2.411	3.563	25.12	37.13	199.7	1700	1	99.84	1.08	-0.142	0.0951	0.00601	0.0555	0.00563	0.7	-0.22	2.74	1.00	0.00	0.16	111115
45	"15:05:40"	296.0	0	3.26	0.0388	249	0.384	0.992	11.34	6	1.42	1	2.84	6.29	11.34	5.08	400.15	389.91	2.411	3.561	25.12	37.11	199.7	1700	1	99.84	1.08	-0.142	0.0951	0.00601	0.0555	0.00563	0.7	-0.22	2.74	1.00	0.00	0.16	111115
46	"15:05:40"	296.5	0	3.26	0.0389	249	0.384	0.992	11.34	6	1.42	1	2.84	6.29	11.34	5.08	400.16	389.91	2.411	3.561	25.12	37.11	199.7	1700	1	99.84	1.08	-0.142	0.0951	0.00601	0.0555	0.00563	0.7	-0.22	2.74	1.00	0.00	0.16	111115
47	"15:05:41"	297.0	0	3.25	0.039	250	0.386	0.992	11.34	6	1.42	1	2.84	6.30	11.34	5.08	400.16	389.94	2.410	3.565	25.11	37.14	199.7	1700	1	99.84	1.08	-0.142	0.0951	0.00601	0.0555	0.00563	0.7	-0.22	2.74	1.00	0.00	0.16	111115
48	"15:05:41"	297.5	0	3.25	0.039	250	0.386	0.992	11.35	6	1.42	1	2.84	6.30	11.35	5.08	400.15	389.93	2.411	3.566	25.12	37.15	199.7	1700	1	99.84	1.08	-0.142	0.0951	0.00601	0.0555	0.00563	0.7	-0.22	2.74	1.00	0.00	0.16	111115
49	"15:05:42"	298.0	0	3.24	0.0391	251	0.386	0.992	11.35	6	1.42	1	2.84	6.30	11.35	5.08	400.15	389.98	2.411	3.567	25.12	37.16	199.8	1700	1	99.84	1.08	-0.142	0.0951	0.00601	0.0555	0.00563	0.7	-0.22	2.74	1.00	0.00	0.16	111115
50	"15:05:42"	298.5	0	3.22	0.0391	252	0.387	0.992	11.35	6	1.42	1	2.84	6.30	11.35	5.08	400.12	389.99	2.411	3.568	25.11	37.17	199.8	1700	1	99.84	1.08	-0.142	0.0951	0.00601	0.0555	0.00563	0.7	-0.22	2.74	1.00	0.00	0.16	111115
51	"15:05:43"	299.5	0	3.23	0.0391	251	0.387	0.994	11.37	6	1.42	1	2.84	6.30	11.37	5.08	400.14	389.97	2.411	3.569	25.11	37.17	199.8	1700	1	99.84	1.08	-0.142	0.0951	0.00601	0.0555	0.00563	0.7	-0.22	2.74	1.00	0.00	0.16	111115
52	"15:05:43"	300.0	0	3.24	0.0392	251	0.388	0.994	11.37	6	1.42	1	2.84	6.30	11.37	5.08	400.16	389.99	2.410	3.573	25.10	37.21	199.8	1700	1	99.84	1.08	-0.142	0.0951	0.00601	0.0555	0.00563	0.7	-0.22	2.74	1.00	0.00	0.16	111115
53	"15:05:44"	300.5	0	3.22	0.0392	252	0.388	0.995	11.38	6	1.42	1	2.84	6.31	11.38	5.08	400.15	390.04	2.411	3.572	25.10	37.19	199.8	1700	1	99.84	1.08	-0.142	0.0951	0.00601	0.0555	0.00563	1.0	-0.22	2.74	1.00	0.00	0.16	111115
54	"15:05:44"	301.0	0	3.24	0.0393	251	0.389	0.995	11.38	6	1.42	1	2.84	6.31	11.38	5.08	400.14	389.97	2.410	3.575	25.09	37.22	199.8	1700	1	99.84	1.08	-0.142	0.0951	0.00601	0.0555	0.00563	1.0	-0.22	2.74	1.00	0.00	0.16	111115
"15:06:16 Coolers: Tblock -> 10.00 C"
"15:10:07 Flow: Fixed -> 200 umol/s"
55	"15:10:09"	566.0	0	3.28	0.0359	235	0.42	1.17	14.11	6	1.42	1	2.84	10.47	14.11	10.11	399.43	389.11	3.197	4.452	25.09	34.95	199.8	1699	1	99.84	0.892	-0.156	0.0588	0.00434	0.0257	0.00389	1.0	-0.22	2.74	1.00	0.00	0.16	111115
56	"15:10:10"	566.0	0	3.28	0.0359	235	0.42	1.17	14.11	6	1.42	1	2.84	10.47	14.11	10.11	399.43	389.11	3.197	4.452	25.09	34.95	199.8	1699	1	99.84	0.892	-0.156	0.0588	0.00434	0.0257	0.00389	1.0	-0.22	2.74	1.00	0.00	0.16	111115
57	"15:10:10"	566.5	0	3.34	0.0366	235	0.428	1.17	14.12	6	1.42	1	2.84	10.47	14.12	10.11	399.59	389.05	3.172	4.453	24.90	34.96	199.8	1699	1	99.84	0.892	-0.156	0.0588	0.00434	0.0257	0.00389	1.0	-0.22	2.74	1.00	0.00	0.16	111115
58	"15:10:11"	567.0	0	3.4	0.037	234	0.434	1.17	14.12	6	1.42	1	2.84	10.47	14.12	10.11	399.62	388.90	3.156	4.453	24.77	34.95	199.8	1699	1	99.84	0.892	-0.156	0.0588	0.00434	0.0257	0.00389	1.0	-0.22	2.74	1.00	0.00	0.16	111115
59	"15:10:11"	567.5	0	3.41	0.0374	236	0.438	1.17	14.13	6	1.42	1	2.84	10.47	14.13	10.11	399.66	388.91	3.146	4.456	24.70	34.98	199.8	1699	1	99.84	0.892	-0.156	0.0588	0.00434	0.0257	0.00389	1.0	-0.22	2.74	1.00	0.00	0.16	111115
60	"15:10:12"	568.0	0	3.38	0.0376	237	0.44	1.17	14.12	6	1.42	1	2.84	10.47	14.12	10.11	399.68	389.01	3.139	4.454	24.64	34.96	199.8	1699	1	99.84	0.892	-0.156	0.0588	0.00434	0.0257	0.00389	1.0	-0.22	2.74	1.00	0.00	0.16	111115
61	"15:10:12"	568.5	0	3.4	0.0378	237	0.442	1.17	14.12	6	1.42	1	2.84	10.47	14.12	10.11	399.73	389.00	3.133	4.455	24.59	34.97	199.8	1699	1	99.84	0.892	-0.156	0.0588	0.00434	0.0257	0.00389	1.0	-0.22	2.74	1.00	0.00	0.16	111115
62	"15:10:12"	569.0	0	3.46	0.0387	238	0.453	1.17	14.12	6	1.42	1	2.84	10.47	14.12	10.11	399.98	389.05	3.100	4.455	24.33	34.96	199.8	1699	1	99.84	0.892	-0.156	0.0588	0.00434	0.0257	0.00389	1.0	-0.22	2.74	1.00	0.00	0.16	111115
63	"15:10:13"	569.5	0	3.49	0.039	238	0.456	1.17	14.12	6	1.42	1	2.84	10.47	14.12	10.11	400.01	389.01	3.096	4.459	24.30	34.99	199.8	1699	1	99.84	0.892	-0.156	0.0588	0.00434	0.0257	0.00389	1.0	-0.22	2.74	1.00	0.00	0.16	111115
64	"15:10:13"	570.0	0	3.51	0.039	238	0.456	1.17	14.12	6	1.42	1	2.84	10.48	14.12	10.10	400.02	388.96	3.094	4.459	24.28	34.99	199.7	1699	1	99.84	0.892	-0.156	0.0588	0.00434	0.0257	0.00389	1.0	-0.22	2.74	1.00	0.00	0.16	111115
65	"15:10:14"	570.5	0	3.49	0.039	238	0.456	1.17	14.12	6	1.42	1	2.84	10.48	14.12	10.10	400.05	389.03	3.093	4.458	24.27	34.98	199.7	1699	1	99.84	0.892	-0.156	0.0588	0.00434	0.0257	0.00389	1.0	-0.22	2.74	1.00	0.00	0.16	111115
66	"15:10:14"	571.0	0	3.45	0.0391	240	0.457	1.17	14.11	6	1.42	1	2.84	10.48	14.11	10.10	400.10	389.20	3.094	4.460	24.27	34.99	199.8	1699	1	99.84	0.892	-0.156	0.0588	0.00434	0.0257	0.00389	1.0	-0.22	2.74	1.00	0.00	0.16	111115
67	"15:10:15"	571.5	0	3.47	0.039	239	0.456	1.17	14.11	6	1.42	1	2.84	10.48	14.11	10.10	400.15	389.20	3.093	4.458	24.27	34.97	199.7	1699	1	99.84	0.892	-0.156	0.0588	0.00434	0.0257	0.00389	1.0	-0.22	2.74	1.00	0.00	0.16	111115
68	"15:10:16"	572.0	0	3.49	0.0391	239	0.457	1.17	14.12	6	1.42	1	2.84	10.48	14.12	10.10	400.14	389.12	3.092	4.459	24.26	34.98	199.7	1699	1	99.84	0.892	-0.156	0.0588	0.00434	0.0257	0.00389	1.0	-0.22	2.74	1.00	0.00	0.16	111115
69	"15:10:16"	572.5	0	3.5	0.0391	239	0.458	1.17	14.13	6	1.42	1	2.84	10.48	14.13	10.10	400.13	389.10	3.093	4.461	24.26	35.00	199.8	1699	1	99.84	0.892	-0.156	0.0588	0.00434	0.0257	0.00389	1.0	-0.22	2.74	1.00	0.00	0.16	111115
70	"15:10:17"	573.0	0	3.49	0.0392	239	0.458	1.17	14.13	6	1.42	1	2.84	10.48	14.13	10.10	400.11	389.10	3.092	4.463	24.26	35.00	199.8	1699	1	99.84	0.892	-0.156	0.0588	0.00434	0.0257	0.00389	1.0	-0.22	2.74	1.00	0.00	0.16	111115
71	"15:10:17"	573.5	0	3.48	0.0391	239	0.458	1.17	14.14	6	1.42	1	2.84	10.48	14.14	10.10	400.09	389.11	3.092	4.461	24.25	34.99	199.7	1699	1	99.84	0.892	-0.156	0.0588	0.00434	0.0257	0.00389	1.0	-0.22	2.74	1.00	0.00	0.16	111115
72	"15:10:18"	574.0	0	3.46	0.0391	240	0.458	1.17	14.14	6	1.42	1	2.84	10.48	14.14	10.10	400.09	389.15	3.093	4.463	24.26	35.00	199.7	1699	1	99.84	0.892	-0.156	0.0588	0.00434	0.0257	0.00389	1.0	-0.22	2.74	1.00	0.00	0.16	111115
73	"15:10:18"	574.5	0	3.48	0.0392	239	0.459	1.17	14.14	6	1.42	1	2.84	10.48	14.14	10.10	400.07	389.08	3.094	4.466	24.26	35.03	199.8	1699	1	99.84	0.892	-0.156	0.0588	0.00434	0.0257	0.00389	1.0	-0.22	2.74	1.00	0.00	0.16	111115
74	"15:10:19"	575.0	0	3.49	0.0392	239	0.459	1.17	14.15	6	1.42	1	2.84	10.48	14.15	10.11	400.06	389.06	3.093	4.466	24.26	35.02	199.8	1699	1	99.84	0.892	-0.156	0.0588	0.00434	0.0257	0.00389	1.0	-0.22	2.74	1.00	0.00	0.16	111115
75	"15:10:19"	575.5	0	3.46	0.0392	240	0.459	1.18	14.16	6	1.42	1	2.84	10.49	14.16	10.11	400.06	389.12	3.094	4.467	24.26	35.03	199.8	1699	1	99.84	0.892	-0.156	0.0588	0.00434	0.0257	0.00389	1.0	-0.22	2.74	1.00	0.00	0.16	111115
76	"15:10:20"	576.0	0	3.46	0.0391	240	0.459	1.18	14.16	6	1.42	1	2.84	10.49	14.16	10.11	400.10	389.18	3.095	4.467	24.27	35.03	199.8	1699	1	99.84	0.892	-0.156	0.0588	0.00434	0.0257	0.00389	1.0	-0.22	2.74	1.00	0.00	0.16	111115
77	"15:10:20"	576.5	0	3.44	0.0392	241	0.459	1.17	14.15	6	1.42	1	2.84	10.49	14.15	10.11	400.12	389.25	3.094	4.467	24.26	35.02	199.8	1699	1	99.84	0.892	-0.156	0.0588	0.00434	0.0257	0.00389	1.0	-0.22	2.74	1.00	0.00	0.16	111115
"15:10:43 Coolers: Tblock -> 15.00 C"
"15:12:52 Flow: Fixed -> 200 umol/s"
78	"15:12:54"	732.0	0	3.55	0.0351	218	0.452	1.28	16.14	6	1.42	1	2.84	14.32	16.14	15.13	399.32	388.12	4.233	5.582	25.80	34.02	199.8	1699	1	99.84	0.362	-0.179	0.112	0.0166	0.0272	0.0147	1.0	-0.22	2.74	1.00	0.00	0.16	111115
79	"15:12:55"	732.0	0	3.55	0.0351	218	0.452	1.28	16.14	6	1.42	1	2.84	14.32	16.14	15.13	399.32	388.12	4.233	5.582	25.80	34.02	199.8	1699	1	99.84	0.362	-0.179	0.112	0.0166	0.0272	0.0147	1.0	-0.22	2.74	1.00	0.00	0.16	111115
80	"15:12:55"	732.5	0	3.56	0.0354	219	0.455	1.28	16.14	6	1.42	1	2.84	14.32	16.14	15.13	399.35	388.13	4.224	5.582	25.74	34.02	199.8	1699	1	99.84	0.362	-0.179	0.112	0.0166	0.0272	0.0147	1.0	-0.22	2.74	1.00	0.00	0.16	111115
81	"15:12:56"	733.0	0	3.53	0.0355	221	0.457	1.28	16.15	6	1.42	1	2.84	14.33	16.15	15.13	399.34	388.21	4.217	5.582	25.70	34.01	199.8	1699	1	99.84	0.362	-0.179	0.112	0.0166	0.0272	0.0147	1.0	-0.22	2.74	1.00	0.00	0.16	111115
82	"15:12:56"	733.5	0	3.53	0.0357	222	0.46	1.29	16.15	6	1.42	1	2.84	14.33	16.15	15.13	399.37	388.24	4.212	5.585	25.66	34.03	199.8	1699	1	99.84	0.362	-0.179	0.112	0.0166	0.0272	0.0147	1.0	-0.22	2.74	1.00	0.00	0.16	111115
83	"15:12:57"	734.0	0	3.62	0.0366	222	0.471	1.29	16.16	6	1.42	1	2.84	14.33	16.16	15.13	399.57	388.16	4.181	5.586	25.47	34.03	199.8	1699	1	99.84	0.362	-0.179	0.112	0.0166	0.0272	0.0147	1.0	-0.22	2.74	1.00	0.00	0.16	111115
84	"15:12:57"	734.5	0	3.62	0.0367	222	0.472	1.29	16.16	6	1.42	1	2.84	14.33	16.16	15.13	399.60	388.16	4.177	5.588	25.44	34.03	199.8	1699	1	99.84	0.362	-0.179	0.112	0.0166	0.0272	0.0147	1.0	-0.22	2.74	1.00	0.00	0.16	111115
85	"15:12:58"	735.0	0	3.59	0.0368	224	0.474	1.29	16.16	6	1.42	1	2.84	14.34	16.16	15.13	399.63	388.29	4.176	5.591	25.43	34.04	199.8	1699	1	99.84	0.362	-0.179	0.112	0.0166	0.0272	0.0147	1.0	-0.22	2.74	1.00	0.00	0.16	111115
86	"15:12:58"	735.5	0	3.62	0.0368	223	0.474	1.29	16.17	6	1.42	1	2.84	14.34	16.17	15.13	399.64	388.21	4.176	5.590	25.43	34.04	199.8	1699	1	99.84	0.362	-0.179	0.112	0.0166	0.0272	0.0147	1.0	-0.22	2.74	1.00	0.00	0.16	111115
87	"15:12:59"	736.0	0	3.63	0.0369	222	0.475	1.29	16.18	6	1.42	1	2.84	14.34	16.18	15.13	399.66	388.20	4.175	5.593	25.42	34.05	199.8	1699	1	99.84	0.362	-0.179	0.112	0.0166	0.0272	0.0147	1.0	-0.22	2.74	1.00	0.00	0.16	111115
88	"15:12:59"	736.5	0	3.67	0.0369	221	0.475	1.29	16.18	6	1.42	1	2.84	14.34	16.18	15.13	399.69	388.12	4.175	5.594	25.41	34.04	199.8	1699	1	99.84	0.362	-0.179	0.112	0.0166	0.0272	0.0147	1.0	-0.22	2.74	1.00	0.00	0.16	111115
89	"15:13:00"	737.0	0	3.71	0.037	219	0.476	1.29	16.18	6	1.42	1	2.84	14.35	16.18	15.13	399.75	388.05	4.174	5.596	25.40	34.05	199.8	1699	1	99.84	0.362	-0.179	0.112	0.0166	0.0272	0.0147	1.0	-0.22	2.74	1.00	0.00	0.16	111115
90	"15:13:00"	737.5	0	3.77	0.0369	216	0.475	1.29	16.18	6	1.42	1	2.84	14.35	16.18	15.13	399.77	387.89	4.174	5.593	25.39	34.03	199.7	1699	1	99.84	0.362	-0.179	0.112	0.0166	0.0272	0.0147	1.0	-0.22	2.74	1.00	0.00	0.16	111115
91	"15:13:01"	738.0	0	3.78	0.0369	216	0.475	1.29	16.18	6	1.42	1	2.84	14.35	16.18	15.13	399.81	387.90	4.174	5.593	25.39	34.02	199.8	1699	1	99.84	0.362	-0.179	0.112	0.0166	0.0272	0.0147	1.0	-0.22	2.74	1.00	0.00	0.16	111115
92	"15:13:01"	738.5	0	3.78	0.0368	216	0.475	1.29	16.19	6	1.42	1	2.84	14.36	16.19	15.13	399.81	387.91	4.174	5.593	25.38	34.02	199.8	1699	1	99.84	0.362	-0.179	0.112	0.0166	0.0272	0.0147	1.0	-0.22	2.74	1.00	0.00	0.16	111115
93	"15:13:02"	739.0	0	3.82	0.0367	213	0.474	1.29	16.20	6	1.42	1	2.84	14.36	16.20	15.13	399.82	387.80	4.174	5.589	25.38	33.98	199.8	1699	1	99.84	0.362	-0.179	0.112	0.0166	0.0272	0.0147	1.0	-0.22	2.74	1.00	0.00	0.16	111115
94	"15:13:02"	739.5	0	3.81	0.0367	214	0.474	1.29	16.21	6	1.42	1	2.84	14.36	16.21	15.13	399.81	387.80	4.174	5.591	25.37	33.99	199.7	1699	1	99.84	0.362	-0.179	0.112	0.0166	0.0272	0.0147	1.0	-0.22	2.74	1.00	0.00	0.16	111115
95	"15:13:03"	740.0	0	3.8	0.0367	214	0.475	1.29	16.21	6	1.42	1	2.84	14.37	16.21	15.13	399.79	387.83	4.175	5.593	25.37	33.99	199.7	1699	1	99.84	0.362	-0.179	0.112	0.0166	0.0272	0.0147	1.0	-0.22	2.74	1.00	0.00	0.16	111115
96	"15:13:04"	740.5	0	3.76	0.0368	216	0.476	1.29	16.21	6	1.42	1	2.84	14.37	16.21	15.13	399.80	387.94	4.176	5.596	25.37	34.01	199.7	1699	1	99.84	0.362	-0.179	0.112	0.0166	0.0272	0.0147	1.0	-0.22	2.74	1.00	0.00	0.16	111115
97	"15:13:04"	741.0	0	3.75	0.0368	217	0.476	1.29	16.22	6	1.42	1	2.84	14.37	16.22	15.13	399.78	387.97	4.175	5.597	25.37	34.01	199.7	1699	1	99.84	0.362	-0.179	0.112	0.0166	0.0272	0.0147	1.0	-0.22	2.74	1.00	0.00	0.16	111115
98	"15:13:05"	741.5	0	3.71	0.0369	219	0.478	1.29	16.23	6	1.42	1	2.84	14.37	16.23	15.13	399.80	388.10	4.176	5.603	25.36	34.03	199.7	1699	1	99.84	0.362	-0.179	0.112	0.0166	0.0272	0.0147	1.0	-0.22	2.74	1.00	0.00	0.16	111115
99	"15:13:05"	742.0	0	3.67	0.037	221	0.478	1.29	16.23	6	1.42	1	2.84	14.38	16.23	15.13	399.78	388.20	4.176	5.605	25.36	34.04	199.7	1699	1	99.84	0.362	-0.179	0.112	0.0166	0.0272	0.0147	1.0	-0.22	2.74	1.00	0.00	0.16	111115
100	"15:13:06"	742.5	0	3.67	0.0371	222	0.48	1.29	16.24	6	1.42	1	2.84	14.38	16.24	15.13	399.80	388.22	4.176	5.609	25.35	34.06	199.7	1699	1	99.84	0.362	-0.179	0.112	0.0166	0.0272	0.0147	1.0	-0.22	2.74	1.00	0.00	0.16	111115
101	"15:13:06"	743.5	0	3.71	0.0371	220	0.481	1.29	16.26	6	1.42	1	2.84	14.39	16.26	15.13	399.88	388.18	4.175	5.612	25.34	34.06	199.7	1699	1	99.84	0.362	-0.179	0.112	0.0166	0.0272	0.0147	1.0	-0.22	2.74	1.00	0.00	0.16	111115
102	"15:13:07"	744.0	0	3.76	0.0372	218	0.482	1.3	16.26	6	1.42	1	2.84	14.39	16.26	15.13	399.92	388.06	4.174	5.614	25.33	34.06	199.7	1699	1	99.84	0.362	-0.179	0.112	0.0166	0.0272	0.0147	1.0	-0.22	2.74	1.00	0.00	0.16	111115
"15:13:31 Coolers: Tblock -> 20.00 C"
"15:16:42 Flow: Fixed -> 200 umol/s"
103	"15:16:44"	960.5	0	3.65	0.0328	200	0.497	1.51	19.21	6	1.42	1	2.84	18.79	19.21	20.13	399.31	387.75	5.799	7.281	26.61	33.41	199.7	1699	1	99.84	0.0959	-0.213	0.106	0.00958	0.0411	0.00995	0.7	-0.22	2.74	1.00	0.00	0.16	111115
104	"15:16:44"	960.5	0	3.65	0.0328	200	0.497	1.51	19.21	6	1.42	1	2.84	18.79	19.21	20.13	399.31	387.75	5.799	7.281	26.61	33.41	199.7	1699	1	99.84	0.0959	-0.213	0.106	0.00958	0.0411	0.00995	0.7	-0.22	2.74	1.00	0.00	0.16	111115
105	"15:16:44"	961.0	0	3.79	0.0341	201	0.516	1.51	19.20	6	1.42	1	2.84	18.79	19.20	20.13	399.55	387.57	5.749	7.287	26.38	33.43	199.7	1699	1	99.83	0.0959	-0.213	0.106	0.00958	0.0411	0.00995	0.7	-0.22	2.74	1.00	0.00	0.16	111115
106	"15:16:45"	961.0	0	3.79	0.0341	201	0.516	1.51	19.20	6	1.42	1	2.84	18.79	19.20	20.13	399.55	387.57	5.749	7.287	26.38	33.43	199.7	1699	1	99.83	0.0959	-0.213	0.106	0.00958	0.0411	0.00995	0.7	-0.22	2.74	1.00	0.00	0.16	111115
107	"15:16:45"	961.5	0	3.77	0.0347	205	0.524	1.5	19.19	6	1.42	1	2.84	18.79	19.19	20.13	399.67	387.74	5.724	7.287	26.26	33.43	199.8	1699	1	99.83	0.0959	-0.213	0.106	0.00958	0.0411	0.00995	0.7	-0.22	2.74	1.00	0.00	0.16	111115
108	"15:16:46"	962.0	0	3.8	0.035	205	0.529	1.5	19.19	6	1.42	1	2.84	18.79	19.19	20.13	399.77	387.74	5.708	7.285	26.19	33.42	199.8	1699	1	99.83	0.0959	-0.213	0.106	0.00958	0.0411	0.00995	0.7	-0.22	2.74	1.00	0.00	0.16	111115
109	"15:16:46"	962.5	0	3.82	0.0353	205	0.533	1.5	19.19	6	1.42	1	2.84	18.79	19.19	20.13	399.87	387.78	5.697	7.286	26.13	33.42	199.8	1699	1	99.83	0.0959	-0.213	0.106	0.00958	0.0411	0.00995	0.7	-0.22	2.74	1.00	0.00	0.16	111115
110	"15:16:47"	963.0	0	3.82	0.0354	206	0.535	1.51	19.20	6	1.42	1	2.84	18.79	19.20	20.13	399.94	387.85	5.689	7.285	26.09	33.41	199.8	1699	1	99.83	0.0959	-0.213	0.106	0.00958	0.0411	0.00995	0.7	-0.22	2.74	1.00	0.00	0.16	111115
111	"15:16:47"	963.5	0	3.84	0.0355	206	0.538	1.51	19.21	6	1.42	1	2.84	18.79	19.21	20.13	399.96	387.80	5.684	7.286	26.07	33.42	199.8	1699	1	99.83	0.0959	-0.213	0.106	0.00958	0.0411	0.00995	0.7	-0.22	2.74	1.00	0.00	0.16	111115
112	"15:16:48"	964.0	0	3.87	0.0363	208	0.549	1.51	19.22	6	1.42	1	2.84	18.79	19.22	20.14	400.20	387.94	5.649	7.287	25.91	33.42	199.8	1699	1	99.83	0.0959	-0.213	0.106	0.00958	0.0411	0.00995	0.7	-0.22	2.74	1.00	0.00	0.16	111115
113	"15:16:48"	964.5	0	3.89	0.0364	208	0.551	1.51	19.22	6	1.42	1	2.84	18.80	19.22	20.14	400.21	387.89	5.646	7.289	25.89	33.42	199.8	1699	1	99.83	0.0959	-0.213	0.106	0.00958	0.0411	0.00995	1.0	-0.22	2.74	1.00	0.00	0.16	111115
114	"15:16:49"	965.0	0	3.88	0.0364	208	0.551	1.51	19.23	6	1.42	1	2.84	18.80	19.23	20.14	400.23	387.95	5.646	7.289	25.88	33.41	199.8	1699	1	99.83	0.0959	-0.213	0.106	0.00958	0.0411	0.00995	1.0	-0.22	2.74	1.00	0.00	0.16	111115
115	"15:16:49"	965.5	0	3.9	0.0364	207	0.552	1.51	19.24	6	1.42	1	2.84	18.80	19.24	20.14	400.25	387.89	5.645	7.292	25.87	33.42	199.8	1699	1	99.83	0.0959	-0.213	0.106	0.00958	0.0411	0.00995	1.0	-0.22	2.74	1.00	0.00	0.16	111115
116	"15:16:50"	966.0	0	3.9	0.0364	207	0.552	1.51	19.26	6	1.42	1	2.84	18.81	19.26	20.14	400.26	387.92	5.645	7.292	25.87	33.41	199.8	1699	1	99.84	0.0959	-0.213	0.106	0.00958	0.0411	0.00995	1.0	-0.22	2.74	1.00	0.00	0.16	111115
117	"15:16:50"	966.5	0	3.91	0.0364	207	0.553	1.51	19.27	6	1.42	1	2.84	18.81	19.27	20.15	400.27	387.89	5.645	7.294	25.86	33.42	199.7	1699	1	99.84	0.0959	-0.213	0.106	0.00958	0.0411	0.00995	1.0	-0.22	2.74	1.00	0.00	0.16	111115
118	"15:16:51"	967.0	0	3.91	0.0365	207	0.554	1.51	19.27	6	1.42	1	2.84	18.81	19.27	20.15	400.29	387.89	5.645	7.298	25.86	33.44	199.7	1699	1	99.83	0.0959	-0.213	0.106	0.00958	0.0411	0.00995	1.0	-0.22	2.74	1.00	0.00	0.16	111115
119	"15:16:51"	967.5	0	3.9	0.0365	208	0.555	1.51	19.28	6	1.42	1	2.84	18.81	19.28	20.15	400.31	387.93	5.645	7.300	25.86	33.44	199.8	1699	1	99.83	0.0959	-0.213	0.106	0.00958	0.0411	0.00995	1.0	-0.22	2.74	1.00	0.00	0.16	111115
120	"15:16:52"	968.0	0	3.94	0.0365	206	0.556	1.52	19.28	6	1.42	1	2.84	18.82	19.28	20.15	400.31	387.82	5.644	7.302	25.85	33.44	199.8	1699	1	99.83	0.0959	-0.213	0.106	0.00958	0.0411	0.00995	1.0	-0.22	2.74	1.00	0.00	0.16	111115
121	"15:16:52"	968.5	0	3.95	0.0365	205	0.555	1.52	19.29	6	1.42	1	2.84	18.82	19.29	20.15	400.31	387.81	5.645	7.300	25.84	33.42	199.8	1699	1	99.83	0.0959	-0.213	0.106	0.00958	0.0411	0.00995	1.0	-0.22	2.74	1.00	0.00	0.16	111115
122	"15:16:53"	969.0	0	3.94	0.0364	206	0.555	1.52	19.29	6	1.42	1	2.84	18.82	19.29	20.15	400.32	387.85	5.644	7.299	25.84	33.41	199.8	1699	1	99.83	0.0959	-0.213	0.106	0.00958	0.0411	0.00995	1.0	-0.22	2.74	1.00	0.00	0.16	111115
123	"15:16:53"	969.5	0	3.94	0.0364	205	0.554	1.52	19.29	6	1.42	1	2.84	18.82	19.29	20.15	400.34	387.84	5.644	7.296	25.83	33.40	199.8	1699	1	99.83	0.0959	-0.213	0.106	0.00958	0.0411	0.00995	1.0	-0.22	2.74	1.00	0.00	0.16	111115
124	"15:16:54"	970.0	0	3.93	0.0365	206	0.555	1.52	19.29	6	1.42	1	2.84	18.83	19.29	20.14	400.30	387.83	5.645	7.300	25.83	33.41	199.8	1699	1	99.83	0.0959	-0.213	0.106	0.00958	0.0411	0.00995	1.0	-0.22	2.74	1.00	0.00	0.16	111115
125	"15:16:54"	970.5	0	3.9	0.0365	207	0.555	1.52	19.29	6	1.42	1	2.84	18.83	19.29	20.14	400.28	387.90	5.644	7.300	25.83	33.41	199.8	1699	1	99.83	0.0959	-0.213	0.106	0.00958	0.0411	0.00995	1.0	-0.22	2.74	1.00	0.00	0.16	111115
126	"15:16:55"	971.0	0	3.9	0.0364	207	0.555	1.52	19.30	6	1.42	1	2.84	18.83	19.30	20.14	400.23	387.87	5.645	7.298	25.82	33.39	199.8	1699	1	99.83	0.0959	-0.213	0.106	0.00958	0.0411	0.00995	1.0	-0.22	2.74	1.00	0.00	0.16	111115
"15:17:18 Coolers: Tblock -> 25.00 C"
"15:23:04 Flow: Fixed -> 200 umol/s"
127	"15:23:05"	1342.0	0	3.3	0.0296	199	0.544	1.82	22.93	6	1.42	1	2.84	23.53	22.93	25.12	397.95	387.41	8.331	9.947	28.57	34.12	199.8	1699	1	99.83	0.0859	-0.242	0.123	0.00699	0.0379	0.00496	1.0	-0.22	2.74	1.00	0.00	0.16	111115
128	"15:23:05"	1342.0	0	3.3	0.0296	199	0.544	1.82	22.93	6	1.42	1	2.84	23.53	22.93	25.12	397.95	387.41	8.331	9.947	28.57	34.12	199.8	1699	1	99.83	0.0859	-0.242	0.123	0.00699	0.0379	0.00496	1.0	-0.22	2.74	1.00	0.00	0.16	111115
129	"15:23:06"	1342.5	0	3.6	0.0325	200	0.596	1.82	22.95	6	1.42	1	2.84	23.52	22.95	25.12	398.95	387.44	8.188	9.960	28.09	34.17	199.7	1699	1	99.82	0.0859	-0.242	0.123	0.00699	0.0379	0.00496	1.0	-0.22	2.74	1.00	0.00	0.16	111115
130	"15:23:06"	1342.5	0	3.6	0.0325	200	0.596	1.82	22.95	6	1.42	1	2.84	23.52	22.95	25.12	398.95	387.44	8.188	9.960	28.09	34.17	199.7	1699	1	99.82	0.0859	-0.242	0.123	0.00699	0.0379	0.00496	1.0	-0.22	2.74	1.00	0.00	0.16	111115
131	"15:23:07"	1343.0	0	3.68	0.0333	200	0.612	1.82	22.96	6	1.42	1	2.84	23.52	22.96	25.12	399.29	387.53	8.135	9.955	27.90	34.15	199.8	1699	1	99.83	0.0859	-0.242	0.123	0.00699	0.0379	0.00496	1.0	-0.22	2.74	1.00	0.00	0.16	111115
132	"15:23:07"	1343.5	0	3.72	0.0338	201	0.621	1.82	22.97	6	1.42	1	2.84	23.52	22.97	25.13	399.47	387.57	8.107	9.955	27.81	34.15	199.8	1699	1	99.83	0.0859	-0.242	0.123	0.00699	0.0379	0.00496	1.0	-0.22	2.74	1.00	0.00	0.16	111115
133	"15:23:08"	1344.0	0	3.73	0.0342	202	0.628	1.82	22.97	6	1.42	1	2.84	23.53	22.97	25.13	399.55	387.62	8.090	9.958	27.75	34.15	199.8	1699	1	99.83	0.0859	-0.242	0.123	0.00699	0.0379	0.00496	1.0	-0.22	2.74	1.00	0.00	0.16	111115
134	"15:23:08"	1344.5	0	3.78	0.0343	201	0.631	1.82	22.98	6	1.42	1	2.84	23.53	22.98	25.13	399.64	387.56	8.079	9.956	27.71	34.14	199.7	1699	1	99.83	0.0859	-0.242	0.123	0.00699	0.0379	0.00496	1.0	-0.22	2.74	1.00	0.00	0.16	111115
135	"15:23:09"	1345.0	0	3.83	0.0344	199	0.633	1.82	22.98	6	1.42	1	2.84	23.53	22.98	25.13	399.69	387.47	8.071	9.954	27.68	34.14	199.7	1699	1	99.83	0.0859	-0.242	0.123	0.00699	0.0379	0.00496	1.0	-0.22	2.74	1.00	0.00	0.16	111115
136	"15:23:09"	1345.5	0	3.84	0.0346	199	0.636	1.82	22.98	6	1.42	1	2.84	23.53	22.98	25.13	399.71	387.43	8.065	9.957	27.66	34.14	199.7	1699	1	99.83	0.0859	-0.242	0.123	0.00699	0.0379	0.00496	1.0	-0.22	2.74	1.00	0.00	0.16	111115
137	"15:23:10"	1346.0	0	3.93	0.0353	199	0.649	1.82	22.99	6	1.42	1	2.84	23.53	22.99	25.13	399.95	387.39	8.026	9.957	27.52	34.14	199.7	1699	1	99.83	0.0859	-0.242	0.123	0.00699	0.0379	0.00496	1.0	-0.22	2.74	1.00	0.00	0.16	111115
138	"15:23:10"	1346.5	0	3.9	0.0353	200	0.65	1.83	23.00	6	1.42	1	2.84	23.53	23.00	25.13	399.93	387.46	8.023	9.956	27.51	34.14	199.7	1699	1	99.83	0.0859	-0.242	0.123	0.00699	0.0379	0.00496	1.0	-0.22	2.74	1.00	0.00	0.16	111115
139	"15:23:11"	1347.0	0	3.92	0.0353	199	0.651	1.83	23.01	6	1.42	1	2.84	23.53	23.01	25.13	399.93	387.40	8.021	9.958	27.50	34.14	199.7	1699	1	99.83	0.0859	-0.242	0.123	0.00699	0.0379	0.00496	1.0	-0.22	2.74	1.00	0.00	0.16	111115
140	"15:23:11"	1347.5	0	3.93	0.0353	198	0.65	1.83	23.01	6	1.42	1	2.84	23.53	23.01	25.13	399.91	387.34	8.021	9.956	27.50	34.13	199.7	1699	1	99.83	0.0859	-0.242	0.123	0.00699	0.0379	0.00496	1.0	-0.22	2.74	1.00	0.00	0.16	111115
141	"15:23:12"	1348.0	0	3.96	0.0352	197	0.649	1.83	23.01	6	1.42	1	2.84	23.53	23.01	25.13	399.92	387.28	8.021	9.952	27.50	34.12	199.8	1699	1	99.83	0.0859	-0.242	0.123	0.00699	0.0379	0.00496	1.0	-0.22	2.74	1.00	0.00	0.16	111115
142	"15:23:12"	1348.5	0	3.93	0.0353	198	0.65	1.83	23.01	6	1.42	1	2.84	23.53	23.01	25.13	399.90	387.34	8.021	9.955	27.50	34.13	199.7	1699	1	99.83	0.0859	-0.242	0.123	0.00699	0.0379	0.00496	1.0	-0.22	2.74	1.00	0.00	0.16	111115
143	"15:23:13"	1349.0	0	3.9	0.0353	200	0.651	1.83	23.02	6	1.42	1	2.84	23.53	23.02	25.13	399.90	387.42	8.021	9.958	27.50	34.14	199.7	1699	1	99.83	0.0859	-0.242	0.123	0.00699	0.0379	0.00496	1.0	-0.22	2.74	1.00	0.00	0.16	111115
144	"15:23:13"	1349.5	0	3.91	0.0353	200	0.651	1.83	23.03	6	1.42	1	2.84	23.53	23.03	25.13	399.90	387.41	8.020	9.956	27.49	34.13	199.7	1699	1	99.83	0.0859	-0.242	0.123	0.00699	0.0379	0.00496	1.0	-0.22	2.74	1.00	0.00	0.16	111115
145	"15:23:14"	1350.0	0	3.9	0.0352	200	0.651	1.83	23.03	6	1.42	1	2.84	23.53	23.03	25.13	399.92	387.44	8.020	9.956	27.49	34.13	199.8	1699	1	99.83	0.0859	-0.242	0.123	0.00699	0.0379	0.00496	1.0	-0.22	2.74	1.00	0.00	0.16	111115
146	"15:23:14"	1350.5	0	3.94	0.0353	198	0.651	1.83	23.02	6	1.42	1	2.84	23.53	23.02	25.13	399.97	387.37	8.021	9.956	27.49	34.13	199.8	1699	1	99.83	0.0859	-0.242	0.123	0.00699	0.0379	0.00496	1.0	-0.22	2.74	1.00	0.00	0.16	111115
147	"15:23:15"	1351.0	0	3.93	0.0352	198	0.65	1.83	23.02	6	1.42	1	2.84	23.54	23.02	25.12	399.99	387.43	8.022	9.956	27.50	34.13	199.8	1699	1	99.82	0.0859	-0.242	0.123	0.00699	0.0379	0.00496	1.0	-0.22	2.74	1.00	0.00	0.16	111115
148	"15:23:15"	1351.5	0	3.9	0.0353	200	0.651	1.83	23.02	6	1.42	1	2.84	23.54	23.02	25.12	399.99	387.50	8.021	9.958	27.49	34.13	199.7	1699	1	99.82	0.0859	-0.242	0.123	0.00699	0.0379	0.00496	1.0	-0.22	2.74	1.00	0.00	0.16	111115
149	"15:23:16"	1352.0	0	3.91	0.0353	200	0.653	1.83	23.03	6	1.42	1	2.84	23.54	23.03	25.12	400.02	387.53	8.021	9.962	27.49	34.14	199.7	1699	1	99.82	0.0859	-0.242	0.123	0.00699	0.0379	0.00496	1.0	-0.22	2.74	1.00	0.00	0.16	111115
150	"15:23:16"	1352.5	0	3.92	0.0354	200	0.653	1.83	23.03	6	1.42	1	2.84	23.54	23.03	25.12	400.04	387.51	8.021	9.962	27.48	34.13	199.7	1699	1	99.82	0.0859	-0.242	0.123	0.00699	0.0379	0.00496	1.0	-0.22	2.74	1.00	0.00	0.16	111115
151	"15:23:28"	1364.5	0	3.94	0.0351	198	0.653	1.84	23.09	6	1.42	1	2.84	23.56	23.09	25.13	400.17	387.58	8.019	9.960	27.44	34.09	199.7	1699	1	99.83	0.0859	-0.242	0.123	0.00699	0.0379	0.00496	1.0	-0.22	2.74	1.00	0.00	0.16	111115
152	"15:23:28"	1364.5	0	3.94	0.0351	198	0.653	1.84	23.09	6	1.42	1	2.84	23.56	23.09	25.13	400.17	387.58	8.019	9.960	27.44	34.09	199.7	1699	1	99.83	0.0859	-0.242	0.123	0.00699	0.0379	0.00496	1.0	-0.22	2.74	1.00	0.00	0.16	111115
153	"15:23:29"	1365.0	0	3.92	0.0352	199	0.654	1.84	23.09	6	1.42	1	2.84	23.56	23.09	25.13	400.16	387.62	8.018	9.964	27.44	34.10	199.7	1699	1	99.83	0.0859	-0.242	0.123	0.00699	0.0379	0.00496	1.0	-0.22	2.74	1.00	0.00	0.16	111115
154	"15:23:29"	1365.5	0	3.96	0.0353	197	0.655	1.84	23.08	6	1.42	1	2.84	23.56	23.08	25.13	400.17	387.51	8.018	9.966	27.44	34.10	199.7	1699	1	99.83	0.0859	-0.242	0.123	0.00699	0.0379	0.00496	1.0	-0.22	2.74	1.00	0.00	0.16	111115
155	"15:23:30"	1366.0	0	3.97	0.0354	197	0.656	1.84	23.07	6	1.42	1	2.84	23.56	23.07	25.12	400.19	387.49	8.017	9.968	27.43	34.11	199.8	1699	1	99.83	0.0859	-0.242	0.123	0.00699	0.0379	0.00496	1.0	-0.22	2.74	1.00	0.00	0.16	111115
156	"15:23:30"	1366.5	0	3.99	0.0355	197	0.658	1.84	23.07	6	1.42	1	2.84	23.57	23.07	25.13	400.20	387.45	8.017	9.973	27.43	34.12	199.8	1699	1	99.83	0.0859	-0.242	0.123	0.00699	0.0379	0.00496	1.0	-0.22	2.74	1.00	0.00	0.16	111115
157	"15:23:31"	1367.0	0	3.98	0.0355	198	0.659	1.84	23.08	6	1.42	1	2.84	23.57	23.08	25.13	400.19	387.47	8.017	9.976	27.43	34.13	199.8	1699	1	99.83	0.0859	-0.242	0.123	0.00699	0.0379	0.00496	1.0	-0.22	2.74	1.00	0.00	0.16	111115
158	"15:23:32"	1368.0	0	4	0.0356	197	0.66	1.84	23.08	6	1.42	1	2.84	23.57	23.08	25.13	400.22	387.43	8.018	9.979	27.43	34.13	199.8	1699	1	99.83	0.0859	-0.242	0.123	0.00699	0.0379	0.00496	1.0	-0.22	2.74	1.00	0.00	0.16	111115
159	"15:23:32"	1368.5	0	4.02	0.0357	197	0.66	1.83	23.07	6	1.42	1	2.84	23.57	23.07	25.13	400.25	387.42	8.018	9.982	27.43	34.14	199.8	1699	1	99.83	0.0859	-0.242	0.123	0.00699	0.0379	0.00496	1.0	-0.22	2.74	1.00	0.00	0.16	111115
160	"15:23:33"	1369.0	0	4	0.0357	197	0.661	1.84	23.07	6	1.42	1	2.84	23.57	23.07	25.13	400.28	387.48	8.018	9.982	27.42	34.14	199.8	1699	1	99.83	0.0859	-0.242	0.123	0.00699	0.0379	0.00496	1.0	-0.22	2.74	1.00	0.00	0.16	111115
161	"15:23:33"	1369.5	0	3.99	0.0356	197	0.66	1.84	23.08	6	1.42	1	2.84	23.57	23.08	25.14	400.29	387.54	8.018	9.980	27.42	34.13	199.8	1699	1	99.83	0.0859	-0.242	0.123	0.00699	0.0379	0.00496	1.0	-0.22	2.74	1.00	0.00	0.16	111115
162	"15:23:34"	1370.0	0	3.94	0.0356	200	0.66	1.84	23.09	6	1.42	1	2.84	23.57	23.09	25.14	400.28	387.66	8.018	9.981	27.42	34.13	199.8	1699	1	99.83	0.0859	-0.242	0.123	0.00699	0.0379	0.00496	1.0	-0.22	2.74	1.00	0.00	0.16	111115
163	"15:23:34"	1370.5	0	3.94	0.0355	200	0.66	1.84	23.10	6	1.42	1	2.84	23.58	23.10	25.14	400.28	387.69	8.019	9.980	27.42	34.12	199.8	1699	1	99.83	0.0859	-0.242	0.123	0.00699	0.0379	0.00496	1.0	-0.22	2.74	1.00	0.00	0.16	111115
164	"15:23:35"	1371.0	0	3.94	0.0355	200	0.66	1.84	23.10	6	1.42	1	2.84	23.58	23.10	25.14	400.32	387.72	8.019	9.980	27.42	34.12	199.8	1699	1	99.82	0.0859	-0.242	0.123	0.00699	0.0379	0.00496	1.0	-0.22	2.74	1.00	0.00	0.16	111115
165	"15:23:35"	1371.5	0	3.96	0.0356	199	0.66	1.84	23.10	6	1.42	1	2.84	23.58	23.10	25.14	400.35	387.70	8.019	9.982	27.42	34.13	199.8	1699	1	99.82	0.0859	-0.242	0.123	0.00699	0.0379	0.00496	1.0	-0.22	2.74	1.00	0.00	0.16	111115
166	"15:23:36"	1372.0	0	3.95	0.0356	200	0.661	1.84	23.10	6	1.42	1	2.84	23.58	23.10	25.14	400.38	387.75	8.018	9.983	27.41	34.13	199.8	1699	1	99.82	0.0859	-0.242	0.123	0.00699	0.0379	0.00496	1.0	-0.22	2.74	1.00	0.00	0.16	111115
167	"15:23:36"	1372.5	0	3.96	0.0355	198	0.66	1.84	23.11	6	1.42	1	2.84	23.58	23.11	25.14	400.39	387.73	8.018	9.980	27.41	34.12	199.8	1699	1	99.82	0.0859	-0.242	0.123	0.00699	0.0379	0.00496	1.0	-0.22	2.74	1.00	0.00	0.16	111115
168	"15:23:37"	1373.0	0	3.99	0.0355	197	0.661	1.84	23.12	6	1.42	1	2.84	23.58	23.12	25.14	400.43	387.67	8.019	9.984	27.41	34.13	199.8	1699	1	99.82	0.0859	-0.242	0.123	0.00699	0.0379	0.00496	1.0	-0.22	2.74	1.00	0.00	0.16	111115
169	"15:23:38"	1374.0	0	4.06	0.0355	194	0.66	1.84	23.11	6	1.42	1	2.84	23.58	23.11	25.14	400.49	387.54	8.018	9.982	27.40	34.12	199.8	1699	1	99.82	0.0859	-0.242	0.123	0.00699	0.0379	0.00496	1.0	-0.22	2.74	1.00	0.00	0.16	111115
170	"15:23:38"	1374.5	0	4.02	0.0356	196	0.661	1.84	23.11	6	1.42	1	2.84	23.58	23.11	25.14	400.49	387.63	8.018	9.983	27.40	34.12	199.8	1699	1	99.82	0.0859	-0.242	0.123	0.00699	0.0379	0.00496	1.0	-0.22	2.74	1.00	0.00	0.16	111115
171	"15:23:39"	1375.0	0	4.04	0.0355	195	0.661	1.84	23.12	6	1.42	1	2.84	23.58	23.12	25.14	400.49	387.60	8.018	9.983	27.40	34.12	199.8	1699	1	99.82	0.0859	-0.242	0.123	0.00699	0.0379	0.00496	1.0	-0.22	2.74	1.00	0.00	0.16	111115
172	"15:23:39"	1375.5	0	4.03	0.0356	195	0.662	1.84	23.13	6	1.42	1	2.84	23.58	23.13	25.13	400.49	387.61	8.018	9.985	27.40	34.12	199.8	1699	1	99.83	0.0859	-0.242	0.123	0.00699	0.0379	0.00496	1.0	-0.22	2.74	1.00	0.00	0.16	111115
173	"15:23:40"	1376.0	0	4.01	0.0356	196	0.662	1.84	23.13	6	1.42	1	2.84	23.59	23.13	25.13	400.42	387.60	8.019	9.987	27.40	34.13	199.8	1699	1	99.82	0.0859	-0.242	0.123	0.00699	0.0379	0.00496	1.0	-0.22	2.74	1.00	0.00	0.16	111115
"15:24:18 Coolers: Tblock -> 30.00 C"
"15:26:36 Flow: Fixed -> 200 umol/s"
174	"15:26:37"	1554.0	0	3.38	0.0274	179	0.582	2.09	25.91	6	1.42	1	2.84	27.82	25.91	30.14	398.50	387.67	10.989	12.712	29.21	33.80	199.9	1699	1	99.82	-0.281	-0.323	0.103	0.0246	0.0329	0.0205	1.0	-0.22	2.74	1.00	0.00	0.16	111115
175	"15:26:37"	1554.0	0	3.38	0.0274	179	0.582	2.09	25.91	6	1.42	1	2.84	27.82	25.91	30.14	398.50	387.67	10.989	12.712	29.21	33.80	199.9	1699	1	99.82	-0.281	-0.323	0.103	0.0246	0.0329	0.0205	1.0	-0.22	2.74	1.00	0.00	0.16	111115
176	"15:26:38"	1554.5	0	3.62	0.0298	182	0.631	2.08	25.90	6	1.42	1	2.84	27.82	25.90	30.14	399.34	387.73	10.846	12.718	28.83	33.81	199.7	1699	1	99.82	-0.281	-0.323	0.103	0.0246	0.0329	0.0205	0.7	-0.22	2.74	1.00	0.00	0.16	111115
177	"15:26:38"	1555.0	0	3.69	0.0306	183	0.647	2.09	25.90	6	1.42	1	2.84	27.82	25.90	30.14	399.63	387.80	10.793	12.711	28.69	33.79	199.8	1699	1	99.82	-0.281	-0.323	0.103	0.0246	0.0329	0.0205	0.7	-0.22	2.74	1.00	0.00	0.16	111115
178	"15:26:39"	1555.5	0	3.73	0.0309	183	0.655	2.09	25.91	6	1.42	1	2.84	27.82	25.91	30.14	399.80	387.83	10.766	12.707	28.62	33.78	199.8	1699	1	99.82	-0.281	-0.323	0.103	0.0246	0.0329	0.0205	0.7	-0.22	2.74	1.00	0.00	0.16	111115
179	"15:26:39"	1556.0	0	3.79	0.0312	182	0.661	2.09	25.91	6	1.42	1	2.84	27.82	25.91	30.14	399.90	387.76	10.749	12.708	28.57	33.78	199.7	1699	1	99.82	-0.281	-0.323	0.103	0.0246	0.0329	0.0205	0.7	-0.22	2.74	1.00	0.00	0.16	111115
180	"15:26:40"	1556.5	0	3.78	0.0313	183	0.664	2.09	25.91	6	1.42	1	2.84	27.82	25.91	30.14	399.95	387.82	10.739	12.707	28.54	33.77	199.8	1699	1	99.82	-0.281	-0.323	0.103	0.0246	0.0329	0.0205	0.7	-0.22	2.74	1.00	0.00	0.16	111115
181	"15:26:40"	1557.0	0	3.8	0.0315	183	0.667	2.09	25.91	6	1.42	1	2.84	27.83	25.91	30.14	400.01	387.82	10.731	12.708	28.52	33.77	199.8	1699	1	99.82	-0.281	-0.323	0.103	0.0246	0.0329	0.0205	0.7	-0.22	2.74	1.00	0.00	0.16	111115
182	"15:26:41"	1557.5	0	3.77	0.0315	185	0.668	2.09	25.92	6	1.42	1	2.84	27.83	25.92	30.14	400.03	387.92	10.725	12.707	28.50	33.76	199.7	1699	1	99.82	-0.281	-0.323	0.103	0.0246	0.0329	0.0205	0.7	-0.22	2.74	1.00	0.00	0.16	111115
183	"15:26:41"	1558.0	0	3.85	0.0321	184	0.682	2.09	25.93	6	1.42	1	2.84	27.83	25.93	30.14	400.26	387.89	10.687	12.709	28.39	33.76	199.7	1699	1	99.82	-0.281	-0.323	0.103	0.0246	0.0329	0.0205	0.7	-0.22	2.74	1.00	0.00	0.16	111115
184	"15:26:42"	1558.5	0	3.87	0.0322	183	0.683	2.09	25.93	6	1.42	1	2.84	27.83	25.93	30.14	400.25	387.83	10.684	12.708	28.38	33.75	199.8	1699	1	99.82	-0.281	-0.323	0.103	0.0246	0.0329	0.0205	0.7	-0.22	2.74	1.00	0.00	0.16	111115
185	"15:26:42"	1559.0	0	3.9	0.0322	183	0.684	2.09	25.94	6	1.42	1	2.84	27.84	25.94	30.14	400.26	387.76	10.684	12.714	28.37	33.76	199.7	1699	1	99.82	-0.281	-0.323	0.103	0.0246	0.0329	0.0205	0.7	-0.22	2.74	1.00	0.00	0.16	111115
186	"15:26:43"	1559.5	0	3.92	0.0323	182	0.686	2.09	25.95	6	1.42	1	2.84	27.84	25.95	30.14	400.30	387.73	10.684	12.719	28.37	33.77	199.8	1699	1	99.82	-0.281	-0.323	0.103	0.0246	0.0329	0.0205	0.7	-0.22	2.74	1.00	0.00	0.16	111115
187	"15:26:43"	1560.0	0	3.9	0.0324	183	0.688	2.1	25.96	6	1.42	1	2.84	27.84	25.96	30.14	400.29	387.79	10.685	12.724	28.36	33.77	199.8	1699	1	99.82	-0.281	-0.323	0.103	0.0246	0.0329	0.0205	0.7	-0.22	2.74	1.00	0.00	0.16	111115
188	"15:26:44"	1560.5	0	3.91	0.0324	183	0.689	2.1	25.96	6	1.42	1	2.84	27.85	25.96	30.14	400.32	387.78	10.684	12.727	28.35	33.77	199.7	1699	1	99.82	-0.281	-0.323	0.103	0.0246	0.0329	0.0205	0.7	-0.22	2.74	1.00	0.00	0.16	111115
189	"15:26:44"	1561.0	0	3.91	0.0324	183	0.689	2.1	25.96	6	1.42	1	2.84	27.85	25.96	30.13	400.31	387.76	10.685	12.726	28.35	33.77	199.8	1699	1	99.82	-0.281	-0.323	0.103	0.0246	0.0329	0.0205	0.7	-0.22	2.74	1.00	0.00	0.16	111115
190	"15:26:45"	1561.5	0	3.94	0.0325	182	0.69	2.1	25.97	6	1.42	1	2.84	27.86	25.97	30.13	400.34	387.70	10.685	12.732	28.35	33.78	199.8	1699	1	99.82	-0.281	-0.323	0.103	0.0246	0.0329	0.0205	0.7	-0.22	2.74	1.00	0.00	0.16	111115
191	"15:26:45"	1562.0	0	3.94	0.0325	182	0.69	2.1	25.97	6	1.42	1	2.84	27.86	25.97	30.13	400.32	387.68	10.685	12.732	28.34	33.77	199.8	1699	1	99.82	-0.281	-0.323	0.103	0.0246	0.0329	0.0205	0.7	-0.22	2.74	1.00	0.00	0.16	111115
192	"15:26:46"	1562.5	0	3.93	0.0324	182	0.691	2.1	25.98	6	1.42	1	2.84	27.86	25.98	30.13	400.32	387.71	10.686	12.734	28.34	33.77	199.7	1699	1	99.83	-0.281	-0.323	0.103	0.0246	0.0329	0.0205	0.7	-0.22	2.74	1.00	0.00	0.16	111115
193	"15:26:46"	1563.0	0	3.92	0.0325	183	0.691	2.1	25.99	6	1.42	1	2.84	27.87	25.99	30.13	400.32	387.75	10.686	12.736	28.33	33.76	199.7	1699	1	99.82	-0.281	-0.323	0.103	0.0246	0.0329	0.0205	0.7	-0.22	2.74	1.00	0.00	0.16	111115
194	"15:26:47"	1563.5	0	3.9	0.0324	184	0.691	2.1	25.99	6	1.42	1	2.84	27.87	25.99	30.13	400.27	387.75	10.686	12.736	28.32	33.76	199.7	1699	1	99.83	-0.281	-0.323	0.103	0.0246	0.0329	0.0205	0.7	-0.22	2.74	1.00	0.00	0.16	111115
195	"15:26:47"	1564.0	0	3.91	0.0324	183	0.691	2.1	26.00	6	1.42	1	2.84	27.87	26.00	30.13	400.30	387.74	10.686	12.735	28.32	33.75	199.7	1699	1	99.83	-0.281	-0.323	0.103	0.0246	0.0329	0.0205	0.7	-0.22	2.74	1.00	0.00	0.16	111115
196	"15:26:48"	1564.5	0	3.9	0.0324	184	0.692	2.1	26.01	6	1.42	1	2.84	27.87	26.01	30.13	400.28	387.75	10.686	12.739	28.32	33.76	199.7	1699	1	99.83	-0.281	-0.323	0.103	0.0246	0.0329	0.0205	0.7	-0.22	2.74	1.00	0.00	0.16	111115
197	"15:27:00"	1577.5	0	3.83	0.0327	188	0.709	2.14	26.20	6	1.42	1	2.84	27.96	26.20	30.15	400.26	387.91	10.687	12.790	28.17	33.72	199.7	1699	0	99.82	-0.281	-0.323	0.103	0.0246	0.0329	0.0205	1.0	-0.22	2.74	1.00	0.00	0.16	111115
198	"15:27:01"	1577.5	0	3.83	0.0327	188	0.709	2.14	26.20	6	1.42	1	2.84	27.96	26.20	30.15	400.26	387.91	10.687	12.790	28.17	33.72	199.7	1699	0	99.82	-0.281	-0.323	0.103	0.0246	0.0329	0.0205	1.0	-0.22	2.74	1.00	0.00	0.16	111115
199	"15:27:01"	1578.0	0	3.82	0.0327	189	0.709	2.14	26.21	6	1.42	1	2.84	27.97	26.21	30.15	400.27	387.97	10.689	12.792	28.17	33.71	199.7	1699	0	99.82	-0.281	-0.323	0.103	0.0246	0.0329	0.0205	1.0	-0.22	2.74	1.00	0.00	0.16	111115
200	"15:27:02"	1578.5	0	3.86	0.0327	187	0.71	2.14	26.22	6	1.42	1	2.84	27.97	26.22	30.15	400.31	387.88	10.689	12.794	28.17	33.71	199.7	1699	1	99.82	-0.281	-0.323	0.103	0.0246	0.0329	0.0205	1.0	-0.22	2.74	1.00	0.00	0.16	111115
201	"15:27:02"	1579.0	0	3.86	0.0326	187	0.709	2.14	26.23	6	1.42	1	2.84	27.97	26.23	30.15	400.31	387.89	10.690	12.793	28.16	33.70	199.7	1699	1	99.82	-0.281	-0.323	0.103	0.0246	0.0329	0.0205	1.0	-0.22	2.74	1.00	0.00	0.16	111115
202	"15:27:03"	1579.5	0	3.85	0.0327	188	0.71	2.14	26.23	6	1.42	1	2.84	27.98	26.23	30.15	400.29	387.90	10.689	12.796	28.15	33.70	199.7	1699	1	99.82	-0.281	-0.323	0.103	0.0246	0.0329	0.0205	1.0	-0.22	2.74	1.00	0.00	0.16	111115
203	"15:27:03"	1580.0	0	3.84	0.0327	188	0.711	2.14	26.23	6	1.42	1	2.84	27.98	26.23	30.15	400.32	387.96	10.689	12.798	28.15	33.70	199.7	1699	1	99.82	-0.281	-0.323	0.103	0.0246	0.0329	0.0205	1.0	-0.22	2.74	1.00	0.00	0.16	111115
204	"15:27:04"	1580.5	0	3.85	0.0328	188	0.712	2.14	26.24	6	1.42	1	2.84	27.98	26.24	30.15	400.32	387.93	10.690	12.802	28.14	33.71	199.7	1699	1	99.82	-0.281	-0.323	0.103	0.0246	0.0329	0.0205	1.0	-0.22	2.74	1.00	0.00	0.16	111115
205	"15:27:04"	1581.0	0	3.87	0.0328	187	0.714	2.14	26.24	6	1.42	1	2.84	27.99	26.24	30.15	400.38	387.92	10.690	12.808	28.14	33.71	199.7	1699	1	99.82	-0.281	-0.323	0.103	0.0246	0.0329	0.0205	1.0	-0.22	2.74	1.00	0.00	0.16	111115
206	"15:27:05"	1581.5	0	3.88	0.0328	187	0.714	2.15	26.25	6	1.42	1	2.84	27.99	26.25	30.15	400.38	387.91	10.690	12.809	28.13	33.71	199.8	1699	1	99.82	-0.281	-0.323	0.103	0.0246	0.0329	0.0205	1.0	-0.22	2.74	1.00	0.00	0.16	111115
207	"15:27:05"	1582.0	0	3.9	0.0329	186	0.716	2.15	26.25	6	1.42	1	2.84	27.99	26.25	30.14	400.41	387.85	10.690	12.813	28.13	33.72	199.8	1699	1	99.82	-0.281	-0.323	0.103	0.0246	0.0329	0.0205	1.0	-0.22	2.74	1.00	0.00	0.16	111115
208	"15:27:06"	1582.5	0	3.9	0.033	187	0.718	2.15	26.26	6	1.42	1	2.84	28.00	26.26	30.14	400.41	387.87	10.691	12.820	28.13	33.73	199.8	1699	1	99.82	-0.281	-0.323	0.103	0.0246	0.0329	0.0205	1.0	-0.22	2.74	1.00	0.00	0.16	111115
209	"15:27:06"	1583.0	0	3.9	0.033	187	0.719	2.15	26.26	6	1.42	1	2.84	28.00	26.26	30.14	400.41	387.86	10.691	12.824	28.12	33.73	199.8	1699	1	99.82	-0.281	-0.323	0.103	0.0246	0.0329	0.0205	1.0	-0.22	2.74	1.00	0.00	0.16	111115
210	"15:27:07"	1583.5	0	3.92	0.033	186	0.72	2.15	26.27	6	1.42	1	2.84	28.00	26.27	30.14	400.48	387.87	10.692	12.825	28.12	33.73	199.8	1699	1	99.82	-0.281	-0.323	0.103	0.0246	0.0329	0.0205	1.0	-0.22	2.74	1.00	0.00	0.16	111115
211	"15:27:08"	1584.0	0	3.95	0.0331	185	0.721	2.15	26.28	6	1.42	1	2.84	28.00	26.28	30.14	400.50	387.80	10.692	12.830	28.12	33.74	199.8	1699	1	99.82	-0.281	-0.323	0.103	0.0246	0.0329	0.0205	1.0	-0.22	2.74	1.00	0.00	0.16	111115
212	"15:27:08"	1585.0	0	4.01	0.0331	181	0.722	2.15	26.29	6	1.42	1	2.84	28.01	26.29	30.14	400.51	387.61	10.693	12.833	28.11	33.74	199.8	1699	1	99.82	-0.281	-0.323	0.103	0.0246	0.0329	0.0205	1.0	-0.22	2.74	1.00	0.00	0.16	111115
213	"15:27:09"	1585.5	0	4.03	0.0331	181	0.723	2.15	26.30	6	1.42	1	2.84	28.01	26.30	30.14	400.53	387.58	10.694	12.839	28.11	33.75	199.7	1699	1	99.82	-0.281	-0.323	0.103	0.0246	0.0329	0.0205	1.0	-0.22	2.74	1.00	0.00	0.16	111115
214	"15:27:09"	1586.0	0	4.04	0.0331	180	0.724	2.15	26.31	6	1.42	1	2.84	28.02	26.31	30.14	400.54	387.56	10.694	12.841	28.10	33.75	199.7	1699	1	99.82	-0.281	-0.323	0.103	0.0246	0.0329	0.0205	1.0	-0.22	2.74	1.00	0.00	0.16	111115
215	"15:27:10"	1586.5	0	4.03	0.0331	181	0.723	2.16	26.31	6	1.42	1	2.84	28.02	26.31	30.14	400.53	387.59	10.694	12.839	28.10	33.74	199.7	1699	1	99.82	-0.281	-0.323	0.103	0.0246	0.0329	0.0205	1.0	-0.22	2.74	1.00	0.00	0.16	111115
216	"15:27:10"	1587.0	0	4.03	0.0331	181	0.724	2.16	26.32	6	1.42	1	2.84	28.02	26.32	30.14	400.55	387.59	10.695	12.842	28.10	33.74	199.7	1699	1	99.82	-0.281	-0.323	0.103	0.0246	0.0329	0.0205	0.7	-0.22	2.74	1.00	0.00	0.16	111115
217	"15:27:11"	1587.5	0	4.03	0.0331	181	0.725	2.16	26.32	6	1.42	1	2.84	28.03	26.32	30.13	400.51	387.57	10.694	12.843	28.09	33.73	199.7	1699	1	99.82	-0.281	-0.323	0.103	0.0246	0.0329	0.0205	0.7	-0.22	2.74	1.00	0.00	0.16	111115
218	"15:27:11"	1588.0	0	4.01	0.0331	182	0.724	2.16	26.33	6	1.42	1	2.84	28.03	26.33	30.13	400.49	387.59	10.695	12.842	28.09	33.73	199.7	1699	1	99.82	-0.281	-0.323	0.103	0.0246	0.0329	0.0205	0.7	-0.22	2.74	1.00	0.00	0.16	111115
"15:27:34 Coolers: Tblock -> 35.00 C"
"15:31:09 Flow: Fixed -> 200 umol/s"
219	"15:31:11"	1828.5	0	1.73	0.0247	264	0.762	3.02	30.28	6	1.42	1	2.84	32.73	30.28	35.13	399.78	393.69	10.809	13.068	21.68	26.22	199.7	1699	1	99.82	-0.254	-0.298	0.0582	0.00975	0.0553	0.00617	1.0	-0.22	2.74	1.00	0.00	0.16	111115
220	"15:31:11"	1828.5	0	1.73	0.0247	264	0.762	3.02	30.28	6	1.42	1	2.84	32.73	30.28	35.13	399.78	393.69	10.809	13.068	21.68	26.22	199.7	1699	1	99.82	-0.254	-0.298	0.0582	0.00975	0.0553	0.00617	1.0	-0.22	2.74	1.00	0.00	0.16	111115
221	"15:31:12"	1829.0	0	1.76	0.0249	263	0.769	3.02	30.28	6	1.42	1	2.84	32.73	30.28	35.13	399.84	393.63	10.788	13.068	21.64	26.22	199.7	1699	1	99.82	-0.254	-0.298	0.0582	0.00975	0.0553	0.00617	1.0	-0.22	2.74	1.00	0.00	0.16	111115
222	"15:31:12"	1829.0	0	1.76	0.0249	263	0.769	3.02	30.28	6	1.42	1	2.84	32.73	30.28	35.13	399.84	393.63	10.788	13.068	21.64	26.22	199.7	1699	1	99.82	-0.254	-0.298	0.0582	0.00975	0.0553	0.00617	1.0	-0.22	2.74	1.00	0.00	0.16	111115
223	"15:31:13"	1829.5	0	1.73	0.025	266	0.773	3.02	30.28	6	1.42	1	2.84	32.73	30.28	35.13	399.84	393.73	10.776	13.068	21.62	26.22	199.7	1699	1	99.82	-0.254	-0.298	0.0582	0.00975	0.0553	0.00617	1.0	-0.22	2.74	1.00	0.00	0.16	111115
224	"15:31:13"	1830.0	0	1.73	0.0251	266	0.776	3.03	30.29	6	1.42	1	2.84	32.73	30.29	35.13	399.89	393.79	10.767	13.069	21.60	26.22	199.7	1699	1	99.82	-0.254	-0.298	0.0582	0.00975	0.0553	0.00617	1.0	-0.22	2.74	1.00	0.00	0.16	111115
225	"15:31:14"	1830.5	0	1.7	0.0251	268	0.778	3.03	30.29	6	1.42	1	2.84	32.73	30.29	35.13	399.90	393.86	10.761	13.067	21.59	26.21	199.7	1699	1	99.82	-0.254	-0.298	0.0582	0.00975	0.0553	0.00617	1.0	-0.22	2.74	1.00	0.00	0.16	111115
226	"15:31:14"	1831.0	0	1.76	0.0256	266	0.792	3.03	30.29	6	1.42	1	2.84	32.73	30.29	35.13	400.02	393.79	10.716	13.064	21.49	26.20	199.7	1699	1	99.82	-0.254	-0.298	0.0582	0.00975	0.0553	0.00617	1.0	-0.22	2.74	1.00	0.00	0.16	111115
227	"15:31:15"	1831.5	0	1.78	0.0256	265	0.793	3.03	30.30	6	1.42	1	2.84	32.73	30.30	35.13	400.09	393.81	10.714	13.064	21.49	26.20	199.7	1699	1	99.82	-0.254	-0.298	0.0582	0.00975	0.0553	0.00617	1.0	-0.22	2.74	1.00	0.00	0.16	111115
228	"15:31:15"	1832.0	0	1.78	0.0255	265	0.791	3.03	30.30	6	1.42	1	2.84	32.73	30.30	35.13	400.07	393.79	10.714	13.059	21.49	26.19	199.8	1698	1	99.82	-0.254	-0.298	0.0582	0.00975	0.0553	0.00617	1.0	-0.22	2.74	1.00	0.00	0.16	111115
229	"15:31:16"	1832.5	0	1.75	0.0255	267	0.791	3.03	30.31	6	1.42	1	2.84	32.73	30.31	35.13	400.08	393.88	10.713	13.059	21.49	26.19	199.8	1699	1	99.82	-0.254	-0.298	0.0582	0.00975	0.0553	0.00617	1.0	-0.22	2.74	1.00	0.00	0.16	111115
230	"15:31:16"	1833.0	0	1.75	0.0255	267	0.791	3.04	30.32	6	1.42	1	2.84	32.74	30.32	35.13	400.09	393.91	10.714	13.058	21.49	26.19	199.8	1698	1	99.82	-0.254	-0.298	0.0582	0.00975	0.0553	0.00617	1.0	-0.22	2.74	1.00	0.00	0.16	111115
231	"15:31:17"	1833.5	0	1.77	0.0254	265	0.79	3.04	30.33	6	1.42	1	2.84	32.74	30.33	35.13	400.11	393.86	10.714	13.055	21.48	26.18	199.8	1699	1	99.82	-0.254	-0.298	0.0582	0.00975	0.0553	0.00617	1.0	-0.22	2.74	1.00	0.00	0.16	111115
232	"15:31:17"	1834.0	0	1.77	0.0254	265	0.788	3.04	30.33	6	1.42	1	2.84	32.74	30.33	35.13	400.06	393.81	10.714	13.049	21.48	26.16	199.7	1699	1	99.82	-0.254	-0.298	0.0582	0.00975	0.0553	0.00617	1.0	-0.22	2.74	1.00	0.00	0.16	111115
233	"15:31:18"	1834.5	0	1.78	0.0254	264	0.788	3.04	30.34	6	1.42	1	2.84	32.74	30.34	35.13	400.08	393.80	10.713	13.049	21.48	26.16	199.7	1699	1	99.82	-0.254	-0.298	0.0582	0.00975	0.0553	0.00617	1.0	-0.22	2.74	1.00	0.00	0.16	111115
234	"15:31:18"	1835.0	0	1.72	0.0253	268	0.787	3.04	30.34	6	1.42	1	2.84	32.75	30.34	35.13	399.97	393.88	10.713	13.047	21.47	26.15	199.7	1699	1	99.82	-0.254	-0.298	0.0582	0.00975	0.0553	0.00617	1.0	-0.22	2.74	1.00	0.00	0.16	111115
235	"15:31:19"	1835.5	0	1.73	0.0253	267	0.787	3.04	30.35	6	1.42	1	2.84	32.75	30.35	35.13	399.91	393.78	10.712	13.045	21.47	26.14	199.7	1699	1	99.82	-0.254	-0.298	0.0582	0.00975	0.0553	0.00617	1.0	-0.22	2.74	1.00	0.00	0.16	111115
236	"15:31:19"	1836.0	0	1.73	0.0253	267	0.787	3.05	30.36	6	1.42	1	2.84	32.75	30.36	35.13	399.89	393.75	10.711	13.045	21.46	26.14	199.7	1699	1	99.82	-0.254	-0.298	0.0582	0.00975	0.0553	0.00617	1.0	-0.22	2.74	1.00	0.00	0.16	111115
237	"15:31:20"	1836.5	0	1.71	0.0252	268	0.786	3.05	30.36	6	1.42	1	2.84	32.75	30.36	35.13	399.87	393.80	10.710	13.041	21.46	26.13	199.7	1699	1	99.83	-0.254	-0.298	0.0582	0.00975	0.0553	0.00617	1.0	-0.22	2.74	1.00	0.00	0.16	111115
238	"15:31:20"	1837.0	0	1.65	0.0252	272	0.786	3.05	30.36	6	1.42	1	2.84	32.76	30.36	35.13	399.81	393.92	10.709	13.040	21.45	26.12	199.7	1700	1	99.82	-0.254	-0.298	0.0582	0.00975	0.0553	0.00617	1.0	-0.22	2.74	1.00	0.00	0.16	111115
239	"15:31:21"	1837.5	0	1.64	0.0252	272	0.786	3.05	30.37	6	1.42	1	2.84	32.76	30.37	35.13	399.81	393.96	10.710	13.040	21.45	26.12	199.7	1700	1	99.82	-0.254	-0.298	0.0582	0.00975	0.0553	0.00617	1.0	-0.22	2.74	1.00	0.00	0.16	111115
240	"15:31:21"	1838.0	0	1.65	0.0253	272	0.787	3.05	30.37	6	1.42	1	2.84	32.76	30.37	35.13	399.88	393.98	10.709	13.044	21.45	26.13	199.7	1700	1	99.83	-0.254	-0.298	0.0582	0.00975	0.0553	0.00617	1.0	-0.22	2.74	1.00	0.00	0.16	111115
241	"15:31:22"	1838.5	0	1.67	0.0253	271	0.788	3.05	30.38	6	1.42	1	2.84	32.76	30.38	35.13	399.86	393.92	10.710	13.046	21.45	26.13	199.7	1700	1	99.82	-0.254	-0.298	0.0582	0.00975	0.0553	0.00617	1.0	-0.22	2.74	1.00	0.00	0.16	111115
242	"15:31:22"	1839.0	0	1.71	0.0252	268	0.787	3.05	30.38	6	1.42	1	2.84	32.76	30.38	35.13	399.95	393.88	10.711	13.044	21.45	26.12	199.7	1700	1	99.83	-0.254	-0.298	0.0582	0.00975	0.0553	0.00617	1.0	-0.22	2.74	1.00	0.00	0.16	111115
243	"15:31:23"	1839.5	0	1.69	0.0252	269	0.785	3.05	30.39	6	1.42	1	2.84	32.76	30.39	35.13	399.98	393.97	10.711	13.039	21.45	26.11	199.7	1700	1	99.82	-0.254	-0.298	0.0582	0.00975	0.0553	0.00617	1.0	-0.22	2.74	1.00	0.00	0.16	111115
244	"15:31:43"	1861.0	0	1.78	0.024	258	0.765	3.12	30.63	6	1.42	1	2.84	32.85	30.63	35.14	400.11	393.86	10.711	12.981	21.34	25.86	199.7	1699	1	99.82	-0.254	-0.298	0.0582	0.00975	0.0553	0.00617	1.0	-0.22	2.74	1.00	0.00	0.16	111115
245	"15:31:44"	1861.0	0	1.78	0.024	258	0.765	3.12	30.63	6	1.42	1	2.84	32.85	30.63	35.14	400.11	393.86	10.711	12.981	21.34	25.86	199.7	1699	1	99.82	-0.254	-0.298	0.0582	0.00975	0.0553	0.00617	1.0	-0.22	2.74	1.00	0.00	0.16	111115
246	"15:31:44"	1861.5	0	1.78	0.024	257	0.766	3.12	30.63	6	1.42	1	2.84	32.85	30.63	35.14	400.14	393.87	10.711	12.982	21.34	25.86	199.7	1699	1	99.82	-0.254	-0.298	0.0582	0.00975	0.0553	0.00617	1.0	-0.22	2.74	1.00	0.00	0.16	111115
247	"15:31:45"	1862.0	0	1.77	0.024	258	0.766	3.12	30.64	6	1.42	1	2.84	32.86	30.64	35.14	400.12	393.90	10.712	12.983	21.34	25.86	199.7	1699	1	99.83	-0.254	-0.298	0.0582	0.00975	0.0553	0.00617	1.0	-0.22	2.74	1.00	0.00	0.16	111115
248	"15:31:45"	1862.5	0	1.82	0.0239	255	0.764	3.12	30.64	6	1.42	1	2.84	32.86	30.64	35.13	400.16	393.80	10.711	12.979	21.34	25.85	199.6	1699	1	99.83	-0.254	-0.298	0.0582	0.00975	0.0553	0.00617	1.0	-0.22	2.74	1.00	0.00	0.16	111115
249	"15:31:46"	1863.0	0	1.84	0.024	253	0.766	3.13	30.65	6	1.42	1	2.84	32.86	30.65	35.13	400.15	393.71	10.711	12.983	21.33	25.86	199.7	1699	1	99.83	-0.254	-0.298	0.0582	0.00975	0.0553	0.00617	1.0	-0.22	2.74	1.00	0.00	0.16	111115
250	"15:31:46"	1863.5	0	1.81	0.0239	255	0.764	3.13	30.66	6	1.42	1	2.84	32.86	30.66	35.13	400.15	393.79	10.712	12.978	21.33	25.85	199.7	1699	1	99.83	-0.254	-0.298	0.0582	0.00975	0.0553	0.00617	1.0	-0.22	2.74	1.00	0.00	0.16	111115
251	"15:31:47"	1864.0	0	1.83	0.0238	254	0.763	3.13	30.66	6	1.42	1	2.84	32.86	30.66	35.13	400.12	393.73	10.712	12.976	21.33	25.84	199.7	1699	1	99.83	-0.254	-0.298	0.0582	0.00975	0.0553	0.00617	1.0	-0.22	2.74	1.00	0.00	0.16	111115
252	"15:31:48"	1864.5	0	1.8	0.0238	255	0.762	3.13	30.66	6	1.42	1	2.84	32.86	30.66	35.13	400.06	393.76	10.714	12.973	21.33	25.83	199.7	1699	1	99.83	-0.254	-0.298	0.0582	0.00975	0.0553	0.00617	1.0	-0.22	2.74	1.00	0.00	0.16	111115
253	"15:31:48"	1865.0	0	1.79	0.0237	256	0.76	3.13	30.67	6	1.42	1	2.84	32.86	30.67	35.12	400.02	393.75	10.713	12.967	21.33	25.82	199.7	1699	1	99.83	-0.254	-0.298	0.0582	0.00975	0.0553	0.00617	1.0	-0.22	2.74	1.00	0.00	0.16	111115
254	"15:31:49"	1865.5	0	1.77	0.0237	257	0.761	3.13	30.68	6	1.42	1	2.84	32.86	30.68	35.12	400.01	393.81	10.713	12.970	21.33	25.82	199.7	1699	1	99.83	-0.254	-0.298	0.0582	0.00975	0.0553	0.00617	0.7	-0.22	2.74	1.00	0.00	0.16	111115
255	"15:31:49"	1866.0	0	1.79	0.0237	255	0.76	3.14	30.69	6	1.42	1	2.84	32.87	30.69	35.12	400.03	393.76	10.712	12.967	21.33	25.82	199.7	1699	1	99.83	-0.254	-0.298	0.0582	0.00975	0.0553	0.00617	0.7	-0.22	2.74	1.00	0.00	0.16	111115
256	"15:31:50"	1866.5	0	1.8	0.0236	255	0.759	3.14	30.70	6	1.42	1	2.84	32.87	30.70	35.12	400.02	393.73	10.712	12.964	21.32	25.81	199.7	1699	1	99.83	-0.254	-0.298	0.0582	0.00975	0.0553	0.00617	0.7	-0.22	2.74	1.00	0.00	0.16	111115
257	"15:31:50"	1867.0	0	1.8	0.0236	254	0.758	3.14	30.70	6	1.42	1	2.84	32.87	30.70	35.12	400.05	393.75	10.712	12.960	21.32	25.80	199.7	1699	1	99.82	-0.254	-0.298	0.0582	0.00975	0.0553	0.00617	0.7	-0.22	2.74	1.00	0.00	0.16	111115
258	"15:31:51"	1867.5	0	1.82	0.0236	253	0.758	3.14	30.70	6	1.42	1	2.84	32.87	30.70	35.12	400.06	393.70	10.712	12.959	21.32	25.79	199.7	1699	1	99.82	-0.254	-0.298	0.0582	0.00975	0.0553	0.00617	0.7	-0.22	2.74	1.00	0.00	0.16	111115
259	"15:31:51"	1868.0	0	1.82	0.0236	253	0.758	3.14	30.71	6	1.42	1	2.84	32.87	30.71	35.11	400.10	393.74	10.713	12.960	21.32	25.79	199.8	1699	1	99.82	-0.254	-0.298	0.0582	0.00975	0.0553	0.00617	0.7	-0.22	2.74	1.00	0.00	0.16	111115
260	"15:31:52"	1868.5	0	1.82	0.0236	253	0.758	3.14	30.71	6	1.42	1	2.84	32.87	30.71	35.12	400.14	393.78	10.712	12.958	21.32	25.79	199.8	1699	1	99.82	-0.254	-0.298	0.0582	0.00975	0.0553	0.00617	0.7	-0.22	2.74	1.00	0.00	0.16	111115
261	"15:31:52"	1869.0	0	1.8	0.0236	254	0.758	3.14	30.72	6	1.42	1	2.84	32.88	30.72	35.11	400.18	393.87	10.713	12.959	21.32	25.79	199.7	1699	1	99.82	-0.254	-0.298	0.0582	0.00975	0.0553	0.00617	0.7	-0.22	2.74	1.00	0.00	0.16	111115
262	"15:31:53"	1869.5	0	1.85	0.0235	250	0.756	3.15	30.72	6	1.42	1	2.84	32.88	30.72	35.11	400.21	393.76	10.712	12.955	21.31	25.78	199.8	1699	1	99.82	-0.254	-0.298	0.0582	0.00975	0.0553	0.00617	0.7	-0.22	2.74	1.00	0.00	0.16	111115
263	"15:31:53"	1870.5	0	1.79	0.0235	255	0.756	3.15	30.72	6	1.42	1	2.84	32.88	30.72	35.11	400.22	393.96	10.713	12.955	21.31	25.77	199.8	1699	1	99.82	-0.254	-0.298	0.0582	0.00975	0.0553	0.00617	0.7	-0.22	2.74	1.00	0.00	0.16	111115
264	"15:31:54"	1871.0	0	1.77	0.0235	255	0.756	3.15	30.72	6	1.42	1	2.84	32.88	30.72	35.12	400.25	394.02	10.713	12.955	21.31	25.77	199.7	1699	1	99.82	-0.254	-0.298	0.0582	0.00975	0.0553	0.00617	0.7	-0.22	2.74	1.00	0.00	0.16	111115
"15:32:38 Coolers: Tblock -> 40.00 C"
"15:36:58 Flow: Fixed -> 200 umol/s"
265	"15:36:59"	2176.0	0	0.937	0.0133	261	0.554	4.05	33.86	6	1.42	1	2.84	37.34	33.86	40.14	399.53	396.06	10.936	12.579	17.00	19.55	199.8	1700	1	99.82	-0.025	-0.274	0.0703	0.00517	0.0155	0.0021	1.0	-0.22	2.74	1.00	0.00	0.16	111115
266	"15:37:00"	2176.0	0	0.937	0.0133	261	0.554	4.05	33.86	6	1.42	1	2.84	37.34	33.86	40.14	399.53	396.06	10.936	12.579	17.00	19.55	199.8	1700	1	99.82	-0.025	-0.274	0.0703	0.00517	0.0155	0.0021	1.0	-0.22	2.74	1.00	0.00	0.16	111115
267	"15:37:00"	2176.5	0	1.08	0.0143	253	0.598	4.04	33.86	6	1.42	1	2.84	37.34	33.86	40.13	399.84	395.88	10.808	12.582	16.80	19.56	199.7	1700	1	99.82	-0.025	-0.274	0.0703	0.00517	0.0155	0.0021	1.0	-0.22	2.74	1.00	0.00	0.16	111115
268	"15:37:01"	2177.0	0	1.15	0.0147	248	0.614	4.04	33.85	6	1.42	1	2.84	37.34	33.85	40.13	399.91	395.71	10.761	12.581	16.73	19.56	199.7	1700	1	99.82	-0.025	-0.274	0.0703	0.00517	0.0155	0.0021	1.0	-0.22	2.74	1.00	0.00	0.16	111115
269	"15:37:01"	2177.5	0	1.15	0.0149	251	0.622	4.04	33.85	6	1.42	1	2.84	37.34	33.85	40.13	399.91	395.72	10.736	12.581	16.69	19.56	199.7	1700	1	99.82	-0.025	-0.274	0.0703	0.00517	0.0155	0.0021	1.0	-0.22	2.74	1.00	0.00	0.16	111115
270	"15:37:02"	2178.0	0	1.13	0.015	253	0.626	4.04	33.85	6	1.42	1	2.84	37.34	33.85	40.13	399.85	395.70	10.721	12.579	16.67	19.55	199.7	1700	1	99.82	-0.025	-0.274	0.0703	0.00517	0.0155	0.0021	1.0	-0.22	2.74	1.00	0.00	0.16	111115
271	"15:37:02"	2178.5	0	1.14	0.0151	253	0.631	4.04	33.85	6	1.42	1	2.84	37.34	33.85	40.13	399.85	395.68	10.712	12.583	16.65	19.56	199.7	1700	1	99.82	-0.025	-0.274	0.0703	0.00517	0.0155	0.0021	1.0	-0.22	2.74	1.00	0.00	0.16	111115
272	"15:37:03"	2179.0	0	1.08	0.0152	260	0.633	4.04	33.85	6	1.42	1	2.84	37.34	33.85	40.13	399.80	395.80	10.704	12.582	16.64	19.56	199.7	1700	1	99.82	-0.025	-0.274	0.0703	0.00517	0.0155	0.0021	1.0	-0.22	2.74	1.00	0.00	0.16	111115
273	"15:37:03"	2179.5	0	1.07	0.0152	261	0.635	4.04	33.85	6	1.42	1	2.84	37.34	33.85	40.13	399.83	395.86	10.699	12.583	16.63	19.56	199.7	1700	1	99.82	-0.025	-0.274	0.0703	0.00517	0.0155	0.0021	1.0	-0.22	2.74	1.00	0.00	0.16	111115
274	"15:37:04"	2180.0	0	1.1	0.0155	260	0.646	4.04	33.85	6	1.42	1	2.84	37.34	33.85	40.13	399.91	395.85	10.665	12.583	16.58	19.56	199.6	1700	1	99.82	-0.025	-0.274	0.0703	0.00517	0.0155	0.0021	1.0	-0.22	2.74	1.00	0.00	0.16	111115
275	"15:37:04"	2180.5	0	1.09	0.0155	261	0.647	4.04	33.85	6	1.42	1	2.84	37.34	33.85	40.13	399.88	395.83	10.663	12.582	16.57	19.56	199.6	1700	1	99.82	-0.025	-0.274	0.0703	0.00517	0.0155	0.0021	1.0	-0.22	2.74	1.00	0.00	0.16	111115
276	"15:37:05"	2181.0	0	1.04	0.0155	266	0.647	4.05	33.86	6	1.42	1	2.84	37.34	33.86	40.13	399.85	395.95	10.661	12.581	16.57	19.55	199.6	1700	1	99.82	-0.025	-0.274	0.0703	0.00517	0.0155	0.0021	1.0	-0.22	2.74	1.00	0.00	0.16	111115
277	"15:37:05"	2181.5	0	1.03	0.0155	267	0.646	4.05	33.86	6	1.42	1	2.84	37.34	33.86	40.13	399.86	395.99	10.661	12.577	16.57	19.55	199.6	1700	1	99.82	-0.025	-0.274	0.0703	0.00517	0.0155	0.0021	1.0	-0.22	2.74	1.00	0.00	0.16	111115
278	"15:37:06"	2182.0	0	1.03	0.0155	267	0.646	4.05	33.86	6	1.42	1	2.84	37.34	33.86	40.13	399.91	396.05	10.661	12.578	16.57	19.55	199.6	1700	1	99.82	-0.025	-0.274	0.0703	0.00517	0.0155	0.0021	1.0	-0.22	2.74	1.00	0.00	0.16	111115
279	"15:37:06"	2182.5	0	1.04	0.0155	266	0.645	4.05	33.87	6	1.42	1	2.84	37.34	33.87	40.13	399.97	396.09	10.660	12.576	16.56	19.54	199.6	1700	1	99.82	-0.025	-0.274	0.0703	0.00517	0.0155	0.0021	1.0	-0.22	2.74	1.00	0.00	0.16	111115
280	"15:37:07"	2183.0	0	1.11	0.0155	259	0.645	4.05	33.87	6	1.42	1	2.84	37.35	33.87	40.13	400.06	395.96	10.661	12.576	16.56	19.54	199.6	1700	1	99.82	-0.025	-0.274	0.0703	0.00517	0.0155	0.0021	1.0	-0.22	2.74	1.00	0.00	0.16	111115
281	"15:37:07"	2183.5	0	1.13	0.0154	257	0.644	4.05	33.88	6	1.42	1	2.84	37.35	33.88	40.13	400.05	395.90	10.661	12.571	16.56	19.53	199.6	1700	1	99.82	-0.025	-0.274	0.0703	0.00517	0.0155	0.0021	1.0	-0.22	2.74	1.00	0.00	0.16	111115
282	"15:37:08"	2184.0	0	1.14	0.0154	255	0.644	4.05	33.88	6	1.42	1	2.84	37.35	33.88	40.13	400.05	395.84	10.661	12.571	16.56	19.53	199.6	1699	1	99.82	-0.025	-0.274	0.0703	0.00517	0.0155	0.0021	1.0	-0.22	2.74	1.00	0.00	0.16	111115
283	"15:37:08"	2184.5	0	1.12	0.0154	257	0.644	4.05	33.88	6	1.42	1	2.84	37.35	33.88	40.13	400.07	395.95	10.661	12.571	16.56	19.53	199.7	1699	1	99.82	-0.025	-0.274	0.0703	0.00517	0.0155	0.0021	1.0	-0.22	2.74	1.00	0.00	0.16	111115
284	"15:37:09"	2185.0	0	1.15	0.0154	254	0.644	4.05	33.89	6	1.42	1	2.84	37.35	33.89	40.12	400.10	395.86	10.661	12.573	16.56	19.53	199.7	1699	1	99.82	-0.025	-0.274	0.0703	0.00517	0.0155	0.0021	1.0	-0.22	2.74	1.00	0.00	0.16	111115
285	"15:37:09"	2185.5	0	1.16	0.0154	253	0.645	4.05	33.89	6	1.42	1	2.84	37.35	33.89	40.12	400.08	395.83	10.662	12.576	16.56	19.53	199.7	1699	1	99.82	-0.025	-0.274	0.0703	0.00517	0.0155	0.0021	1.0	-0.22	2.74	1.00	0.00	0.16	111115
286	"15:37:10"	2186.0	0	1.16	0.0154	253	0.645	4.06	33.89	6	1.42	1	2.84	37.35	33.89	40.12	400.08	395.82	10.662	12.574	16.56	19.53	199.7	1699	1	99.82	-0.025	-0.274	0.0703	0.00517	0.0155	0.0021	1.0	-0.22	2.74	1.00	0.00	0.16	111115
287	"15:37:10"	2186.5	0	1.16	0.0154	254	0.645	4.06	33.90	6	1.42	1	2.84	37.35	33.90	40.12	400.05	395.81	10.661	12.574	16.56	19.53	199.7	1699	1	99.82	-0.025	-0.274	0.0703	0.00517	0.0155	0.0021	1.0	-0.22	2.74	1.00	0.00	0.16	111115
288	"15:37:11"	2187.0	0	1.12	0.0154	257	0.645	4.06	33.90	6	1.42	1	2.84	37.36	33.90	40.12	400.06	395.93	10.661	12.574	16.55	19.53	199.7	1699	1	99.82	-0.025	-0.274	0.0703	0.00517	0.0155	0.0021	1.0	-0.22	2.74	1.00	0.00	0.16	111115
"15:37:36 Coolers: Tblock -> 45.00 C"
"15:40:31 Flow: Fixed -> 200 umol/s"
289	"15:40:31"	2389.0	0	0.791	0.0134	275	0.667	4.81	36.34	6	1.42	1	2.84	41.64	36.34	45.16	399.92	396.75	10.769	12.748	13.29	15.73	199.8	1699	1	99.82	-0.201	-0.284	0.0393	0.00192	0.0613	0.00185	1.0	-0.22	2.74	1.00	0.00	0.16	111115
290	"15:40:32"	2389.0	0	0.791	0.0134	275	0.667	4.81	36.34	6	1.42	1	2.84	41.64	36.34	45.16	399.92	396.75	10.769	12.748	13.29	15.73	199.8	1699	1	99.82	-0.201	-0.284	0.0393	0.00192	0.0613	0.00185	1.0	-0.22	2.74	1.00	0.00	0.16	111115
291	"15:40:32"	2389.5	0	0.709	0.0136	286	0.678	4.8	36.33	6	1.42	1	2.84	41.64	36.33	45.16	399.92	396.98	10.736	12.747	13.25	15.73	199.6	1699	1	99.82	-0.201	-0.284	0.0393	0.00192	0.0613	0.00185	1.0	-0.22	2.74	1.00	0.00	0.16	111115
292	"15:40:33"	2390.0	0	0.709	0.0137	287	0.683	4.8	36.32	6	1.42	1	2.84	41.64	36.32	45.16	399.95	397.00	10.723	12.749	13.23	15.74	199.6	1699	0	99.82	-0.201	-0.284	0.0393	0.00192	0.0613	0.00185	1.0	-0.22	2.74	1.00	0.00	0.16	111115
293	"15:40:33"	2390.5	0	0.721	0.0138	286	0.686	4.8	36.31	6	1.42	1	2.84	41.64	36.31	45.15	400.03	397.05	10.716	12.750	13.23	15.74	199.7	1699	1	99.82	-0.201	-0.284	0.0393	0.00192	0.0613	0.00185	1.0	-0.22	2.74	1.00	0.00	0.16	111115
294	"15:40:34"	2391.0	0	0.742	0.0138	284	0.686	4.8	36.31	6	1.42	1	2.84	41.64	36.31	45.15	400.08	397.04	10.712	12.747	13.22	15.73	199.6	1699	1	99.82	-0.201	-0.284	0.0393	0.00192	0.0613	0.00185	1.0	-0.22	2.74	1.00	0.00	0.16	111115
295	"15:40:34"	2391.5	0	0.738	0.0138	284	0.686	4.8	36.30	6	1.42	1	2.84	41.64	36.30	45.15	400.12	397.09	10.711	12.746	13.22	15.73	199.6	1699	1	99.82	-0.201	-0.284	0.0393	0.00192	0.0613	0.00185	1.0	-0.22	2.74	1.00	0.00	0.16	111115
296	"15:40:35"	2392.0	0	0.729	0.0138	285	0.687	4.8	36.31	6	1.42	1	2.84	41.64	36.31	45.15	400.14	397.13	10.709	12.747	13.22	15.73	199.6	1699	1	99.82	-0.201	-0.284	0.0393	0.00192	0.0613	0.00185	1.0	-0.22	2.74	1.00	0.00	0.16	111115
297	"15:40:35"	2392.5	0	0.731	0.0138	285	0.688	4.8	36.31	6	1.42	1	2.84	41.64	36.31	45.14	400.16	397.14	10.707	12.749	13.21	15.73	199.6	1699	1	99.82	-0.201	-0.284	0.0393	0.00192	0.0613	0.00185	1.0	-0.22	2.74	1.00	0.00	0.16	111115
298	"15:40:36"	2393.0	0	0.726	0.0139	286	0.691	4.8	36.31	6	1.42	1	2.84	41.64	36.31	45.14	400.18	397.18	10.698	12.748	13.20	15.73	199.6	1699	1	99.82	-0.201	-0.284	0.0393	0.00192	0.0613	0.00185	1.0	-0.22	2.74	1.00	0.00	0.16	111115
299	"15:40:36"	2393.5	0	0.745	0.0139	284	0.69	4.8	36.31	6	1.42	1	2.84	41.64	36.31	45.14	400.21	397.14	10.697	12.745	13.20	15.73	199.6	1699	1	99.82	-0.201	-0.284	0.0393	0.00192	0.0613	0.00185	1.0	-0.22	2.74	1.00	0.00	0.16	111115
300	"15:40:37"	2394.0	0	0.747	0.0139	284	0.69	4.8	36.31	6	1.42	1	2.84	41.64	36.31	45.14	400.22	397.15	10.697	12.745	13.20	15.73	199.6	1699	1	99.82	-0.201	-0.284	0.0393	0.00192	0.0613	0.00185	1.0	-0.22	2.74	1.00	0.00	0.16	111115
301	"15:40:37"	2394.5	0	0.734	0.0139	285	0.69	4.8	36.32	6	1.42	1	2.84	41.64	36.32	45.13	400.20	397.17	10.697	12.745	13.20	15.73	199.6	1699	1	99.82	-0.201	-0.284	0.0393	0.00192	0.0613	0.00185	1.0	-0.22	2.74	1.00	0.00	0.16	111115
302	"15:40:38"	2395.0	0	0.703	0.0139	289	0.69	4.8	36.32	6	1.42	1	2.84	41.64	36.32	45.13	400.16	397.22	10.698	12.746	13.20	15.73	199.7	1699	1	99.82	-0.201	-0.284	0.0393	0.00192	0.0613	0.00185	1.0	-0.22	2.74	1.00	0.00	0.16	111115
303	"15:40:38"	2395.5	0	0.695	0.0139	290	0.692	4.8	36.32	6	1.42	1	2.84	41.64	36.32	45.13	400.13	397.21	10.696	12.748	13.20	15.73	199.7	1699	1	99.82	-0.201	-0.284	0.0393	0.00192	0.0613	0.00185	1.0	-0.22	2.74	1.00	0.00	0.16	111115
304	"15:40:39"	2396.0	0	0.705	0.0139	288	0.692	4.8	36.31	6	1.42	1	2.84	41.64	36.31	45.13	400.11	397.17	10.696	12.748	13.20	15.73	199.7	1699	1	99.82	-0.201	-0.284	0.0393	0.00192	0.0613	0.00185	1.0	-0.22	2.74	1.00	0.00	0.16	111115
305	"15:40:39"	2396.5	0	0.682	0.0139	291	0.691	4.8	36.31	6	1.42	1	2.84	41.64	36.31	45.13	400.05	397.17	10.696	12.747	13.20	15.73	199.7	1699	1	99.82	-0.201	-0.284	0.0393	0.00192	0.0613	0.00185	1.0	-0.22	2.74	1.00	0.00	0.16	111115
306	"15:40:40"	2397.0	0	0.698	0.0139	289	0.692	4.8	36.31	6	1.42	1	2.84	41.64	36.31	45.14	400.08	397.15	10.696	12.749	13.20	15.73	199.7	1699	1	99.82	-0.201	-0.284	0.0393	0.00192	0.0613	0.00185	1.0	-0.22	2.74	1.00	0.00	0.16	111115
307	"15:40:40"	2397.5	0	0.694	0.014	290	0.693	4.8	36.31	6	1.42	1	2.84	41.64	36.31	45.14	400.08	397.17	10.697	12.754	13.20	15.74	199.7	1699	1	99.82	-0.201	-0.284	0.0393	0.00192	0.0613	0.00185	1.0	-0.22	2.74	1.00	0.00	0.16	111115
308	"15:40:41"	2398.0	0	0.693	0.014	290	0.693	4.8	36.31	6	1.42	1	2.84	41.64	36.31	45.14	400.06	397.15	10.696	12.753	13.20	15.74	199.7	1699	1	99.82	-0.201	-0.284	0.0393	0.00192	0.0613	0.00185	1.0	-0.22	2.74	1.00	0.00	0.16	111115
309	"15:40:41"	2398.5	0	0.726	0.0139	286	0.692	4.8	36.31	6	1.42	1	2.84	41.65	36.31	45.14	400.08	397.07	10.697	12.751	13.20	15.73	199.6	1699	1	99.82	-0.201	-0.284	0.0393	0.00192	0.0613	0.00185	1.0	-0.22	2.74	1.00	0.00	0.16	111115
310	"15:40:42"	2399.0	0	0.741	0.0139	284	0.692	4.8	36.31	6	1.42	1	2.84	41.65	36.31	45.14	400.07	397.02	10.698	12.752	13.20	15.73	199.6	1699	1	99.82	-0.201	-0.284	0.0393	0.00192	0.0613	0.00185	1.0	-0.22	2.74	1.00	0.00	0.16	111115
"15:41:10 Coolers: Tblock -> 50.00 C"
"15:45:08 Flow: Fixed -> 200 umol/s"
311	"15:45:09"	2666.0	0	0.462	0.0117	302	0.677	5.58	38.64	6	1.42	1	2.84	45.97	38.64	49.90	400.16	397.96	11.084	13.091	10.92	12.90	199.8	1700	0	99.82	-0.13	-0.292	0.0987	0.0057	0.0764	0.00228	1.0	-0.22	2.74	1.00	0.00	0.16	111115
312	"15:45:09"	2666.0	0	0.462	0.0117	302	0.677	5.58	38.64	6	1.42	1	2.84	45.97	38.64	49.90	400.16	397.96	11.084	13.091	10.92	12.90	199.8	1700	0	99.82	-0.13	-0.292	0.0987	0.0057	0.0764	0.00228	1.0	-0.22	2.74	1.00	0.00	0.16	111115
313	"15:45:10"	2666.5	0	0.447	0.0125	308	0.723	5.58	38.62	6	1.42	1	2.84	45.96	38.62	49.89	400.18	397.98	10.935	13.078	10.78	12.89	199.8	1700	0	99.82	-0.13	-0.292	0.0987	0.0057	0.0764	0.00228	1.0	-0.22	2.74	1.00	0.00	0.16	111115
314	"15:45:10"	2667.0	0	0.447	0.0128	309	0.741	5.58	38.62	6	1.42	1	2.84	45.96	38.62	49.89	400.19	397.96	10.882	13.078	10.73	12.89	199.7	1700	1	99.82	-0.13	-0.292	0.0987	0.0057	0.0764	0.00228	1.0	-0.22	2.74	1.00	0.00	0.16	111115
315	"15:45:11"	2667.5	0	0.487	0.0129	305	0.749	5.58	38.62	6	1.42	1	2.84	45.96	38.62	49.89	400.19	397.84	10.856	13.078	10.70	12.89	199.7	1700	1	99.82	-0.13	-0.292	0.0987	0.0057	0.0764	0.00228	1.0	-0.22	2.74	1.00	0.00	0.16	111115
316	"15:45:11"	2668.0	0	0.503	0.013	303	0.755	5.58	38.62	6	1.42	1	2.84	45.96	38.62	49.89	400.17	397.75	10.840	13.078	10.68	12.89	199.7	1700	1	99.82	-0.13	-0.292	0.0987	0.0057	0.0764	0.00228	1.0	-0.22	2.74	1.00	0.00	0.16	111115
317	"15:45:12"	2668.5	0	0.507	0.0131	303	0.759	5.58	38.62	6	1.42	1	2.84	45.96	38.62	49.89	400.13	397.70	10.829	13.081	10.67	12.89	199.6	1700	1	99.82	-0.13	-0.292	0.0987	0.0057	0.0764	0.00228	1.0	-0.22	2.74	1.00	0.00	0.16	111115
318	"15:45:12"	2669.0	0	0.497	0.0131	304	0.762	5.58	38.62	6	1.42	1	2.84	45.96	38.62	49.89	400.12	397.72	10.821	13.081	10.66	12.89	199.7	1700	1	99.82	-0.13	-0.292	0.0987	0.0057	0.0764	0.00228	1.0	-0.22	2.74	1.00	0.00	0.16	111115
319	"15:45:13"	2669.5	0	0.5	0.0132	304	0.764	5.58	38.62	6	1.42	1	2.84	45.97	38.62	49.89	400.13	397.72	10.815	13.082	10.66	12.89	199.6	1700	1	99.82	-0.13	-0.292	0.0987	0.0057	0.0764	0.00228	1.0	-0.22	2.74	1.00	0.00	0.16	111115
320	"15:45:13"	2670.0	0	0.532	0.0134	301	0.776	5.58	38.62	6	1.42	1	2.84	45.96	38.62	49.89	400.17	397.64	10.778	13.081	10.62	12.89	199.6	1700	1	99.82	-0.13	-0.292	0.0987	0.0057	0.0764	0.00228	1.0	-0.22	2.74	1.00	0.00	0.16	111115
321	"15:45:14"	2670.5	0	0.557	0.0134	298	0.777	5.58	38.62	6	1.42	1	2.84	45.97	38.62	49.89	400.19	397.58	10.777	13.083	10.62	12.89	199.6	1700	1	99.82	-0.13	-0.292	0.0987	0.0057	0.0764	0.00228	1.0	-0.22	2.74	1.00	0.00	0.16	111115
322	"15:45:14"	2671.0	0	0.582	0.0134	295	0.777	5.58	38.63	6	1.42	1	2.84	45.97	38.63	49.88	400.21	397.53	10.778	13.083	10.62	12.89	199.6	1700	1	99.82	-0.13	-0.292	0.0987	0.0057	0.0764	0.00228	1.0	-0.22	2.74	1.00	0.00	0.16	111115
323	"15:45:15"	2671.5	0	0.578	0.0134	296	0.777	5.58	38.63	6	1.42	1	2.84	45.97	38.63	49.88	400.22	397.56	10.778	13.083	10.62	12.89	199.6	1700	1	99.82	-0.13	-0.292	0.0987	0.0057	0.0764	0.00228	1.0	-0.22	2.74	1.00	0.00	0.16	111115
324	"15:45:15"	2672.0	0	0.58	0.0134	296	0.777	5.58	38.63	6	1.42	1	2.84	45.97	38.63	49.88	400.27	397.60	10.777	13.082	10.62	12.89	199.6	1700	1	99.82	-0.13	-0.292	0.0987	0.0057	0.0764	0.00228	1.0	-0.22	2.74	1.00	0.00	0.16	111115
325	"15:45:16"	2672.5	0	0.596	0.0134	294	0.776	5.58	38.63	6	1.42	1	2.84	45.97	38.63	49.88	400.34	397.62	10.778	13.079	10.62	12.89	199.6	1700	1	99.82	-0.13	-0.292	0.0987	0.0057	0.0764	0.00228	1.0	-0.22	2.74	1.00	0.00	0.16	111115
326	"15:45:16"	2673.0	0	0.623	0.0133	290	0.775	5.59	38.64	6	1.42	1	2.84	45.97	38.64	49.88	400.40	397.61	10.778	13.077	10.62	12.89	199.6	1700	1	99.82	-0.13	-0.292	0.0987	0.0057	0.0764	0.00228	1.0	-0.22	2.74	1.00	0.00	0.16	111115
327	"15:45:17"	2673.5	0	0.653	0.0133	287	0.775	5.59	38.64	6	1.42	1	2.84	45.97	38.64	49.88	400.43	397.55	10.779	13.077	10.62	12.89	199.6	1700	1	99.82	-0.13	-0.292	0.0987	0.0057	0.0764	0.00228	1.0	-0.22	2.74	1.00	0.00	0.16	111115
328	"15:45:17"	2674.0	0	0.634	0.0133	289	0.775	5.59	38.65	6	1.42	1	2.84	45.97	38.65	49.88	400.42	397.59	10.778	13.077	10.62	12.89	199.6	1700	1	99.82	-0.13	-0.292	0.0987	0.0057	0.0764	0.00228	1.0	-0.22	2.74	1.00	0.00	0.16	111115
329	"15:45:18"	2674.5	0	0.63	0.0133	290	0.774	5.59	38.65	6	1.42	1	2.84	45.97	38.65	49.88	400.43	397.61	10.778	13.076	10.62	12.89	199.5	1700	1	99.82	-0.13	-0.292	0.0987	0.0057	0.0764	0.00228	1.0	-0.22	2.74	1.00	0.00	0.16	111115
330	"15:45:18"	2675.0	0	0.623	0.0133	290	0.774	5.59	38.65	6	1.42	1	2.84	45.97	38.65	49.88	400.44	397.64	10.778	13.076	10.62	12.89	199.6	1700	1	99.82	-0.13	-0.292	0.0987	0.0057	0.0764	0.00228	1.0	-0.22	2.74	1.00	0.00	0.16	111115
331	"15:45:19"	2675.5	0	0.614	0.0133	291	0.775	5.59	38.65	6	1.42	1	2.84	45.97	38.65	49.88	400.43	397.66	10.778	13.077	10.62	12.89	199.6	1700	1	99.82	-0.13	-0.292	0.0987	0.0057	0.0764	0.00228	1.0	-0.22	2.74	1.00	0.00	0.16	111115
332	"15:45:19"	2676.0	0	0.602	0.0133	293	0.774	5.59	38.66	6	1.42	1	2.84	45.97	38.66	49.88	400.37	397.64	10.778	13.076	10.62	12.88	199.6	1700	1	99.82	-0.13	-0.292	0.0987	0.0057	0.0764	0.00228	1.0	-0.22	2.74	1.00	0.00	0.16	111115
333	"15:45:20"	2676.5	0	0.577	0.0133	296	0.774	5.59	38.65	6	1.42	1	2.84	45.97	38.65	49.88	400.32	397.66	10.778	13.075	10.62	12.88	199.6	1700	1	99.82	-0.13	-0.292	0.0987	0.0057	0.0764	0.00228	1.0	-0.22	2.74	1.00	0.00	0.16	111115
334	"15:45:20"	2677.0	0	0.547	0.0133	299	0.774	5.59	38.65	6	1.42	1	2.84	45.97	38.65	49.88	400.28	397.71	10.778	13.076	10.62	12.88	199.6	1700	1	99.82	-0.13	-0.292	0.0987	0.0057	0.0764	0.00228	1.0	-0.22	2.74	1.00	0.00	0.16	111115
