"OPEN 6.3.4"
"Fri Jul 20 2018 10:44:28"
<open><version>"6.3.4"</version></open>
<open><configfile>"/User/Configs/UserPrefs/LED2x3.xml"</configfile></open>
<open><light><source>"6400-02 or -02B LED Source"</source><par_in>1<sensor>"SI-2503"<cal>-0.86<actinity>1.00</actinity><transm>1.00</transm></cal></sensor><transm>1</transm></par_in><par_out>1<sensor>"Q40491"<cal>6.5</cal></sensor></par_out></light></open>
<open><comps><file>"/User/Configs/Comps/StdComps_6.1"<header>""</header><extras></extras></file><energybal>no<f_parIn>1</f_parIn><f_parOut>0</f_parOut><alphaK>0.16</alphaK></energybal><bc_total>2.840<stomatal_ratio>1</stomatal_ratio><bc_oneside>1.420<type>2</type><table>"/Sys/Lib/StdBLCTable"</table><area>6</area><slope>-0.219565</slope><offset>2.73739</offset><fan>5</fan></bc_oneside></bc_total></comps></open>
<open><prompts><onlog>off</onlog><items>"Default (none)"</items></prompts></open>
<open><constants><oxygen>21 %</oxygen><bb_vapor>1.5</bb_vapor><bb_oxy>0.9</bb_oxy></constants></open>
<open><stability><items>"Std Stability"<items[1]><id>-2</id><size>15</size><pcv><onoff>0</onoff><value>1</value></pcv><std><onoff>0</onoff><value>1</value></std><slp><onoff>1</onoff><value>1</value></slp></items[1]><items[2]><id>-5</id><size>15</size><pcv><onoff>0</onoff><value>1</value></pcv><std><onoff>0</onoff><value>1</value></std><slp><onoff>1</onoff><value>1</value></slp></items[2]><items[3]><id>-7</id><size>15</size><pcv><onoff>0</onoff><value>1</value></pcv><std><onoff>0</onoff><value>1</value></std><slp><onoff>1</onoff><value>1</value></slp></items[3]></items></stability></open>
<open><log><format>"StdLogFmt_6.0"<items>{ -35 -21 -70 -69 -76 30 23 36 21 25 221 -33 111 -34 11 -9 -10 -8 -1 -2 -4 -5 -14 -15 -7 -12 -13 -11 -65 -66 -72 -18 -19 -77 -78 -79 -23  }<hdr>{  }</hdr></items></format><options><beep>on</beep><match>"never"<time>30</time><co2>100</co2><delta>10</delta></match><hdr>normal</hdr><rem>normal</rem><stab>no</stab><stats>no<mean>no</mean><file>no</file><period>15</period></stats><excel>yes</excel><controls>yes</controls><comm>no</comm></options><datafile>"/User/0000-DWT7242-200718"</datafile><button><action>"Normal Log"<code>" LogOneObsManual "</code></action></button><autoprog>"/User/Configs/AutoProgs/AutoLog2"<active>no</active></autoprog></log></open>
<open><a2d><avgtime>4.0 secs</avgtime><userchans><ch20>"Off"</ch20><ch21>"Off"</ch21><ch22>"Off"</ch22><ch23>"Off"</ch23></userchans></a2d></open>
<open><matching><type>0</type><disp>'a'</disp><settings>><CO2Limit>10.0</CO2Limit><H2OLimit>1.0</H2OLimit><MaxAutoTime>60</MaxAutoTime><AverageTime>10</AverageTime></settings></matching></open>
<li6400><factory><unit>"PSC-2470"</unit><serviced>"5 Feb 2018"</serviced><fuseaware>0</fuseaware><co2mixer>yes</co2mixer><co2><coeffs>{ 0 0.214772 2.55802e-05 1.93228e-08 -3.02262e-12 2.75724e-16  }</coeffs><dvdt>-4</dvdt><xs>{ 9.11e-05 0.00178  }</xs></co2><h2o><coeffs>{ 0 0.00581526 2.16703e-06 7.69607e-12  }</coeffs><dvdt>-2.9</dvdt><xs>{ -0.000111 -0.00256  }</xs></h2o><flow>{ 0 0.3696  }</flow><press>{ 86.913 0.00551  }</press></factory></li6400>
<li6400><user><flow_zero>-3.5</flow_zero><irga_zero><co2>113.5 152.5<at>27.1329</at></co2><h2o>-3.5 -3.5<at>28.1091</at></h2o></irga_zero><irga_span><co2>{ 0.990134 0.992694  }</co2><h2o>{ 0.996743 0.99801  }</h2o></irga_span><irga_match><co2>{ 0.110267 6.96361  }</co2><h2o>{ -0.0816591 0.0489167  }</h2o></irga_match><co2_mixer><pump_mv>4500</pump_mv><ppm>{ 2352.67 1117.67 439.284 266.3 121.188 70.6751 48.8233 48.8102  }</ppm><mv>{ 5000 3000 1500 1000 500 300 200 100  }</mv></co2_mixer><parin_offset>-0.211894</parin_offset><led_cal><unit>"SI-2503"</unit><mv>{ 10 25 50 100 1000 2000 3000 4000 5000  }</mv><qntm>{ 1.83047 9.20354 23.3042 57.5395 736.221 1467.2 2160.1 2821.48 3447.04  }</qntm></led_cal><lcf_cal><unit>"LCF-0981"</unit><red><mv>{ 50 100 200 400 800 1500  }</mv><qntm>{ 64.6036 145.758 312.409 661.73 1377.94 2641.23  }</qntm></red><blue><mv>{ 100 500 1000 2000 3000 4000 5000  }</mv><qntm>{ 11.107 44.4539 81.9578 145.168 203.372 256.093 300.56  }</qntm></blue></lcf_cal></user></li6400>
"10:44:30 "
$STARTOFDATA$
"Obs"	"HHMMSS"	"YYYYMMDD"	"DOY"	"EBal?"	"Photo"	"Cond"	"Ci"	"Trmmol"	"VpdL"	"CTleaf"	"Area"	"BLC_1"	"StmRat"	"BLCond"	"Tair"	"Tleaf"	"TBlk"	"CO2R"	"CO2S"	"H2OR"	"H2OS"	"RH_R"	"RH_S"	"Flow"	"PARi"	"PARo"	"Press"	"CsMch"	"HsMch"	"StableF"	"BLCslope"	"BLCoffst"	"f_parin"	"f_parout"	"alphaK"	"Status"
1	"10:44:43"	20180720	201	0	9.13	0.168	291	1.11	0.695	6.16	6	1.42	1	2.84	2.56	6.16	0.60	400.61	386.29	0.883	2.540	11.98	34.46	400.5	1700	0	100	6.96	0.0489	1.0	-0.22	2.74	1.00	0.00	0.16	111115
2	"10:44:43"	20180720	201	0	9.13	0.168	291	1.11	0.695	6.16	6	1.42	1	2.84	2.56	6.16	0.60	400.61	386.29	0.883	2.540	11.98	34.46	400.5	1700	0	100	6.96	0.0489	1.0	-0.22	2.74	1.00	0.00	0.16	111115
3	"10:44:44"	20180720	201	0	9.12	0.168	291	1.11	0.696	6.18	6	1.42	1	2.84	2.56	6.18	0.60	400.61	386.30	0.883	2.540	11.98	34.46	400.5	1700	0	100	6.96	0.0489	1.0	-0.22	2.74	1.00	0.00	0.16	111115
4	"10:44:44"	20180720	201	0	9.05	0.168	292	1.11	0.697	6.18	6	1.42	1	2.84	2.55	6.18	0.60	400.56	386.36	0.883	2.540	11.98	34.46	400.5	1700	0	100	6.96	0.0489	1.0	-0.22	2.74	1.00	0.00	0.16	111115
5	"10:44:45"	20180720	201	0	9.04	0.168	292	1.11	0.697	6.19	6	1.42	1	2.84	2.56	6.19	0.60	400.56	386.38	0.883	2.541	11.99	34.48	400.5	1700	0	100	6.96	0.0489	1.0	-0.22	2.74	1.00	0.00	0.16	111115
6	"10:44:45"	20180720	201	0	9.01	0.168	292	1.11	0.697	6.19	6	1.42	1	2.84	2.56	6.19	0.60	400.56	386.41	0.883	2.541	11.98	34.47	400.5	1700	0	100	6.96	0.0489	0.7	-0.22	2.74	1.00	0.00	0.16	111115
7	"10:44:46"	20180720	201	0	8.98	0.168	293	1.11	0.697	6.20	6	1.42	1	2.84	2.56	6.20	0.60	400.54	386.45	0.883	2.542	11.98	34.48	400.5	1700	0	100	6.96	0.0489	0.7	-0.22	2.74	1.00	0.00	0.16	111115
8	"10:44:46"	20180720	201	0	8.98	0.168	293	1.11	0.698	6.20	6	1.42	1	2.84	2.56	6.20	0.60	400.54	386.45	0.883	2.542	11.98	34.48	400.5	1700	0	100	6.96	0.0489	0.7	-0.22	2.74	1.00	0.00	0.16	111115
9	"10:44:47"	20180720	201	0	8.98	0.167	293	1.11	0.698	6.20	6	1.42	1	2.84	2.56	6.20	0.60	400.56	386.45	0.883	2.542	11.98	34.48	400.5	1700	0	100	6.96	0.0489	0.7	-0.22	2.74	1.00	0.00	0.16	111115
10	"10:44:47"	20180720	201	0	8.97	0.168	293	1.11	0.698	6.20	6	1.42	1	2.84	2.56	6.20	0.60	400.56	386.49	0.883	2.542	11.97	34.49	400.5	1700	0	100	6.96	0.0489	0.7	-0.22	2.74	1.00	0.00	0.16	111115
11	"10:44:48"	20180720	201	0	8.98	0.168	293	1.11	0.698	6.20	6	1.42	1	2.84	2.56	6.20	0.60	400.60	386.50	0.883	2.541	11.98	34.48	400.5	1700	0	100	6.96	0.0489	0.7	-0.22	2.74	1.00	0.00	0.16	111115
12	"10:44:48"	20180720	201	0	9	0.168	293	1.11	0.697	6.19	6	1.42	1	2.84	2.56	6.19	0.60	400.62	386.50	0.883	2.541	11.97	34.47	400.5	1700	0	100	6.96	0.0489	0.7	-0.22	2.74	1.00	0.00	0.16	111115
13	"10:44:49"	20180720	201	0	8.96	0.168	293	1.11	0.697	6.19	6	1.42	1	2.84	2.56	6.19	0.60	400.58	386.52	0.882	2.540	11.97	34.46	400.5	1700	0	100	6.96	0.0489	0.7	-0.22	2.74	1.00	0.00	0.16	111115
14	"10:44:49"	20180720	201	0	8.89	0.168	294	1.11	0.697	6.18	6	1.42	1	2.84	2.56	6.18	0.60	400.48	386.53	0.883	2.540	11.98	34.46	400.5	1700	0	100	6.96	0.0489	0.7	-0.22	2.74	1.00	0.00	0.16	111115
15	"10:44:50"	20180720	201	0	8.79	0.168	295	1.11	0.697	6.18	6	1.42	1	2.84	2.56	6.18	0.60	400.39	386.57	0.883	2.539	11.97	34.45	400.5	1700	0	100	6.96	0.0489	0.7	-0.22	2.74	1.00	0.00	0.16	111115
16	"10:44:58"	20180720	201	0	8.48	0.167	297	1.11	0.698	6.20	6	1.42	1	2.84	2.56	6.20	0.60	399.68	386.34	0.880	2.539	11.94	34.44	400.5	1700	0	100	6.96	0.0489	1.0	-0.22	2.74	1.00	0.00	0.16	111115
17	"10:44:59"	20180720	201	0	8.48	0.167	297	1.11	0.698	6.20	6	1.42	1	2.84	2.56	6.20	0.60	399.68	386.34	0.880	2.539	11.94	34.44	400.5	1700	0	100	6.96	0.0489	1.0	-0.22	2.74	1.00	0.00	0.16	111115
18	"10:44:59"	20180720	201	0	8.51	0.167	297	1.11	0.698	6.20	6	1.42	1	2.84	2.56	6.20	0.60	399.70	386.31	0.880	2.538	11.94	34.43	400.5	1700	0	100	6.96	0.0489	1.0	-0.22	2.74	1.00	0.00	0.16	111115
19	"10:45:00"	20180720	201	0	8.54	0.167	297	1.11	0.698	6.20	6	1.42	1	2.84	2.56	6.20	0.60	399.72	386.28	0.880	2.538	11.94	34.43	400.5	1700	0	100	6.96	0.0489	1.0	-0.22	2.74	1.00	0.00	0.16	111115
20	"10:45:00"	20180720	201	0	8.61	0.168	296	1.11	0.697	6.19	6	1.42	1	2.84	2.56	6.19	0.60	399.77	386.23	0.880	2.540	11.94	34.45	400.5	1700	0	100	6.96	0.0489	1.0	-0.22	2.74	1.00	0.00	0.16	111115
21	"10:45:01"	20180720	201	0	8.65	0.168	296	1.11	0.697	6.18	6	1.42	1	2.84	2.56	6.18	0.60	399.81	386.20	0.881	2.539	11.95	34.45	400.5	1700	0	100	6.96	0.0489	1.0	-0.22	2.74	1.00	0.00	0.16	111115
22	"10:45:02"	20180720	201	0	8.71	0.168	295	1.11	0.697	6.19	6	1.42	1	2.84	2.56	6.19	0.61	399.85	386.16	0.880	2.540	11.94	34.45	400.5	1700	0	100	6.96	0.0489	0.7	-0.22	2.74	1.00	0.00	0.16	111115
23	"10:45:02"	20180720	201	0	8.68	0.168	295	1.11	0.697	6.19	6	1.42	1	2.84	2.56	6.19	0.61	399.83	386.18	0.880	2.539	11.94	34.44	400.5	1700	0	100	6.96	0.0489	0.7	-0.22	2.74	1.00	0.00	0.16	111115
24	"10:45:03"	20180720	201	0	8.68	0.167	295	1.11	0.698	6.21	6	1.42	1	2.84	2.56	6.21	0.61	399.82	386.18	0.880	2.539	11.94	34.44	400.5	1700	0	100	6.96	0.0489	0.7	-0.22	2.74	1.00	0.00	0.16	111115
25	"10:45:03"	20180720	201	0	8.65	0.167	295	1.11	0.698	6.21	6	1.42	1	2.84	2.56	6.21	0.61	399.78	386.17	0.880	2.540	11.94	34.45	400.5	1700	0	100	6.96	0.0489	0.7	-0.22	2.74	1.00	0.00	0.16	111115
26	"10:45:04"	20180720	201	0	8.62	0.167	296	1.11	0.699	6.22	6	1.42	1	2.84	2.56	6.22	0.61	399.75	386.19	0.880	2.540	11.94	34.45	400.5	1700	0	100	6.96	0.0489	0.7	-0.22	2.74	1.00	0.00	0.16	111115
27	"10:45:04"	20180720	201	0	8.6	0.167	296	1.11	0.699	6.22	6	1.42	1	2.84	2.56	6.22	0.61	399.72	386.19	0.880	2.540	11.93	34.46	400.5	1700	0	100	6.96	0.0489	0.7	-0.22	2.74	1.00	0.00	0.16	111115
28	"10:45:05"	20180720	201	0	8.6	0.167	296	1.11	0.699	6.22	6	1.42	1	2.84	2.56	6.22	0.61	399.71	386.18	0.880	2.540	11.93	34.45	400.5	1700	0	100	6.96	0.0489	0.7	-0.22	2.74	1.00	0.00	0.16	111115
29	"10:45:05"	20180720	201	0	8.59	0.168	296	1.11	0.698	6.20	6	1.42	1	2.84	2.56	6.20	0.61	399.69	386.17	0.880	2.540	11.94	34.46	400.5	1700	0	100	6.96	0.0489	0.7	-0.22	2.74	1.00	0.00	0.16	111115
30	"10:45:06"	20180720	201	0	8.57	0.168	297	1.11	0.697	6.20	6	1.42	1	2.84	2.56	6.20	0.61	399.67	386.19	0.880	2.541	11.94	34.46	400.5	1700	0	100	6.96	0.0489	0.7	-0.22	2.74	1.00	0.00	0.16	111115
31	"10:45:07"	20180720	201	0	8.63	0.168	296	1.11	0.696	6.17	6	1.42	1	2.84	2.56	6.17	0.61	399.71	386.14	0.880	2.541	11.94	34.47	400.5	1700	0	100	6.96	0.0489	0.7	-0.22	2.74	1.00	0.00	0.16	111115
32	"10:45:07"	20180720	201	0	8.65	0.169	296	1.11	0.695	6.16	6	1.42	1	2.84	2.56	6.16	0.61	399.73	386.12	0.880	2.542	11.94	34.47	400.5	1700	0	100	6.96	0.0489	0.7	-0.22	2.74	1.00	0.00	0.16	111115
33	"10:45:08"	20180720	201	0	8.68	0.169	296	1.11	0.694	6.15	6	1.42	1	2.84	2.56	6.15	0.61	399.75	386.10	0.880	2.543	11.94	34.48	400.5	1700	0	100	6.96	0.0489	0.7	-0.22	2.74	1.00	0.00	0.16	111115
34	"10:45:17"	20180720	201	0	8.82	0.169	294	1.11	0.695	6.16	6	1.42	1	2.84	2.56	6.16	0.61	399.95	386.10	0.878	2.542	11.91	34.47	400.5	1700	0	100	6.96	0.0489	1.0	-0.22	2.74	1.00	0.00	0.16	111115
35	"10:45:17"	20180720	201	0	8.82	0.169	294	1.11	0.695	6.16	6	1.42	1	2.84	2.56	6.16	0.61	399.95	386.10	0.878	2.542	11.91	34.47	400.5	1700	0	100	6.96	0.0489	1.0	-0.22	2.74	1.00	0.00	0.16	111115
36	"10:45:18"	20180720	201	0	8.8	0.169	295	1.11	0.695	6.16	6	1.42	1	2.84	2.56	6.16	0.61	399.91	386.08	0.878	2.543	11.91	34.47	400.5	1700	0	100	6.96	0.0489	1.0	-0.22	2.74	1.00	0.00	0.16	111115
37	"10:45:19"	20180720	201	0	8.75	0.169	295	1.11	0.696	6.17	6	1.42	1	2.84	2.56	6.17	0.61	399.87	386.12	0.878	2.542	11.91	34.47	400.5	1700	0	100	6.96	0.0489	1.0	-0.22	2.74	1.00	0.00	0.16	111115
38	"10:45:19"	20180720	201	0	8.79	0.168	295	1.11	0.696	6.18	6	1.42	1	2.84	2.56	6.18	0.61	399.90	386.08	0.878	2.542	11.91	34.46	400.5	1700	0	100	6.96	0.0489	1.0	-0.22	2.74	1.00	0.00	0.16	111115
39	"10:45:20"	20180720	201	0	8.79	0.169	295	1.11	0.696	6.18	6	1.42	1	2.84	2.56	6.18	0.61	399.90	386.08	0.878	2.543	11.91	34.48	400.5	1700	0	100	6.96	0.0489	1.0	-0.22	2.74	1.00	0.00	0.16	111115
40	"10:45:20"	20180720	201	0	8.79	0.169	295	1.11	0.696	6.18	6	1.42	1	2.84	2.56	6.18	0.61	399.92	386.11	0.877	2.543	11.90	34.48	400.5	1700	0	100	6.96	0.0489	1.0	-0.22	2.74	1.00	0.00	0.16	111115
41	"10:45:21"	20180720	201	0	8.76	0.169	295	1.11	0.697	6.19	6	1.42	1	2.84	2.57	6.19	0.61	399.91	386.15	0.877	2.543	11.89	34.47	400.5	1700	0	100	6.96	0.0489	1.0	-0.22	2.74	1.00	0.00	0.16	111115
42	"10:45:21"	20180720	201	0	8.75	0.168	295	1.12	0.697	6.20	6	1.42	1	2.84	2.57	6.20	0.61	399.92	386.16	0.877	2.543	11.89	34.48	400.5	1700	0	100	6.96	0.0489	1.0	-0.22	2.74	1.00	0.00	0.16	111115
43	"10:45:22"	20180720	201	0	8.77	0.168	295	1.11	0.697	6.20	6	1.42	1	2.84	2.57	6.20	0.61	399.95	386.17	0.877	2.543	11.88	34.47	400.5	1700	0	100	6.96	0.0489	1.0	-0.22	2.74	1.00	0.00	0.16	111115
44	"10:45:23"	20180720	201	0	8.81	0.168	294	1.12	0.698	6.20	6	1.42	1	2.84	2.57	6.20	0.62	400.01	386.16	0.876	2.543	11.88	34.47	400.5	1700	0	100	6.96	0.0489	1.0	-0.22	2.74	1.00	0.00	0.16	111115
45	"10:45:23"	20180720	201	0	8.79	0.168	295	1.12	0.698	6.20	6	1.42	1	2.84	2.57	6.20	0.61	400.00	386.18	0.876	2.543	11.88	34.47	400.5	1700	0	100	6.96	0.0489	1.0	-0.22	2.74	1.00	0.00	0.16	111115
46	"10:45:24"	20180720	201	0	8.76	0.168	295	1.12	0.698	6.20	6	1.42	1	2.84	2.57	6.20	0.62	399.96	386.19	0.876	2.542	11.88	34.47	400.5	1700	0	100	6.96	0.0489	1.0	-0.22	2.74	1.00	0.00	0.16	111115
47	"10:45:24"	20180720	201	0	8.73	0.168	295	1.12	0.697	6.20	6	1.42	1	2.84	2.57	6.20	0.62	399.93	386.20	0.876	2.543	11.88	34.47	400.5	1700	0	100	6.96	0.0489	1.0	-0.22	2.74	1.00	0.00	0.16	111115
48	"10:45:25"	20180720	201	0	8.75	0.168	295	1.12	0.698	6.20	6	1.42	1	2.84	2.57	6.20	0.62	399.94	386.18	0.876	2.543	11.88	34.47	400.5	1700	0	100	6.96	0.0489	1.0	-0.22	2.74	1.00	0.00	0.16	111115
49	"10:45:25"	20180720	201	0	8.75	0.168	295	1.12	0.698	6.20	6	1.42	1	2.84	2.57	6.20	0.62	399.93	386.18	0.876	2.543	11.88	34.47	400.5	1700	0	100	6.96	0.0489	1.0	-0.22	2.74	1.00	0.00	0.16	111115
"10:45:35 Coolers: Tblock -> 5.00 C"
50	"10:47:39"	20180720	201	0	9.1	0.164	288	1.19	0.761	7.93	6	1.42	1	2.84	5.93	7.93	5.11	399.95	385.63	1.330	3.105	14.24	33.25	400.5	1700	0	100	6.96	0.0489	1.0	-0.22	2.74	1.00	0.00	0.16	111115
51	"10:47:40"	20180720	201	0	9.1	0.164	288	1.19	0.761	7.93	6	1.42	1	2.84	5.93	7.93	5.11	399.95	385.63	1.330	3.105	14.24	33.25	400.5	1700	0	100	6.96	0.0489	1.0	-0.22	2.74	1.00	0.00	0.16	111115
52	"10:47:40"	20180720	201	0	9.11	0.164	288	1.19	0.762	7.94	6	1.42	1	2.84	5.93	7.94	5.11	399.95	385.62	1.330	3.106	14.24	33.25	400.5	1700	0	100	6.96	0.0489	1.0	-0.22	2.74	1.00	0.00	0.16	111115
53	"10:47:41"	20180720	201	0	9.14	0.164	288	1.19	0.762	7.95	6	1.42	1	2.84	5.93	7.95	5.11	399.97	385.59	1.329	3.106	14.23	33.25	400.5	1700	0	100	6.96	0.0489	1.0	-0.22	2.74	1.00	0.00	0.16	111115
54	"10:47:41"	20180720	201	0	9.17	0.164	288	1.19	0.763	7.96	6	1.42	1	2.84	5.93	7.96	5.11	400.00	385.57	1.329	3.107	14.23	33.26	400.5	1700	0	100	6.96	0.0489	1.0	-0.22	2.74	1.00	0.00	0.16	111115
55	"10:47:42"	20180720	201	0	9.16	0.164	288	1.19	0.763	7.97	6	1.42	1	2.84	5.94	7.97	5.11	400.02	385.61	1.330	3.109	14.23	33.27	400.5	1700	0	100	6.96	0.0489	0.7	-0.22	2.74	1.00	0.00	0.16	111115
56	"10:47:42"	20180720	201	0	9.16	0.164	288	1.19	0.764	7.98	6	1.42	1	2.84	5.94	7.98	5.11	400.01	385.60	1.329	3.110	14.22	33.28	400.5	1700	0	100	6.96	0.0489	0.7	-0.22	2.74	1.00	0.00	0.16	111115
57	"10:47:43"	20180720	201	0	9.13	0.164	288	1.19	0.765	7.98	6	1.42	1	2.84	5.94	7.98	5.11	399.99	385.62	1.329	3.110	14.22	33.28	400.5	1700	0	100	6.96	0.0489	0.7	-0.22	2.74	1.00	0.00	0.16	111115
58	"10:47:43"	20180720	201	0	9.14	0.164	288	1.19	0.765	7.99	6	1.42	1	2.84	5.94	7.99	5.11	399.99	385.61	1.329	3.112	14.22	33.29	400.5	1700	0	100	6.96	0.0489	0.7	-0.22	2.74	1.00	0.00	0.16	111115
59	"10:47:44"	20180720	201	0	9.17	0.164	288	1.19	0.765	7.99	6	1.42	1	2.84	5.94	7.99	5.11	400.00	385.58	1.329	3.112	14.22	33.29	400.5	1700	0	100	6.96	0.0489	0.7	-0.22	2.74	1.00	0.00	0.16	111115
60	"10:47:44"	20180720	201	0	9.18	0.164	287	1.19	0.765	7.99	6	1.42	1	2.84	5.94	7.99	5.11	400.01	385.57	1.329	3.111	14.21	33.28	400.5	1700	0	100	6.96	0.0489	0.7	-0.22	2.74	1.00	0.00	0.16	111115
61	"10:47:45"	20180720	201	0	9.15	0.164	288	1.19	0.765	8.00	6	1.42	1	2.84	5.95	8.00	5.11	399.98	385.59	1.329	3.112	14.21	33.28	400.5	1700	0	100	6.96	0.0489	0.7	-0.22	2.74	1.00	0.00	0.16	111115
62	"10:47:45"	20180720	201	0	9.12	0.164	288	1.19	0.765	7.99	6	1.42	1	2.84	5.95	7.99	5.11	399.94	385.59	1.329	3.110	14.21	33.26	400.5	1700	0	100	6.96	0.0489	0.7	-0.22	2.74	1.00	0.00	0.16	111115
63	"10:47:46"	20180720	201	0	9.13	0.164	288	1.19	0.765	7.99	6	1.42	1	2.84	5.95	7.99	5.11	399.91	385.55	1.329	3.111	14.21	33.26	400.5	1700	0	100	6.96	0.0489	0.7	-0.22	2.74	1.00	0.00	0.16	111115
64	"10:47:48"	20180720	201	0	9.11	0.164	288	1.19	0.766	8.01	6	1.42	1	2.84	5.96	8.01	5.11	399.93	385.59	1.329	3.113	14.20	33.25	400.5	1700	0	100	6.96	0.0489	1.0	-0.22	2.74	1.00	0.00	0.16	111115
65	"10:47:49"	20180720	201	0	9.11	0.164	288	1.19	0.766	8.01	6	1.42	1	2.84	5.96	8.01	5.11	399.93	385.59	1.329	3.113	14.20	33.25	400.5	1700	0	100	6.96	0.0489	1.0	-0.22	2.74	1.00	0.00	0.16	111115
66	"10:47:49"	20180720	201	0	9.14	0.164	288	1.19	0.766	8.01	6	1.42	1	2.84	5.96	8.01	5.11	399.97	385.58	1.329	3.114	14.20	33.26	400.5	1700	0	100	6.96	0.0489	1.0	-0.22	2.74	1.00	0.00	0.16	111115
67	"10:47:50"	20180720	201	0	9.18	0.164	287	1.2	0.766	8.02	6	1.42	1	2.84	5.96	8.02	5.11	400.01	385.56	1.329	3.115	14.20	33.27	400.5	1700	0	100	6.96	0.0489	1.0	-0.22	2.74	1.00	0.00	0.16	111115
68	"10:47:50"	20180720	201	0	9.23	0.164	287	1.2	0.767	8.02	6	1.42	1	2.84	5.97	8.02	5.11	400.05	385.53	1.329	3.115	14.20	33.27	400.5	1700	0	100	6.96	0.0489	1.0	-0.22	2.74	1.00	0.00	0.16	111115
69	"10:47:51"	20180720	201	0	9.24	0.164	287	1.2	0.767	8.02	6	1.42	1	2.84	5.97	8.02	5.11	400.06	385.53	1.329	3.115	14.20	33.27	400.5	1700	0	100	6.96	0.0489	1.0	-0.22	2.74	1.00	0.00	0.16	111115
70	"10:47:51"	20180720	201	0	9.23	0.164	287	1.2	0.766	8.01	6	1.42	1	2.84	5.97	8.01	5.11	400.05	385.52	1.329	3.116	14.19	33.28	400.5	1700	0	100	6.96	0.0489	1.0	-0.22	2.74	1.00	0.00	0.16	111115
71	"10:47:52"	20180720	201	0	9.23	0.164	287	1.2	0.766	8.02	6	1.42	1	2.84	5.97	8.02	5.11	400.04	385.53	1.330	3.117	14.20	33.28	400.5	1700	0	100	6.96	0.0489	1.0	-0.22	2.74	1.00	0.00	0.16	111115
72	"10:47:53"	20180720	201	0	9.25	0.164	287	1.2	0.767	8.02	6	1.42	1	2.84	5.97	8.02	5.11	400.07	385.52	1.329	3.118	14.19	33.29	400.5	1700	0	100	6.96	0.0489	1.0	-0.22	2.74	1.00	0.00	0.16	111115
73	"10:47:53"	20180720	201	0	9.27	0.164	286	1.2	0.767	8.03	6	1.42	1	2.84	5.97	8.03	5.11	400.07	385.48	1.330	3.118	14.19	33.28	400.5	1700	0	100	6.96	0.0489	1.0	-0.22	2.74	1.00	0.00	0.16	111115
74	"10:47:54"	20180720	201	0	9.26	0.164	286	1.2	0.767	8.03	6	1.42	1	2.84	5.97	8.03	5.11	400.07	385.50	1.330	3.118	14.19	33.28	400.5	1700	0	100	6.96	0.0489	1.0	-0.22	2.74	1.00	0.00	0.16	111115
75	"10:47:54"	20180720	201	0	9.21	0.164	287	1.2	0.768	8.04	6	1.42	1	2.84	5.98	8.04	5.11	400.03	385.54	1.329	3.117	14.19	33.27	400.5	1700	0	100	6.96	0.0489	1.0	-0.22	2.74	1.00	0.00	0.16	111115
76	"10:47:55"	20180720	201	0	9.18	0.164	287	1.2	0.768	8.04	6	1.42	1	2.84	5.98	8.04	5.11	399.99	385.55	1.329	3.116	14.18	33.25	400.5	1700	0	100	6.96	0.0489	1.0	-0.22	2.74	1.00	0.00	0.16	111115
77	"10:47:55"	20180720	201	0	9.14	0.163	288	1.2	0.769	8.05	6	1.42	1	2.84	5.98	8.05	5.11	399.95	385.57	1.329	3.115	14.18	33.23	400.5	1700	0	100	6.96	0.0489	1.0	-0.22	2.74	1.00	0.00	0.16	111115
78	"10:47:56"	20180720	201	0	9.16	0.164	287	1.2	0.769	8.05	6	1.42	1	2.84	5.98	8.05	5.11	399.94	385.54	1.328	3.115	14.17	33.23	400.5	1700	0	100	6.96	0.0489	1.0	-0.22	2.74	1.00	0.00	0.16	111115
79	"10:47:56"	20180720	201	0	9.13	0.163	288	1.2	0.768	8.04	6	1.42	1	2.84	5.98	8.04	5.11	399.92	385.56	1.328	3.113	14.17	33.21	400.5	1700	0	100	6.96	0.0489	1.0	-0.22	2.74	1.00	0.00	0.16	111115
80	"10:47:57"	20180720	201	0	9.13	0.164	288	1.2	0.768	8.04	6	1.42	1	2.84	5.98	8.04	5.11	399.91	385.55	1.328	3.114	14.17	33.22	400.5	1700	0	100	6.96	0.0489	1.0	-0.22	2.74	1.00	0.00	0.16	111115
81	"10:47:58"	20180720	201	0	9.11	0.163	288	1.2	0.769	8.05	6	1.42	1	2.84	5.99	8.05	5.11	399.88	385.54	1.328	3.115	14.17	33.22	400.5	1700	0	100	6.96	0.0489	1.0	-0.22	2.74	1.00	0.00	0.16	111115
82	"10:47:58"	20180720	201	0	9.13	0.164	288	1.2	0.769	8.05	6	1.42	1	2.84	5.99	8.05	5.11	399.91	385.54	1.329	3.116	14.17	33.23	400.5	1700	0	100	6.96	0.0489	1.0	-0.22	2.74	1.00	0.00	0.16	111115
83	"10:47:59"	20180720	201	0	9.14	0.163	287	1.2	0.77	8.06	6	1.42	1	2.84	5.99	8.06	5.11	399.93	385.54	1.329	3.116	14.17	33.23	400.5	1700	0	100	6.96	0.0489	1.0	-0.22	2.74	1.00	0.00	0.16	111115
84	"10:47:59"	20180720	201	0	9.16	0.163	287	1.2	0.77	8.07	6	1.42	1	2.84	5.99	8.07	5.11	399.92	385.51	1.329	3.118	14.17	33.24	400.5	1700	0	100	6.96	0.0489	1.0	-0.22	2.74	1.00	0.00	0.16	111115
85	"10:48:00"	20180720	201	0	9.17	0.164	287	1.2	0.77	8.08	6	1.42	1	2.84	5.99	8.08	5.11	399.93	385.50	1.328	3.119	14.16	33.25	400.5	1700	0	100	6.96	0.0489	1.0	-0.22	2.74	1.00	0.00	0.16	111115
"10:48:11 Coolers: Tblock -> 10.00 C"
86	"10:51:49"	20180720	201	0	10.1	0.159	274	1.3	0.856	10.97	6	1.42	1	2.84	10.18	10.97	10.09	400.15	384.28	2.649	4.591	21.24	36.81	400.4	1700	0	100	6.96	0.0489	1.0	-0.22	2.74	1.00	0.00	0.16	111115
87	"10:51:49"	20180720	201	0	10.1	0.159	274	1.3	0.856	10.97	6	1.42	1	2.84	10.18	10.97	10.09	400.15	384.28	2.649	4.591	21.24	36.81	400.4	1700	0	100	6.96	0.0489	1.0	-0.22	2.74	1.00	0.00	0.16	111115
88	"10:51:50"	20180720	201	0	10.1	0.159	274	1.3	0.856	10.97	6	1.42	1	2.84	10.18	10.97	10.09	400.14	384.29	2.650	4.592	21.24	36.81	400.4	1700	0	100	6.96	0.0489	0.7	-0.22	2.74	1.00	0.00	0.16	111115
89	"10:51:50"	20180720	201	0	10	0.159	274	1.3	0.856	10.97	6	1.42	1	2.84	10.18	10.97	10.09	400.13	384.34	2.649	4.593	21.24	36.82	400.4	1700	0	100	6.96	0.0489	0.7	-0.22	2.74	1.00	0.00	0.16	111115
90	"10:51:51"	20180720	201	0	10	0.16	275	1.3	0.856	10.98	6	1.42	1	2.84	10.18	10.98	10.09	400.10	384.34	2.649	4.594	21.23	36.82	400.4	1700	0	100	6.96	0.0489	0.7	-0.22	2.74	1.00	0.00	0.16	111115
91	"10:51:51"	20180720	201	0	9.99	0.16	275	1.3	0.856	10.98	6	1.42	1	2.84	10.19	10.98	10.09	400.10	384.37	2.649	4.594	21.23	36.83	400.4	1700	0	100	6.96	0.0489	0.7	-0.22	2.74	1.00	0.00	0.16	111115
92	"10:51:52"	20180720	201	0	9.97	0.159	275	1.3	0.857	10.99	6	1.42	1	2.84	10.19	10.99	10.09	400.09	384.40	2.649	4.594	21.23	36.83	400.4	1700	0	100	6.96	0.0489	0.7	-0.22	2.74	1.00	0.00	0.16	111115
93	"10:51:52"	20180720	201	0	9.96	0.159	275	1.3	0.857	10.99	6	1.42	1	2.84	10.19	10.99	10.09	400.10	384.43	2.649	4.594	21.23	36.82	400.4	1700	0	100	6.96	0.0489	0.7	-0.22	2.74	1.00	0.00	0.16	111115
94	"10:51:53"	20180720	201	0	9.98	0.159	275	1.3	0.858	10.99	6	1.42	1	2.84	10.19	10.99	10.09	400.12	384.42	2.649	4.593	21.23	36.81	400.4	1700	0	100	6.96	0.0489	0.7	-0.22	2.74	1.00	0.00	0.16	111115
95	"10:51:53"	20180720	201	0	9.98	0.159	275	1.3	0.858	11.00	6	1.42	1	2.84	10.19	11.00	10.09	400.15	384.45	2.649	4.593	21.23	36.81	400.4	1700	0	100	6.96	0.0489	0.7	-0.22	2.74	1.00	0.00	0.16	111115
96	"10:51:54"	20180720	201	0	10	0.159	275	1.3	0.858	11.00	6	1.42	1	2.84	10.19	11.00	10.09	400.17	384.44	2.648	4.594	21.22	36.81	400.5	1700	0	100	6.96	0.0489	0.7	-0.22	2.74	1.00	0.00	0.16	111115
97	"10:51:55"	20180720	201	0	10	0.159	274	1.3	0.858	11.00	6	1.42	1	2.84	10.19	11.00	10.08	400.20	384.45	2.649	4.592	21.23	36.80	400.5	1700	0	100	6.96	0.0489	0.7	-0.22	2.74	1.00	0.00	0.16	111115
98	"10:51:55"	20180720	201	0	10	0.159	274	1.3	0.858	11.00	6	1.42	1	2.84	10.19	11.00	10.08	400.20	384.45	2.649	4.594	21.23	36.81	400.4	1700	0	100	6.96	0.0489	0.7	-0.22	2.74	1.00	0.00	0.16	111115
99	"10:52:07"	20180720	201	0	9.98	0.159	274	1.31	0.862	11.05	6	1.42	1	2.84	10.21	11.05	10.09	400.13	384.43	2.650	4.599	21.20	36.80	400.4	1700	0	100	6.96	0.0489	1.0	-0.22	2.74	1.00	0.00	0.16	111115
100	"10:52:08"	20180720	201	0	9.96	0.159	275	1.31	0.862	11.05	6	1.42	1	2.84	10.22	11.05	10.09	400.13	384.46	2.650	4.599	21.20	36.80	400.4	1700	0	100	6.96	0.0489	1.0	-0.22	2.74	1.00	0.00	0.16	111115
101	"10:52:08"	20180720	201	0	9.96	0.159	275	1.31	0.862	11.05	6	1.42	1	2.84	10.22	11.05	10.09	400.13	384.46	2.650	4.599	21.20	36.80	400.4	1700	0	100	6.96	0.0489	1.0	-0.22	2.74	1.00	0.00	0.16	111115
102	"10:52:09"	20180720	201	0	9.96	0.159	275	1.31	0.862	11.05	6	1.42	1	2.84	10.22	11.05	10.09	400.14	384.46	2.649	4.599	21.19	36.79	400.4	1700	0	100	6.96	0.0489	1.0	-0.22	2.74	1.00	0.00	0.16	111115
103	"10:52:09"	20180720	201	0	9.96	0.159	275	1.31	0.862	11.05	6	1.42	1	2.84	10.22	11.05	10.09	400.14	384.46	2.649	4.598	21.19	36.78	400.4	1700	0	100	6.96	0.0489	1.0	-0.22	2.74	1.00	0.00	0.16	111115
104	"10:52:10"	20180720	201	0	9.97	0.159	274	1.31	0.862	11.05	6	1.42	1	2.84	10.22	11.05	10.09	400.15	384.45	2.649	4.597	21.19	36.77	400.4	1700	0	100	6.96	0.0489	1.0	-0.22	2.74	1.00	0.00	0.16	111115
105	"10:52:10"	20180720	201	0	9.96	0.159	275	1.31	0.862	11.05	6	1.42	1	2.84	10.22	11.05	10.09	400.15	384.47	2.649	4.597	21.19	36.77	400.4	1700	0	100	6.96	0.0489	1.0	-0.22	2.74	1.00	0.00	0.16	111115
106	"10:52:11"	20180720	201	0	9.96	0.159	275	1.31	0.862	11.05	6	1.42	1	2.84	10.22	11.05	10.09	400.17	384.49	2.649	4.597	21.19	36.77	400.4	1700	0	100	6.96	0.0489	1.0	-0.22	2.74	1.00	0.00	0.16	111115
107	"10:52:11"	20180720	201	0	9.99	0.159	274	1.31	0.862	11.05	6	1.42	1	2.84	10.22	11.05	10.09	400.20	384.48	2.649	4.598	21.19	36.77	400.4	1700	0	100	6.96	0.0489	1.0	-0.22	2.74	1.00	0.00	0.16	111115
108	"10:52:12"	20180720	201	0	9.99	0.158	274	1.31	0.863	11.06	6	1.42	1	2.84	10.22	11.06	10.09	400.21	384.50	2.649	4.597	21.18	36.76	400.5	1700	0	100	6.96	0.0489	1.0	-0.22	2.74	1.00	0.00	0.16	111115
109	"10:52:13"	20180720	201	0	9.99	0.158	274	1.31	0.863	11.06	6	1.42	1	2.84	10.22	11.06	10.09	400.22	384.50	2.649	4.597	21.19	36.76	400.5	1700	0	100	6.96	0.0489	1.0	-0.22	2.74	1.00	0.00	0.16	111115
110	"10:52:13"	20180720	201	0	10	0.158	274	1.31	0.863	11.06	6	1.42	1	2.84	10.22	11.06	10.09	400.24	384.50	2.649	4.597	21.18	36.76	400.5	1700	0	100	6.96	0.0489	1.0	-0.22	2.74	1.00	0.00	0.16	111115
111	"10:52:14"	20180720	201	0	10	0.158	274	1.31	0.863	11.07	6	1.42	1	2.84	10.22	11.07	10.08	400.23	384.46	2.650	4.599	21.19	36.77	400.5	1700	0	100	6.96	0.0489	1.0	-0.22	2.74	1.00	0.00	0.16	111115
112	"10:52:14"	20180720	201	0	10	0.159	274	1.31	0.863	11.07	6	1.42	1	2.84	10.22	11.07	10.08	400.23	384.45	2.649	4.600	21.18	36.78	400.5	1700	0	100	6.96	0.0489	1.0	-0.22	2.74	1.00	0.00	0.16	111115
113	"10:52:15"	20180720	201	0	10	0.159	274	1.31	0.864	11.07	6	1.42	1	2.84	10.22	11.07	10.08	400.20	384.44	2.650	4.602	21.18	36.79	400.5	1700	0	100	6.96	0.0489	1.0	-0.22	2.74	1.00	0.00	0.16	111115
114	"10:52:15"	20180720	201	0	9.98	0.159	275	1.31	0.863	11.07	6	1.42	1	2.84	10.22	11.07	10.08	400.19	384.48	2.649	4.603	21.18	36.80	400.5	1700	0	100	6.96	0.0489	1.0	-0.22	2.74	1.00	0.00	0.16	111115
115	"10:52:16"	20180720	201	0	9.97	0.159	275	1.31	0.863	11.07	6	1.42	1	2.84	10.23	11.07	10.08	400.15	384.46	2.649	4.603	21.18	36.80	400.4	1700	0	100	6.96	0.0489	1.0	-0.22	2.74	1.00	0.00	0.16	111115
"10:52:27 Coolers: Tblock -> 15.00 C"
116	"10:55:02"	20180720	201	0	10.4	0.15	263	1.44	1	13.42	6	1.42	1	2.84	14.17	13.42	15.09	399.98	383.62	3.261	5.410	20.11	33.36	400.4	1699	0	100	6.96	0.0489	1.0	-0.22	2.74	1.00	0.00	0.16	111115
117	"10:55:02"	20180720	201	0	10.4	0.15	263	1.44	1	13.42	6	1.42	1	2.84	14.17	13.42	15.09	399.98	383.62	3.261	5.410	20.11	33.36	400.4	1699	0	100	6.96	0.0489	1.0	-0.22	2.74	1.00	0.00	0.16	111115
118	"10:55:03"	20180720	201	0	10.3	0.15	263	1.44	1	13.42	6	1.42	1	2.84	14.17	13.42	15.09	399.97	383.65	3.261	5.410	20.11	33.36	400.4	1699	0	100	6.96	0.0489	1.0	-0.22	2.74	1.00	0.00	0.16	111115
119	"10:55:03"	20180720	201	0	10.3	0.15	263	1.44	1	13.43	6	1.42	1	2.84	14.17	13.43	15.09	399.95	383.67	3.262	5.411	20.12	33.36	400.4	1699	0	100	6.96	0.0489	1.0	-0.22	2.74	1.00	0.00	0.16	111115
120	"10:55:04"	20180720	201	0	10.3	0.15	263	1.44	1	13.43	6	1.42	1	2.84	14.18	13.43	15.09	399.98	383.65	3.263	5.413	20.11	33.37	400.4	1699	0	100	6.96	0.0489	1.0	-0.22	2.74	1.00	0.00	0.16	111115
121	"10:55:04"	20180720	201	0	10.3	0.15	263	1.44	1.01	13.44	6	1.42	1	2.84	14.18	13.44	15.09	399.99	383.66	3.263	5.413	20.11	33.36	400.4	1699	0	100	6.96	0.0489	1.0	-0.22	2.74	1.00	0.00	0.16	111115
122	"10:55:05"	20180720	201	0	10.3	0.149	263	1.44	1.01	13.44	6	1.42	1	2.84	14.18	13.44	15.09	399.98	383.70	3.263	5.413	20.11	33.36	400.4	1699	0	100	6.96	0.0489	1.0	-0.22	2.74	1.00	0.00	0.16	111115
123	"10:55:05"	20180720	201	0	10.3	0.149	263	1.44	1.01	13.44	6	1.42	1	2.84	14.18	13.44	15.09	399.99	383.69	3.264	5.413	20.11	33.35	400.4	1699	0	100	6.96	0.0489	1.0	-0.22	2.74	1.00	0.00	0.16	111115
124	"10:55:06"	20180720	201	0	10.3	0.15	263	1.44	1.01	13.45	6	1.42	1	2.84	14.18	13.45	15.09	399.98	383.71	3.263	5.414	20.10	33.36	400.4	1699	0	100	6.96	0.0489	1.0	-0.22	2.74	1.00	0.00	0.16	111115
125	"10:55:06"	20180720	201	0	10.3	0.149	263	1.44	1.01	13.45	6	1.42	1	2.84	14.19	13.45	15.09	400.00	383.75	3.263	5.414	20.10	33.36	400.4	1699	0	100	6.96	0.0489	1.0	-0.22	2.74	1.00	0.00	0.16	111115
126	"10:55:07"	20180720	201	0	10.3	0.149	263	1.44	1.01	13.46	6	1.42	1	2.84	14.19	13.46	15.09	400.01	383.72	3.263	5.414	20.10	33.35	400.4	1699	0	100	6.96	0.0489	1.0	-0.22	2.74	1.00	0.00	0.16	111115
127	"10:55:07"	20180720	201	0	10.3	0.149	263	1.44	1.01	13.46	6	1.42	1	2.84	14.19	13.46	15.09	400.02	383.73	3.262	5.414	20.09	33.34	400.4	1699	0	100	6.96	0.0489	1.0	-0.22	2.74	1.00	0.00	0.16	111115
128	"10:55:08"	20180720	201	0	10.3	0.149	263	1.44	1.01	13.46	6	1.42	1	2.84	14.19	13.46	15.09	400.01	383.76	3.262	5.415	20.09	33.34	400.4	1699	0	100	6.96	0.0489	1.0	-0.22	2.74	1.00	0.00	0.16	111115
129	"10:55:08"	20180720	201	0	10.3	0.15	264	1.45	1.01	13.46	6	1.42	1	2.84	14.19	13.46	15.09	399.98	383.75	3.261	5.415	20.08	33.34	400.4	1699	0	100	6.96	0.0489	1.0	-0.22	2.74	1.00	0.00	0.16	111115
130	"10:55:09"	20180720	201	0	10.3	0.149	263	1.45	1.01	13.47	6	1.42	1	2.84	14.20	13.47	15.09	400.02	383.73	3.261	5.416	20.07	33.34	400.4	1699	0	100	6.96	0.0489	1.0	-0.22	2.74	1.00	0.00	0.16	111115
131	"10:55:10"	20180720	201	0	10.3	0.149	263	1.45	1.01	13.47	6	1.42	1	2.84	14.20	13.47	15.09	400.01	383.75	3.262	5.417	20.08	33.34	400.4	1699	0	100	6.96	0.0489	1.0	-0.22	2.74	1.00	0.00	0.16	111115
132	"10:55:10"	20180720	201	0	10.3	0.149	263	1.45	1.01	13.47	6	1.42	1	2.84	14.20	13.47	15.09	399.97	383.72	3.262	5.417	20.07	33.33	400.4	1699	0	100	6.96	0.0489	1.0	-0.22	2.74	1.00	0.00	0.16	111115
133	"10:55:11"	20180720	201	0	10.3	0.15	263	1.45	1.01	13.47	6	1.42	1	2.84	14.21	13.47	15.09	399.98	383.72	3.262	5.419	20.07	33.34	400.4	1699	0	100	6.96	0.0489	1.0	-0.22	2.74	1.00	0.00	0.16	111115
134	"10:55:11"	20180720	201	0	10.3	0.149	263	1.45	1.01	13.48	6	1.42	1	2.84	14.21	13.48	15.09	400.00	383.72	3.262	5.418	20.07	33.33	400.4	1699	0	100	6.96	0.0489	1.0	-0.22	2.74	1.00	0.00	0.16	111115
135	"10:55:12"	20180720	201	0	10.3	0.149	263	1.45	1.01	13.49	6	1.42	1	2.84	14.21	13.49	15.09	400.04	383.71	3.262	5.418	20.07	33.33	400.4	1699	0	100	6.96	0.0489	1.0	-0.22	2.74	1.00	0.00	0.16	111115
136	"10:55:12"	20180720	201	0	10.4	0.149	262	1.45	1.01	13.50	6	1.42	1	2.84	14.21	13.50	15.09	400.08	383.72	3.263	5.419	20.07	33.32	400.4	1699	0	100	6.96	0.0489	1.0	-0.22	2.74	1.00	0.00	0.16	111115
137	"10:55:13"	20180720	201	0	10.3	0.149	263	1.45	1.01	13.51	6	1.42	1	2.84	14.21	13.51	15.09	400.04	383.76	3.264	5.420	20.07	33.33	400.4	1699	0	100	6.96	0.0489	1.0	-0.22	2.74	1.00	0.00	0.16	111115
138	"10:55:13"	20180720	201	0	10.3	0.149	263	1.45	1.01	13.51	6	1.42	1	2.84	14.22	13.51	15.09	400.03	383.73	3.263	5.420	20.06	33.33	400.4	1699	0	100	6.96	0.0489	1.0	-0.22	2.74	1.00	0.00	0.16	111115
"10:55:21 Coolers: Tblock -> 20.00 C"
139	"10:57:53"	20180720	201	0	11	0.137	242	1.65	1.25	17.75	6	1.42	1	2.84	19.20	17.75	20.10	400.30	382.84	5.435	7.891	24.34	35.35	400.4	1699	0	100	6.96	0.0489	1.0	-0.22	2.74	1.00	0.00	0.16	111115
140	"10:57:53"	20180720	201	0	11	0.137	242	1.65	1.25	17.75	6	1.42	1	2.84	19.20	17.75	20.10	400.30	382.84	5.435	7.891	24.34	35.35	400.4	1699	0	100	6.96	0.0489	1.0	-0.22	2.74	1.00	0.00	0.16	111115
141	"10:57:54"	20180720	201	0	11	0.137	243	1.65	1.25	17.75	6	1.42	1	2.84	19.20	17.75	20.10	400.28	382.84	5.435	7.893	24.34	35.35	400.4	1699	0	100	6.96	0.0489	1.0	-0.22	2.74	1.00	0.00	0.16	111115
142	"10:57:54"	20180720	201	0	11	0.137	243	1.65	1.25	17.75	6	1.42	1	2.84	19.21	17.75	20.10	400.27	382.85	5.436	7.894	24.34	35.35	400.4	1699	0	100	6.96	0.0489	1.0	-0.22	2.74	1.00	0.00	0.16	111115
143	"10:57:55"	20180720	201	0	11	0.137	243	1.65	1.25	17.75	6	1.42	1	2.84	19.21	17.75	20.11	400.27	382.86	5.437	7.894	24.34	35.35	400.4	1699	0	100	6.96	0.0489	1.0	-0.22	2.74	1.00	0.00	0.16	111115
144	"10:57:55"	20180720	201	0	11	0.137	243	1.65	1.25	17.75	6	1.42	1	2.84	19.21	17.75	20.11	400.27	382.84	5.437	7.897	24.34	35.36	400.4	1699	0	100	6.96	0.0489	1.0	-0.22	2.74	1.00	0.00	0.16	111115
145	"10:57:56"	20180720	201	0	11	0.137	243	1.66	1.25	17.75	6	1.42	1	2.84	19.21	17.75	20.12	400.29	382.83	5.437	7.899	24.34	35.36	400.4	1699	0	100	6.96	0.0489	1.0	-0.22	2.74	1.00	0.00	0.16	111115
146	"10:57:56"	20180720	201	0	11	0.137	243	1.66	1.25	17.76	6	1.42	1	2.84	19.21	17.76	20.13	400.29	382.82	5.438	7.900	24.34	35.36	400.4	1699	0	100	6.96	0.0489	1.0	-0.22	2.74	1.00	0.00	0.16	111115
147	"10:57:57"	20180720	201	0	11	0.137	243	1.66	1.25	17.76	6	1.42	1	2.84	19.22	17.76	20.13	400.27	382.85	5.438	7.902	24.34	35.37	400.4	1699	0	100	6.96	0.0489	1.0	-0.22	2.74	1.00	0.00	0.16	111115
148	"10:57:57"	20180720	201	0	11	0.137	243	1.66	1.25	17.77	6	1.42	1	2.84	19.22	17.77	20.14	400.27	382.89	5.438	7.904	24.34	35.37	400.4	1699	0	100	6.96	0.0489	1.0	-0.22	2.74	1.00	0.00	0.16	111115
149	"10:57:58"	20180720	201	0	11	0.137	243	1.66	1.25	17.77	6	1.42	1	2.84	19.22	17.77	20.15	400.26	382.87	5.438	7.906	24.34	35.38	400.4	1699	0	100	6.96	0.0489	1.0	-0.22	2.74	1.00	0.00	0.16	111115
150	"10:57:59"	20180720	201	0	10.9	0.137	244	1.66	1.25	17.78	6	1.42	1	2.84	19.22	17.78	20.15	400.22	382.88	5.439	7.907	24.34	35.38	400.4	1699	0	100	6.96	0.0489	1.0	-0.22	2.74	1.00	0.00	0.16	111115
151	"10:57:59"	20180720	201	0	10.9	0.137	244	1.66	1.25	17.78	6	1.42	1	2.84	19.22	17.78	20.16	400.20	382.89	5.439	7.910	24.33	35.39	400.4	1699	0	100	6.96	0.0489	1.0	-0.22	2.74	1.00	0.00	0.16	111115
152	"10:58:00"	20180720	201	0	10.9	0.137	244	1.66	1.25	17.79	6	1.42	1	2.84	19.22	17.79	20.16	400.16	382.88	5.439	7.911	24.33	35.39	400.4	1699	0	100	6.96	0.0489	1.0	-0.22	2.74	1.00	0.00	0.16	111115
153	"10:58:00"	20180720	201	0	10.9	0.137	244	1.66	1.25	17.80	6	1.42	1	2.84	19.22	17.80	20.17	400.12	382.87	5.439	7.911	24.33	35.38	400.4	1699	0	100	6.96	0.0489	1.0	-0.22	2.74	1.00	0.00	0.16	111115
154	"10:58:01"	20180720	201	0	10.8	0.137	245	1.66	1.25	17.80	6	1.42	1	2.84	19.23	17.80	20.17	400.11	382.90	5.440	7.911	24.33	35.38	400.4	1699	0	100	6.96	0.0489	1.0	-0.22	2.74	1.00	0.00	0.16	111115
155	"10:58:01"	20180720	201	0	10.9	0.137	245	1.66	1.25	17.81	6	1.42	1	2.84	19.23	17.81	20.17	400.10	382.88	5.440	7.913	24.33	35.39	400.4	1699	0	100	6.96	0.0489	1.0	-0.22	2.74	1.00	0.00	0.16	111115
156	"10:58:02"	20180720	201	0	10.9	0.137	244	1.66	1.26	17.82	6	1.42	1	2.84	19.23	17.82	20.17	400.10	382.86	5.441	7.915	24.33	35.39	400.4	1699	0	100	6.96	0.0489	1.0	-0.22	2.74	1.00	0.00	0.16	111115
157	"10:58:02"	20180720	201	0	10.8	0.137	244	1.66	1.26	17.83	6	1.42	1	2.84	19.23	17.83	20.17	400.08	382.87	5.441	7.914	24.33	35.39	400.4	1699	0	100	6.96	0.0489	1.0	-0.22	2.74	1.00	0.00	0.16	111115
158	"10:58:03"	20180720	201	0	10.9	0.137	244	1.66	1.26	17.83	6	1.42	1	2.84	19.23	17.83	20.17	400.10	382.85	5.442	7.914	24.33	35.39	400.4	1699	0	100	6.96	0.0489	1.0	-0.22	2.74	1.00	0.00	0.16	111115
159	"10:58:03"	20180720	201	0	10.9	0.137	243	1.66	1.26	17.84	6	1.42	1	2.84	19.23	17.84	20.16	400.11	382.81	5.442	7.915	24.33	35.39	400.4	1699	0	100	6.96	0.0489	1.0	-0.22	2.74	1.00	0.00	0.16	111115
160	"10:58:04"	20180720	201	0	10.9	0.137	243	1.66	1.26	17.84	6	1.42	1	2.84	19.23	17.84	20.16	400.12	382.82	5.442	7.916	24.33	35.39	400.4	1699	0	100	6.96	0.0489	1.0	-0.22	2.74	1.00	0.00	0.16	111115
161	"10:58:04"	20180720	201	0	10.9	0.137	243	1.67	1.26	17.86	6	1.42	1	2.84	19.23	17.86	20.15	400.11	382.79	5.443	7.921	24.33	35.41	400.4	1699	0	100	6.96	0.0489	1.0	-0.22	2.74	1.00	0.00	0.16	111115
162	"10:58:05"	20180720	201	0	10.9	0.137	243	1.67	1.26	17.87	6	1.42	1	2.84	19.23	17.87	20.15	400.11	382.80	5.443	7.922	24.34	35.42	400.4	1699	0	100	6.96	0.0489	1.0	-0.22	2.74	1.00	0.00	0.16	111115
163	"10:58:06"	20180720	201	0	10.9	0.136	243	1.67	1.26	17.87	6	1.42	1	2.84	19.23	17.87	20.14	400.09	382.78	5.444	7.921	24.34	35.41	400.4	1699	0	100	6.96	0.0489	1.0	-0.22	2.74	1.00	0.00	0.16	111115
"10:58:14 Coolers: Tblock -> 25.00 C"
164	"11:00:11"	20180720	201	0	11.1	0.128	231	1.77	1.42	20.33	6	1.42	1	2.84	23.03	20.33	25.07	400.53	382.84	7.085	9.708	25.08	34.37	400.4	1699	0	100	6.96	0.0489	1.0	-0.22	2.74	1.00	0.00	0.16	111115
165	"11:00:11"	20180720	201	0	11.1	0.128	231	1.77	1.42	20.33	6	1.42	1	2.84	23.03	20.33	25.07	400.53	382.84	7.085	9.708	25.08	34.37	400.4	1699	0	100	6.96	0.0489	1.0	-0.22	2.74	1.00	0.00	0.16	111115
166	"11:00:12"	20180720	201	0	11.1	0.128	231	1.77	1.42	20.33	6	1.42	1	2.84	23.04	20.33	25.07	400.53	382.86	7.085	9.709	25.08	34.37	400.4	1699	0	100	6.96	0.0489	1.0	-0.22	2.74	1.00	0.00	0.16	111115
167	"11:00:12"	20180720	201	0	11.1	0.128	231	1.77	1.42	20.34	6	1.42	1	2.84	23.04	20.34	25.07	400.53	382.85	7.085	9.710	25.08	34.37	400.3	1698	0	100	6.96	0.0489	1.0	-0.22	2.74	1.00	0.00	0.16	111115
168	"11:00:13"	20180720	201	0	11.1	0.128	232	1.77	1.42	20.34	6	1.42	1	2.84	23.04	20.34	25.07	400.49	382.88	7.085	9.713	25.07	34.37	400.3	1698	0	100	6.96	0.0489	1.0	-0.22	2.74	1.00	0.00	0.16	111115
169	"11:00:13"	20180720	201	0	11.1	0.128	231	1.77	1.43	20.34	6	1.42	1	2.84	23.04	20.34	25.07	400.49	382.83	7.086	9.714	25.07	34.37	400.3	1699	0	100	6.96	0.0489	1.0	-0.22	2.74	1.00	0.00	0.16	111115
170	"11:00:14"	20180720	201	0	11.1	0.128	232	1.77	1.43	20.35	6	1.42	1	2.84	23.04	20.35	25.07	400.47	382.84	7.085	9.716	25.07	34.38	400.3	1699	0	100	6.96	0.0489	1.0	-0.22	2.74	1.00	0.00	0.16	111115
171	"11:00:15"	20180720	201	0	11.1	0.128	232	1.77	1.43	20.35	6	1.42	1	2.84	23.05	20.35	25.07	400.45	382.83	7.085	9.717	25.06	34.37	400.3	1699	0	100	6.96	0.0489	1.0	-0.22	2.74	1.00	0.00	0.16	111115
172	"11:00:15"	20180720	201	0	11.1	0.128	232	1.77	1.43	20.36	6	1.42	1	2.84	23.05	20.36	25.07	400.45	382.83	7.085	9.718	25.06	34.37	400.3	1699	0	100	6.96	0.0489	1.0	-0.22	2.74	1.00	0.00	0.16	111115
173	"11:00:16"	20180720	201	0	11.1	0.128	232	1.77	1.43	20.37	6	1.42	1	2.84	23.05	20.37	25.06	400.45	382.86	7.086	9.719	25.06	34.37	400.3	1699	0	100	6.96	0.0489	1.0	-0.22	2.74	1.00	0.00	0.16	111115
174	"11:00:16"	20180720	201	0	11.1	0.127	231	1.77	1.43	20.38	6	1.42	1	2.84	23.05	20.38	25.06	400.48	382.84	7.087	9.720	25.06	34.37	400.3	1700	0	100	6.96	0.0489	1.0	-0.22	2.74	1.00	0.00	0.16	111115
175	"11:00:17"	20180720	201	0	11.1	0.127	231	1.77	1.43	20.39	6	1.42	1	2.84	23.06	20.39	25.06	400.46	382.82	7.087	9.720	25.06	34.37	400.3	1700	0	100	6.96	0.0489	1.0	-0.22	2.74	1.00	0.00	0.16	111115
176	"11:00:17"	20180720	201	0	11.1	0.127	231	1.77	1.43	20.40	6	1.42	1	2.84	23.06	20.40	25.06	400.45	382.83	7.088	9.721	25.06	34.36	400.3	1700	0	100	6.96	0.0489	1.0	-0.22	2.74	1.00	0.00	0.16	111115
177	"11:00:18"	20180720	201	0	11.1	0.127	231	1.78	1.43	20.41	6	1.42	1	2.84	23.06	20.41	25.06	400.43	382.84	7.088	9.722	25.05	34.36	400.4	1700	0	100	6.96	0.0489	1.0	-0.22	2.74	1.00	0.00	0.16	111115
178	"11:00:18"	20180720	201	0	11	0.127	231	1.78	1.44	20.42	6	1.42	1	2.84	23.06	20.42	25.06	400.40	382.84	7.088	9.723	25.05	34.37	400.4	1700	0	100	6.96	0.0489	1.0	-0.22	2.74	1.00	0.00	0.16	111115
179	"11:00:21"	20180720	201	0	10.9	0.127	233	1.78	1.44	20.48	6	1.42	1	2.84	23.08	20.48	25.06	400.11	382.78	7.091	9.733	25.04	34.37	400.4	1700	0	100	6.96	0.0489	1.0	-0.22	2.74	1.00	0.00	0.16	111115
180	"11:00:21"	20180720	201	0	10.9	0.127	233	1.78	1.44	20.48	6	1.42	1	2.84	23.08	20.48	25.06	400.11	382.78	7.091	9.733	25.04	34.37	400.4	1700	0	100	6.96	0.0489	1.0	-0.22	2.74	1.00	0.00	0.16	111115
"11:00:36 Coolers: Tblock -> 30.00 C"
181	"11:04:51"	20180720	201	0	10.8	0.111	212	1.98	1.82	24.24	6	1.42	1	2.84	27.60	24.24	30.02	400.09	382.72	9.232	12.162	24.91	32.82	400.4	1698	0	100	6.96	0.0489	1.0	-0.22	2.74	1.00	0.00	0.16	111115
182	"11:04:52"	20180720	201	0	10.8	0.111	212	1.98	1.82	24.24	6	1.42	1	2.84	27.60	24.24	30.02	400.09	382.72	9.232	12.162	24.91	32.82	400.4	1698	0	100	6.96	0.0489	1.0	-0.22	2.74	1.00	0.00	0.16	111115
183	"11:04:52"	20180720	201	0	10.8	0.11	212	1.98	1.82	24.24	6	1.42	1	2.84	27.60	24.24	30.02	400.08	382.75	9.232	12.163	24.91	32.81	400.4	1698	0	100	6.96	0.0489	1.0	-0.22	2.74	1.00	0.00	0.16	111115
184	"11:04:53"	20180720	201	0	10.8	0.111	212	1.98	1.82	24.24	6	1.42	1	2.84	27.61	24.24	30.03	400.07	382.73	9.232	12.165	24.90	32.81	400.4	1699	0	100	6.96	0.0489	1.0	-0.22	2.74	1.00	0.00	0.16	111115
185	"11:04:53"	20180720	201	0	10.8	0.111	213	1.98	1.82	24.24	6	1.42	1	2.84	27.61	24.24	30.03	400.09	382.77	9.231	12.167	24.89	32.81	400.4	1699	0	100	6.96	0.0489	1.0	-0.22	2.74	1.00	0.00	0.16	111115
186	"11:04:54"	20180720	201	0	10.8	0.111	213	1.99	1.82	24.25	6	1.42	1	2.84	27.62	24.25	30.03	400.11	382.77	9.230	12.169	24.88	32.80	400.4	1699	0	100	6.96	0.0489	1.0	-0.22	2.74	1.00	0.00	0.16	111115
187	"11:04:54"	20180720	201	0	10.8	0.111	213	1.99	1.82	24.26	6	1.42	1	2.84	27.62	24.26	30.04	400.11	382.76	9.229	12.172	24.87	32.80	400.4	1699	0	100	6.96	0.0489	1.0	-0.22	2.74	1.00	0.00	0.16	111115
188	"11:04:55"	20180720	201	0	10.8	0.111	213	1.99	1.82	24.26	6	1.42	1	2.84	27.63	24.26	30.04	400.12	382.76	9.229	12.173	24.86	32.79	400.4	1699	0	100	6.96	0.0489	1.0	-0.22	2.74	1.00	0.00	0.16	111115
189	"11:04:56"	20180720	201	0	10.8	0.111	213	1.99	1.82	24.26	6	1.42	1	2.84	27.63	24.26	30.05	400.14	382.79	9.230	12.172	24.86	32.78	400.4	1700	0	100	6.96	0.0489	1.0	-0.22	2.74	1.00	0.00	0.16	111115
190	"11:04:56"	20180720	201	0	10.8	0.111	212	1.98	1.83	24.26	6	1.42	1	2.84	27.64	24.26	30.05	400.16	382.80	9.232	12.170	24.85	32.76	400.4	1700	0	100	6.96	0.0489	1.0	-0.22	2.74	1.00	0.00	0.16	111115
191	"11:04:57"	20180720	201	0	10.9	0.111	211	1.98	1.83	24.26	6	1.42	1	2.84	27.64	24.26	30.06	400.19	382.76	9.234	12.170	24.85	32.75	400.4	1700	0	100	6.96	0.0489	1.0	-0.22	2.74	1.00	0.00	0.16	111115
192	"11:04:57"	20180720	201	0	10.9	0.11	211	1.98	1.83	24.26	6	1.42	1	2.84	27.65	24.26	30.06	400.21	382.77	9.234	12.169	24.85	32.74	400.4	1700	0	100	6.96	0.0489	1.0	-0.22	2.74	1.00	0.00	0.16	111115
193	"11:04:58"	20180720	201	0	10.9	0.11	210	1.98	1.83	24.27	6	1.42	1	2.84	27.65	24.27	30.06	400.23	382.74	9.235	12.170	24.84	32.74	400.4	1700	0	100	6.96	0.0489	1.0	-0.22	2.74	1.00	0.00	0.16	111115
194	"11:04:58"	20180720	201	0	11	0.11	210	1.99	1.83	24.28	6	1.42	1	2.84	27.66	24.28	30.07	400.29	382.72	9.235	12.174	24.83	32.73	400.4	1700	0	100	6.96	0.0489	1.0	-0.22	2.74	1.00	0.00	0.16	111115
195	"11:04:59"	20180720	201	0	11	0.11	209	1.99	1.83	24.29	6	1.42	1	2.84	27.67	24.29	30.08	400.31	382.68	9.236	12.175	24.82	32.72	400.4	1700	0	100	6.96	0.0489	1.0	-0.22	2.74	1.00	0.00	0.16	111115
196	"11:04:59"	20180720	201	0	11.1	0.11	208	1.99	1.83	24.30	6	1.42	1	2.84	27.67	24.30	30.08	400.33	382.62	9.236	12.177	24.81	32.72	400.4	1700	0	100	6.96	0.0489	1.0	-0.22	2.74	1.00	0.00	0.16	111115
197	"11:05:00"	20180720	201	0	11.1	0.11	208	1.99	1.83	24.30	6	1.42	1	2.84	27.68	24.30	30.08	400.31	382.61	9.235	12.180	24.81	32.72	400.4	1700	0	100	6.96	0.0489	1.0	-0.22	2.74	1.00	0.00	0.16	111115
198	"11:05:00"	20180720	201	0	11	0.11	209	1.99	1.83	24.31	6	1.42	1	2.84	27.68	24.31	30.08	400.25	382.64	9.235	12.181	24.80	32.71	400.4	1700	0	100	6.96	0.0489	1.0	-0.22	2.74	1.00	0.00	0.16	111115
199	"11:05:01"	20180720	201	0	10.9	0.11	210	1.99	1.84	24.33	6	1.42	1	2.84	27.68	24.33	30.09	400.21	382.69	9.235	12.182	24.79	32.71	400.4	1700	0	100	6.96	0.0489	1.0	-0.22	2.74	1.00	0.00	0.16	111115
200	"11:05:02"	20180720	201	0	10.9	0.11	210	1.99	1.84	24.35	6	1.42	1	2.84	27.69	24.35	30.09	400.19	382.68	9.236	12.182	24.79	32.70	400.4	1700	0	100	6.96	0.0489	1.0	-0.22	2.74	1.00	0.00	0.16	111115
201	"11:05:02"	20180720	201	0	10.9	0.11	209	1.99	1.84	24.35	6	1.42	1	2.84	27.69	24.35	30.09	400.18	382.66	9.237	12.179	24.79	32.68	400.4	1700	0	100	6.96	0.0489	1.0	-0.22	2.74	1.00	0.00	0.16	111115
202	"11:05:03"	20180720	201	0	10.9	0.11	209	1.99	1.84	24.36	6	1.42	1	2.84	27.70	24.36	30.09	400.18	382.71	9.238	12.177	24.78	32.67	400.4	1700	0	100	6.96	0.0489	1.0	-0.22	2.74	1.00	0.00	0.16	111115
203	"11:05:03"	20180720	201	0	10.9	0.109	210	1.99	1.84	24.37	6	1.42	1	2.84	27.70	24.37	30.09	400.16	382.74	9.238	12.177	24.78	32.66	400.4	1700	0	100	6.96	0.0489	1.0	-0.22	2.74	1.00	0.00	0.16	111115
"11:05:13 Coolers: Tblock -> 35.00 C"
204	"11:13:00"	20180720	201	0	10.6	0.0944	187	2.27	2.42	27.49	6	1.42	1	2.84	32.13	27.49	35.11	399.98	382.84	9.274	12.628	19.28	26.26	400.4	1700	0	100	6.96	0.0489	1.0	-0.22	2.74	1.00	0.00	0.16	111115
205	"11:13:00"	20180720	201	0	10.6	0.0944	187	2.27	2.42	27.49	6	1.42	1	2.84	32.13	27.49	35.11	399.98	382.84	9.274	12.628	19.28	26.26	400.4	1700	0	100	6.96	0.0489	1.0	-0.22	2.74	1.00	0.00	0.16	111115
206	"11:13:01"	20180720	201	0	10.6	0.0943	187	2.27	2.42	27.50	6	1.42	1	2.84	32.14	27.50	35.12	399.98	382.85	9.274	12.629	19.28	26.25	400.4	1699	0	100	6.96	0.0489	1.0	-0.22	2.74	1.00	0.00	0.16	111115
207	"11:13:01"	20180720	201	0	10.6	0.0943	187	2.27	2.43	27.51	6	1.42	1	2.84	32.14	27.51	35.12	400.01	382.85	9.274	12.630	19.27	26.24	400.4	1698	0	100	6.96	0.0489	1.0	-0.22	2.74	1.00	0.00	0.16	111115
208	"11:13:02"	20180720	201	0	10.5	0.0942	188	2.27	2.43	27.52	6	1.42	1	2.84	32.15	27.52	35.12	400.00	382.90	9.273	12.631	19.26	26.24	400.4	1697	0	100	6.96	0.0489	1.0	-0.22	2.74	1.00	0.00	0.16	111115
209	"11:13:03"	20180720	201	0	10.5	0.0941	188	2.27	2.43	27.53	6	1.42	1	2.84	32.15	27.53	35.12	399.98	382.94	9.274	12.630	19.26	26.23	400.4	1697	0	100	6.96	0.0489	1.0	-0.22	2.74	1.00	0.00	0.16	111115
210	"11:13:03"	20180720	201	0	10.5	0.094	188	2.27	2.43	27.54	6	1.42	1	2.84	32.16	27.54	35.12	399.99	382.95	9.275	12.629	19.26	26.22	400.4	1698	0	100	6.96	0.0489	1.0	-0.22	2.74	1.00	0.00	0.16	111115
211	"11:13:04"	20180720	201	0	10.5	0.0939	187	2.27	2.43	27.56	6	1.42	1	2.84	32.16	27.56	35.12	400.01	382.93	9.275	12.631	19.25	26.22	400.4	1698	0	100	6.96	0.0489	1.0	-0.22	2.74	1.00	0.00	0.16	111115
212	"11:13:04"	20180720	201	0	10.5	0.0939	187	2.27	2.44	27.57	6	1.42	1	2.84	32.16	27.57	35.12	400.02	382.93	9.274	12.633	19.25	26.22	400.4	1699	0	100	6.96	0.0489	1.0	-0.22	2.74	1.00	0.00	0.16	111115
213	"11:13:05"	20180720	201	0	10.6	0.0938	186	2.27	2.44	27.57	6	1.42	1	2.84	32.17	27.57	35.12	400.08	382.92	9.275	12.633	19.25	26.21	400.4	1700	0	100	6.96	0.0489	1.0	-0.22	2.74	1.00	0.00	0.16	111115
214	"11:13:05"	20180720	201	0	10.6	0.0937	186	2.27	2.44	27.58	6	1.42	1	2.84	32.17	27.58	35.12	400.11	382.94	9.276	12.630	19.24	26.20	400.4	1701	0	100	6.96	0.0489	1.0	-0.22	2.74	1.00	0.00	0.16	111115
215	"11:13:06"	20180720	201	0	10.6	0.0936	185	2.27	2.44	27.58	6	1.42	1	2.84	32.18	27.58	35.12	400.11	382.92	9.277	12.631	19.24	26.20	400.4	1701	0	100	6.96	0.0489	1.0	-0.22	2.74	1.00	0.00	0.16	111115
216	"11:13:06"	20180720	201	0	10.6	0.0936	185	2.27	2.44	27.58	6	1.42	1	2.84	32.18	27.58	35.12	400.15	382.90	9.277	12.631	19.24	26.19	400.4	1700	0	100	6.96	0.0489	1.0	-0.22	2.74	1.00	0.00	0.16	111115
217	"11:13:07"	20180720	201	0	10.7	0.0935	184	2.27	2.44	27.59	6	1.42	1	2.84	32.18	27.59	35.12	400.18	382.91	9.277	12.632	19.23	26.18	400.4	1699	0	100	6.96	0.0489	1.0	-0.22	2.74	1.00	0.00	0.16	111115
218	"11:13:07"	20180720	201	0	10.6	0.0935	185	2.27	2.44	27.61	6	1.42	1	2.84	32.19	27.61	35.12	400.15	382.99	9.277	12.634	19.22	26.18	400.4	1696	0	100	6.96	0.0489	1.0	-0.22	2.74	1.00	0.00	0.16	111115
219	"11:13:08"	20180720	201	0	10.5	0.0933	186	2.27	2.45	27.62	6	1.42	1	2.84	32.20	27.62	35.12	400.15	383.05	9.279	12.633	19.22	26.17	400.3	1695	0	100	6.96	0.0489	1.0	-0.22	2.74	1.00	0.00	0.16	111115
220	"11:13:09"	20180720	201	0	10.5	0.0931	186	2.27	2.45	27.63	6	1.42	1	2.84	32.20	27.63	35.11	400.11	383.08	9.280	12.633	19.22	26.16	400.3	1694	0	100	6.96	0.0489	1.0	-0.22	2.74	1.00	0.00	0.16	111115
221	"11:13:09"	20180720	201	0	10.5	0.0931	186	2.27	2.45	27.63	6	1.42	1	2.84	32.20	27.63	35.11	400.10	383.05	9.280	12.634	19.22	26.16	400.3	1692	0	100	6.96	0.0489	1.0	-0.22	2.74	1.00	0.00	0.16	111115
222	"11:13:10"	20180720	201	0	10.5	0.0931	186	2.27	2.45	27.64	6	1.42	1	2.84	32.21	27.64	35.11	400.11	383.07	9.280	12.634	19.21	26.16	400.3	1690	0	100	6.96	0.0489	1.0	-0.22	2.74	1.00	0.00	0.16	111115
223	"11:13:10"	20180720	201	0	10.5	0.0931	186	2.27	2.45	27.65	6	1.42	1	2.84	32.21	27.65	35.11	400.10	383.06	9.280	12.634	19.21	26.15	400.3	1691	0	100	6.96	0.0489	1.0	-0.22	2.74	1.00	0.00	0.16	111115
224	"11:13:11"	20180720	201	0	10.5	0.0929	185	2.26	2.45	27.65	6	1.42	1	2.84	32.21	27.65	35.10	400.12	383.04	9.280	12.631	19.21	26.14	400.3	1693	0	100	6.96	0.0489	1.0	-0.22	2.74	1.00	0.00	0.16	111115
225	"11:13:11"	20180720	201	0	10.6	0.093	185	2.27	2.45	27.65	6	1.42	1	2.84	32.21	27.65	35.10	400.13	383.02	9.280	12.633	19.20	26.14	400.3	1695	0	100	6.96	0.0489	1.0	-0.22	2.74	1.00	0.00	0.16	111115
226	"11:13:12"	20180720	201	0	10.6	0.093	184	2.27	2.45	27.65	6	1.42	1	2.84	32.21	27.65	35.09	400.15	382.97	9.279	12.632	19.20	26.14	400.4	1696	0	100	6.96	0.0489	1.0	-0.22	2.74	1.00	0.00	0.16	111115
227	"11:13:12"	20180720	201	0	10.6	0.0929	183	2.27	2.46	27.66	6	1.42	1	2.84	32.22	27.66	35.09	400.15	382.93	9.278	12.631	19.20	26.14	400.4	1696	0	100	6.96	0.0489	1.0	-0.22	2.74	1.00	0.00	0.16	111115
"11:13:27 Coolers: Tblock -> 40.00 C"
"11:13:46 Lamp: ParIn ->  1700 uml"
"11:13:46 CO2 Mixer: CO2R -> 400 uml"
"11:13:46 Coolers: Tblock -> 40.00 C"
"11:13:46 Flow: Fixed -> 400 umol/s"
228	"11:16:19"	20180720	201	0	10.2	0.0878	178	2.51	2.87	29.65	6	1.42	1	2.84	35.85	29.65	40.27	400.09	383.29	9.293	13.012	15.70	21.98	400.3	1701	0	100	6.96	0.0489	1.0	-0.22	2.74	1.00	0.00	0.16	111115
229	"11:16:19"	20180720	201	0	10.2	0.0878	178	2.51	2.87	29.65	6	1.42	1	2.84	35.85	29.65	40.27	400.09	383.29	9.293	13.012	15.70	21.98	400.3	1701	0	100	6.96	0.0489	1.0	-0.22	2.74	1.00	0.00	0.16	111115
230	"11:16:20"	20180720	201	0	10.3	0.0876	177	2.52	2.88	29.67	6	1.42	1	2.84	35.87	29.67	40.28	400.15	383.28	9.293	13.016	15.68	21.96	400.3	1701	0	100	6.96	0.0489	1.0	-0.22	2.74	1.00	0.00	0.16	111115
231	"11:16:20"	20180720	201	0	10.3	0.0874	176	2.52	2.89	29.70	6	1.42	1	2.84	35.90	29.70	40.29	400.19	383.29	9.294	13.016	15.66	21.94	400.3	1701	0	100	6.96	0.0489	1.0	-0.22	2.74	1.00	0.00	0.16	111115
232	"11:16:21"	20180720	201	0	10.3	0.0873	176	2.52	2.89	29.73	6	1.42	1	2.84	35.92	29.73	40.30	400.25	383.32	9.294	13.019	15.65	21.92	400.3	1701	0	100	6.96	0.0489	1.0	-0.22	2.74	1.00	0.00	0.16	111115
233	"11:16:21"	20180720	201	0	10.4	0.0872	175	2.52	2.9	29.75	6	1.42	1	2.84	35.94	29.75	40.30	400.28	383.32	9.294	13.020	15.63	21.89	400.3	1701	0	100	6.96	0.0489	1.0	-0.22	2.74	1.00	0.00	0.16	111115
234	"11:16:22"	20180720	201	0	10.4	0.0872	175	2.52	2.9	29.75	6	1.42	1	2.84	35.94	29.75	40.30	400.28	383.32	9.294	13.020	15.63	21.89	400.3	1701	0	100	6.96	0.0489	1.0	-0.22	2.74	1.00	0.00	0.16	111115
235	"11:16:22"	20180720	201	0	10.3	0.0872	175	2.52	2.9	29.77	6	1.42	1	2.84	35.96	29.77	40.30	400.31	383.36	9.292	13.026	15.61	21.88	400.3	1700	0	100	6.96	0.0489	1.0	-0.22	2.74	1.00	0.00	0.16	111115
236	"11:16:22"	20180720	201	0	10.3	0.0871	176	2.53	2.91	29.79	6	1.42	1	2.84	35.98	29.79	40.30	400.33	383.42	9.292	13.029	15.59	21.86	400.3	1700	0	100	6.96	0.0489	1.0	-0.22	2.74	1.00	0.00	0.16	111115
237	"11:16:23"	20180720	201	0	10.3	0.087	176	2.53	2.91	29.80	6	1.42	1	2.84	36.00	29.80	40.29	400.32	383.45	9.293	13.030	15.58	21.84	400.3	1700	0	100	6.96	0.0489	1.0	-0.22	2.74	1.00	0.00	0.16	111115
238	"11:16:23"	20180720	201	0	10.3	0.0869	176	2.53	2.91	29.82	6	1.42	1	2.84	36.01	29.82	40.29	400.31	383.47	9.294	13.031	15.56	21.82	400.3	1700	0	100	6.96	0.0489	1.0	-0.22	2.74	1.00	0.00	0.16	111115
239	"11:16:24"	20180720	201	0	10.3	0.0869	176	2.53	2.91	29.82	6	1.42	1	2.84	36.01	29.82	40.29	400.31	383.47	9.294	13.031	15.56	21.82	400.3	1700	0	100	6.96	0.0489	1.0	-0.22	2.74	1.00	0.00	0.16	111115
240	"11:16:25"	20180720	201	0	10.2	0.0868	177	2.53	2.92	29.83	6	1.42	1	2.84	36.03	29.83	40.28	400.29	383.50	9.295	13.033	15.55	21.80	400.3	1700	0	100	6.96	0.0489	1.0	-0.22	2.74	1.00	0.00	0.16	111115
241	"11:16:25"	20180720	201	0	10.2	0.0867	177	2.53	2.92	29.87	6	1.42	1	2.84	36.06	29.87	40.26	400.27	383.49	9.295	13.037	15.52	21.77	400.3	1700	0	100	6.96	0.0489	1.0	-0.22	2.74	1.00	0.00	0.16	111115
242	"11:16:25"	20180720	201	0	10.2	0.0868	177	2.53	2.93	29.87	6	1.42	1	2.84	36.08	29.87	40.24	400.26	383.53	9.296	13.041	15.51	21.76	400.3	1700	0	100	6.96	0.0489	1.0	-0.22	2.74	1.00	0.00	0.16	111115
243	"11:16:26"	20180720	201	0	10.2	0.0867	176	2.53	2.93	29.89	6	1.42	1	2.84	36.09	29.89	40.23	400.29	383.50	9.296	13.043	15.50	21.75	400.3	1700	0	100	6.96	0.0489	1.0	-0.22	2.74	1.00	0.00	0.16	111115
244	"11:16:26"	20180720	201	0	10.2	0.0867	176	2.53	2.93	29.89	6	1.42	1	2.84	36.09	29.89	40.23	400.29	383.50	9.296	13.043	15.50	21.75	400.3	1700	0	100	6.96	0.0489	1.0	-0.22	2.74	1.00	0.00	0.16	111115
245	"11:16:26"	20180720	201	0	10.2	0.0867	177	2.53	2.93	29.89	6	1.42	1	2.84	36.10	29.89	40.22	400.27	383.51	9.296	13.044	15.49	21.74	400.3	1700	0	100	6.96	0.0489	1.0	-0.22	2.74	1.00	0.00	0.16	111115
246	"11:16:27"	20180720	201	0	10.2	0.0867	177	2.54	2.93	29.90	6	1.42	1	2.84	36.11	29.90	40.21	400.27	383.54	9.296	13.048	15.48	21.73	400.3	1700	0	100	6.96	0.0489	1.0	-0.22	2.74	1.00	0.00	0.16	111115
247	"11:16:27"	20180720	201	0	10.2	0.0867	177	2.54	2.93	29.91	6	1.42	1	2.84	36.13	29.91	40.20	400.29	383.55	9.296	13.051	15.47	21.72	400.3	1700	0	100	6.96	0.0489	1.0	-0.22	2.74	1.00	0.00	0.16	111115
248	"11:16:28"	20180720	201	0	10.2	0.0867	177	2.54	2.93	29.91	6	1.42	1	2.84	36.13	29.91	40.20	400.29	383.55	9.296	13.051	15.47	21.72	400.3	1700	0	100	6.96	0.0489	1.0	-0.22	2.74	1.00	0.00	0.16	111115
249	"11:16:28"	20180720	201	0	10.2	0.0867	177	2.54	2.94	29.92	6	1.42	1	2.84	36.14	29.92	40.19	400.31	383.55	9.295	13.053	15.46	21.71	400.3	1700	0	100	6.96	0.0489	1.0	-0.22	2.74	1.00	0.00	0.16	111115
"11:16:42 Coolers: Tblock -> 45.00 C"
250	"11:19:51"	20180720	201	0	9.61	0.0724	150	2.89	3.96	33.93	6	1.42	1	2.84	41.18	33.93	45.08	399.99	383.93	9.364	13.636	11.87	17.28	400.3	1699	0	100	6.96	0.0489	1.0	-0.22	2.74	1.00	0.00	0.16	111115
251	"11:19:52"	20180720	201	0	9.61	0.0724	150	2.89	3.96	33.93	6	1.42	1	2.84	41.18	33.93	45.08	399.99	383.93	9.364	13.636	11.87	17.28	400.3	1699	0	100	6.96	0.0489	1.0	-0.22	2.74	1.00	0.00	0.16	111115
252	"11:19:52"	20180720	201	0	9.61	0.0724	150	2.89	3.96	33.93	6	1.42	1	2.84	41.18	33.93	45.08	399.99	383.93	9.364	13.636	11.87	17.28	400.3	1699	0	100	6.96	0.0489	1.0	-0.22	2.74	1.00	0.00	0.16	111115
253	"11:19:52"	20180720	201	0	9.6	0.0722	149	2.89	3.96	33.95	6	1.42	1	2.84	41.18	33.95	45.08	399.98	383.93	9.364	13.635	11.87	17.28	400.3	1699	0	100	6.96	0.0489	1.0	-0.22	2.74	1.00	0.00	0.16	111115
254	"11:19:53"	20180720	201	0	9.59	0.0721	149	2.89	3.97	33.97	6	1.42	1	2.84	41.18	33.97	45.08	399.98	383.94	9.364	13.633	11.86	17.27	400.3	1699	0	100	6.96	0.0489	1.0	-0.22	2.74	1.00	0.00	0.16	111115
255	"11:19:53"	20180720	201	0	9.62	0.0721	148	2.89	3.97	33.98	6	1.42	1	2.84	41.18	33.98	45.08	400.00	383.92	9.364	13.635	11.86	17.27	400.3	1699	0	100	6.96	0.0489	1.0	-0.22	2.74	1.00	0.00	0.16	111115
256	"11:19:53"	20180720	201	0	9.62	0.0721	148	2.89	3.97	33.98	6	1.42	1	2.84	41.18	33.98	45.08	400.00	383.92	9.364	13.635	11.86	17.27	400.3	1699	0	100	6.96	0.0489	1.0	-0.22	2.74	1.00	0.00	0.16	111115
257	"11:19:54"	20180720	201	0	9.63	0.0721	148	2.89	3.97	33.98	6	1.42	1	2.84	41.19	33.98	45.08	400.03	383.94	9.365	13.636	11.86	17.27	400.3	1699	0	100	6.96	0.0489	1.0	-0.22	2.74	1.00	0.00	0.16	111115
258	"11:19:54"	20180720	201	0	9.58	0.0721	149	2.89	3.97	33.98	6	1.42	1	2.84	41.19	33.98	45.08	400.01	383.99	9.365	13.635	11.86	17.27	400.3	1699	0	100	6.96	0.0489	1.0	-0.22	2.74	1.00	0.00	0.16	111115
259	"11:19:55"	20180720	201	0	9.59	0.072	149	2.89	3.97	33.99	6	1.42	1	2.84	41.19	33.99	45.08	400.00	383.97	9.364	13.635	11.86	17.26	400.3	1699	0	100	6.96	0.0489	1.0	-0.22	2.74	1.00	0.00	0.16	111115
260	"11:19:55"	20180720	201	0	9.6	0.072	149	2.89	3.98	33.99	6	1.42	1	2.84	41.20	33.99	45.08	400.00	383.95	9.364	13.635	11.86	17.26	400.3	1699	0	100	6.96	0.0489	1.0	-0.22	2.74	1.00	0.00	0.16	111115
261	"11:19:55"	20180720	201	0	9.6	0.072	149	2.89	3.98	33.99	6	1.42	1	2.84	41.20	33.99	45.08	400.00	383.95	9.364	13.635	11.86	17.26	400.3	1699	0	100	6.96	0.0489	1.0	-0.22	2.74	1.00	0.00	0.16	111115
262	"11:19:56"	20180720	201	0	9.61	0.0721	149	2.89	3.97	33.98	6	1.42	1	2.84	41.20	33.98	45.08	400.01	383.94	9.364	13.637	11.85	17.26	400.3	1699	0	100	6.96	0.0489	1.0	-0.22	2.74	1.00	0.00	0.16	111115
263	"11:19:56"	20180720	201	0	9.6	0.0721	149	2.89	3.97	33.98	6	1.42	1	2.84	41.20	33.98	45.08	400.00	383.95	9.364	13.638	11.85	17.26	400.3	1699	0	100	6.96	0.0489	1.0	-0.22	2.74	1.00	0.00	0.16	111115
264	"11:19:57"	20180720	201	0	9.62	0.0722	149	2.89	3.97	33.97	6	1.42	1	2.84	41.21	33.97	45.08	400.00	383.93	9.365	13.639	11.85	17.26	400.3	1699	0	100	6.96	0.0489	1.0	-0.22	2.74	1.00	0.00	0.16	111115
265	"11:19:57"	20180720	201	0	9.62	0.0722	149	2.89	3.97	33.97	6	1.42	1	2.84	41.21	33.97	45.08	400.00	383.93	9.365	13.639	11.85	17.26	400.3	1699	0	100	6.96	0.0489	1.0	-0.22	2.74	1.00	0.00	0.16	111115
266	"11:19:57"	20180720	201	0	9.59	0.0722	149	2.89	3.97	33.97	6	1.42	1	2.84	41.21	33.97	45.08	399.98	383.94	9.365	13.639	11.85	17.25	400.3	1699	0	100	6.96	0.0489	1.0	-0.22	2.74	1.00	0.00	0.16	111115
267	"11:19:58"	20180720	201	0	9.57	0.0722	150	2.89	3.97	33.97	6	1.42	1	2.84	41.21	33.97	45.08	399.95	383.94	9.364	13.639	11.84	17.25	400.3	1699	0	100	6.96	0.0489	1.0	-0.22	2.74	1.00	0.00	0.16	111115
268	"11:19:58"	20180720	201	0	9.59	0.0722	149	2.89	3.97	33.98	6	1.42	1	2.84	41.22	33.98	45.08	399.97	383.93	9.365	13.640	11.84	17.25	400.3	1699	0	100	6.96	0.0489	1.0	-0.22	2.74	1.00	0.00	0.16	111115
269	"11:19:58"	20180720	201	0	9.59	0.0722	149	2.89	3.97	33.98	6	1.42	1	2.84	41.22	33.98	45.08	399.97	383.93	9.365	13.640	11.84	17.25	400.3	1699	0	100	6.96	0.0489	1.0	-0.22	2.74	1.00	0.00	0.16	111115
270	"11:19:59"	20180720	201	0	9.62	0.0721	149	2.89	3.97	33.98	6	1.42	1	2.84	41.22	33.98	45.08	399.98	383.90	9.366	13.642	11.84	17.25	400.3	1699	0	100	6.96	0.0489	1.0	-0.22	2.74	1.00	0.00	0.16	111115
271	"11:19:59"	20180720	201	0	9.57	0.0721	149	2.89	3.98	33.99	6	1.42	1	2.84	41.22	33.99	45.08	399.94	383.94	9.366	13.641	11.84	17.25	400.3	1699	0	100	6.96	0.0489	1.0	-0.22	2.74	1.00	0.00	0.16	111115
272	"11:20:00"	20180720	201	0	9.55	0.0721	150	2.89	3.98	33.99	6	1.42	1	2.84	41.22	33.99	45.08	399.92	383.95	9.367	13.641	11.84	17.24	400.3	1699	0	100	6.96	0.0489	1.0	-0.22	2.74	1.00	0.00	0.16	111115
273	"11:20:00"	20180720	201	0	9.55	0.0721	150	2.89	3.98	33.99	6	1.42	1	2.84	41.22	33.99	45.08	399.92	383.95	9.367	13.641	11.84	17.24	400.3	1699	0	100	6.96	0.0489	1.0	-0.22	2.74	1.00	0.00	0.16	111115
274	"11:20:00"	20180720	201	0	9.53	0.0721	150	2.89	3.98	33.99	6	1.42	1	2.84	41.23	33.99	45.08	399.89	383.94	9.366	13.642	11.84	17.24	400.3	1699	0	100	6.96	0.0489	1.0	-0.22	2.74	1.00	0.00	0.16	111115
275	"11:20:01"	20180720	201	0	9.52	0.0721	151	2.89	3.98	34.00	6	1.42	1	2.84	41.23	34.00	45.08	399.90	383.97	9.366	13.642	11.84	17.24	400.3	1699	0	100	6.96	0.0489	1.0	-0.22	2.74	1.00	0.00	0.16	111115
276	"11:20:01"	20180720	201	0	9.53	0.072	150	2.89	3.98	34.00	6	1.42	1	2.84	41.23	34.00	45.08	399.93	383.98	9.367	13.641	11.84	17.24	400.3	1699	0	100	6.96	0.0489	1.0	-0.22	2.74	1.00	0.00	0.16	111115
"11:20:11 Coolers: Tblock -> 50.00 C"
"11:25:46 Coolers: Tblock -> 49.76 C"
277	"11:26:02"	20180720	201	0	8.37	0.0559	120	3.07	5.37	38.32	6	1.42	1	2.84	45.68	38.32	49.76	400.02	385.70	9.479	14.016	9.50	14.04	400.3	1700	0	100	6.96	0.0489	1.0	-0.22	2.74	1.00	0.00	0.16	111115
278	"11:26:02"	20180720	201	0	8.37	0.0559	120	3.07	5.37	38.32	6	1.42	1	2.84	45.68	38.32	49.76	400.02	385.70	9.479	14.016	9.50	14.04	400.3	1700	0	100	6.96	0.0489	1.0	-0.22	2.74	1.00	0.00	0.16	111115
279	"11:26:02"	20180720	201	0	8.4	0.0558	118	3.07	5.38	38.34	6	1.42	1	2.84	45.68	38.34	49.76	400.06	385.69	9.480	14.016	9.50	14.04	400.3	1700	0	100	6.96	0.0489	1.0	-0.22	2.74	1.00	0.00	0.16	111115
280	"11:26:03"	20180720	201	0	8.4	0.0558	118	3.07	5.38	38.34	6	1.42	1	2.84	45.68	38.34	49.76	400.06	385.69	9.480	14.016	9.50	14.04	400.3	1700	0	100	6.96	0.0489	1.0	-0.22	2.74	1.00	0.00	0.16	111115
281	"11:26:03"	20180720	201	0	8.41	0.0559	118	3.07	5.37	38.33	6	1.42	1	2.84	45.69	38.33	49.76	400.09	385.71	9.479	14.018	9.50	14.04	400.3	1700	0	100	6.96	0.0489	1.0	-0.22	2.74	1.00	0.00	0.16	111115
282	"11:26:04"	20180720	201	0	8.42	0.0559	118	3.07	5.38	38.33	6	1.42	1	2.84	45.69	38.33	49.76	400.12	385.73	9.480	14.018	9.49	14.04	400.3	1700	0	100	6.96	0.0489	1.0	-0.22	2.74	1.00	0.00	0.16	111115
283	"11:26:04"	20180720	201	0	8.45	0.0559	117	3.07	5.38	38.33	6	1.42	1	2.84	45.69	38.33	49.76	400.16	385.71	9.480	14.019	9.49	14.04	400.3	1700	0	100	6.96	0.0489	1.0	-0.22	2.74	1.00	0.00	0.16	111115
284	"11:26:04"	20180720	201	0	8.46	0.0558	117	3.07	5.38	38.35	6	1.42	1	2.84	45.70	38.35	49.76	400.19	385.74	9.481	14.022	9.49	14.04	400.3	1700	0	100	6.96	0.0489	1.0	-0.22	2.74	1.00	0.00	0.16	111115
285	"11:26:05"	20180720	201	0	8.44	0.0557	117	3.07	5.39	38.38	6	1.42	1	2.84	45.70	38.38	49.76	400.20	385.77	9.482	14.023	9.49	14.04	400.3	1700	0	100	6.96	0.0489	1.0	-0.22	2.74	1.00	0.00	0.16	111115
286	"11:26:05"	20180720	201	0	8.44	0.0557	117	3.07	5.39	38.38	6	1.42	1	2.84	45.70	38.38	49.76	400.20	385.77	9.482	14.023	9.49	14.04	400.3	1700	0	100	6.96	0.0489	1.0	-0.22	2.74	1.00	0.00	0.16	111115
287	"11:26:06"	20180720	201	0	8.44	0.0557	117	3.07	5.39	38.38	6	1.42	1	2.84	45.70	38.38	49.76	400.21	385.79	9.482	14.023	9.49	14.04	400.3	1700	0	100	6.96	0.0489	1.0	-0.22	2.74	1.00	0.00	0.16	111115
288	"11:26:06"	20180720	201	0	8.41	0.0558	118	3.07	5.39	38.37	6	1.42	1	2.84	45.70	38.37	49.76	400.18	385.80	9.483	14.025	9.49	14.04	400.2	1700	0	100	6.96	0.0489	1.0	-0.22	2.74	1.00	0.00	0.16	111115
289	"11:26:06"	20180720	201	0	8.39	0.0558	118	3.07	5.39	38.38	6	1.42	1	2.84	45.71	38.38	49.76	400.19	385.83	9.483	14.027	9.49	14.04	400.3	1700	0	100	6.96	0.0489	1.0	-0.22	2.74	1.00	0.00	0.16	111115
290	"11:26:07"	20180720	201	0	8.39	0.0558	118	3.07	5.39	38.38	6	1.42	1	2.84	45.71	38.38	49.76	400.19	385.83	9.483	14.027	9.49	14.04	400.3	1700	0	100	6.96	0.0489	1.0	-0.22	2.74	1.00	0.00	0.16	111115
291	"11:26:07"	20180720	201	0	8.38	0.0557	118	3.07	5.4	38.40	6	1.42	1	2.84	45.71	38.40	49.76	400.19	385.85	9.483	14.027	9.49	14.04	400.3	1700	0	100	6.96	0.0489	1.0	-0.22	2.74	1.00	0.00	0.16	111115
292	"11:26:07"	20180720	201	0	8.36	0.0557	119	3.08	5.4	38.40	6	1.42	1	2.84	45.71	38.40	49.76	400.18	385.87	9.483	14.030	9.49	14.04	400.3	1700	0	100	6.96	0.0489	1.0	-0.22	2.74	1.00	0.00	0.16	111115
293	"11:26:08"	20180720	201	0	8.3	0.0556	120	3.08	5.41	38.43	6	1.42	1	2.84	45.71	38.43	49.76	400.15	385.93	9.483	14.031	9.49	14.04	400.3	1701	0	100	6.96	0.0489	1.0	-0.22	2.74	1.00	0.00	0.16	111115
294	"11:26:08"	20180720	201	0	8.3	0.0556	120	3.08	5.41	38.43	6	1.42	1	2.84	45.71	38.43	49.76	400.15	385.93	9.483	14.031	9.49	14.04	400.3	1701	0	100	6.96	0.0489	1.0	-0.22	2.74	1.00	0.00	0.16	111115
295	"11:26:09"	20180720	201	0	8.3	0.0556	120	3.08	5.41	38.43	6	1.42	1	2.84	45.71	38.43	49.76	400.16	385.94	9.483	14.031	9.49	14.03	400.3	1701	0	100	6.96	0.0489	1.0	-0.22	2.74	1.00	0.00	0.16	111115
