"OPEN 6.3.4"
"Mon Jul 23 2018 08:39:41"
<open><version>"6.3.4"</version></open>
<open><configfile>"/User/Configs/UserPrefs/LED2x3.xml"</configfile></open>
<open><light><source>"6400-02 or -02B LED Source"</source><par_in>1<sensor>"SI-2503"<cal>-0.86<actinity>1.00</actinity><transm>1.00</transm></cal></sensor><transm>1</transm></par_in><par_out>1<sensor>"Q40491"<cal>6.5</cal></sensor></par_out></light></open>
<open><comps><file>"/User/Configs/Comps/StdComps_6.1"<header>""</header><extras></extras></file><energybal>no<f_parIn>1</f_parIn><f_parOut>0</f_parOut><alphaK>0.16</alphaK></energybal><bc_total>2.840<stomatal_ratio>1</stomatal_ratio><bc_oneside>1.420<type>2</type><table>"/Sys/Lib/StdBLCTable"</table><area>6</area><slope>-0.219565</slope><offset>2.73739</offset><fan>5</fan></bc_oneside></bc_total></comps></open>
<open><prompts><onlog>off</onlog><items>"Default (none)"</items></prompts></open>
<open><constants><oxygen>21 %</oxygen><bb_vapor>1.5</bb_vapor><bb_oxy>0.9</bb_oxy></constants></open>
<open><stability><items>"Std Stability"<items[1]><id>-2</id><size>15</size><pcv><onoff>0</onoff><value>1</value></pcv><std><onoff>0</onoff><value>1</value></std><slp><onoff>1</onoff><value>1</value></slp></items[1]><items[2]><id>-5</id><size>15</size><pcv><onoff>0</onoff><value>1</value></pcv><std><onoff>0</onoff><value>1</value></std><slp><onoff>1</onoff><value>1</value></slp></items[2]><items[3]><id>-7</id><size>15</size><pcv><onoff>0</onoff><value>1</value></pcv><std><onoff>0</onoff><value>1</value></std><slp><onoff>1</onoff><value>1</value></slp></items[3]></items></stability></open>
<open><log><format>"StdLogFmt_6.0"<items>{ -35 -21 -70 -69 -76 30 23 36 21 25 221 -33 111 -34 11 -9 -10 -8 -1 -2 -4 -5 -14 -15 -7 -12 -13 -11 -65 -66 -72 -18 -19 -77 -78 -79 -23  }<hdr>{  }</hdr></items></format><options><beep>on</beep><match>"never"<time>30</time><co2>100</co2><delta>10</delta></match><hdr>normal</hdr><rem>normal</rem><stab>no</stab><stats>no<mean>no</mean><file>no</file><period>15</period></stats><excel>yes</excel><controls>yes</controls><comm>no</comm></options><datafile>"/User/0000-AAR7366-230718"</datafile><button><action>"Normal Log"<code>" LogOneObsManual "</code></action></button><autoprog>"/User/Configs/AutoProgs/AutoLog2"<active>no</active></autoprog></log></open>
<open><a2d><avgtime>4.0 secs</avgtime><userchans><ch20>"Off"</ch20><ch21>"Off"</ch21><ch22>"Off"</ch22><ch23>"Off"</ch23></userchans></a2d></open>
<open><matching><type>0</type><disp>'a'</disp><settings>><CO2Limit>10.0</CO2Limit><H2OLimit>1.0</H2OLimit><MaxAutoTime>60</MaxAutoTime><AverageTime>10</AverageTime></settings></matching></open>
<li6400><factory><unit>"PSC-2470"</unit><serviced>"5 Feb 2018"</serviced><fuseaware>0</fuseaware><co2mixer>yes</co2mixer><co2><coeffs>{ 0 0.214772 2.55802e-05 1.93228e-08 -3.02262e-12 2.75724e-16  }</coeffs><dvdt>-4</dvdt><xs>{ 9.11e-05 0.00178  }</xs></co2><h2o><coeffs>{ 0 0.00581526 2.16703e-06 7.69607e-12  }</coeffs><dvdt>-2.9</dvdt><xs>{ -0.000111 -0.00256  }</xs></h2o><flow>{ 0 0.3696  }</flow><press>{ 86.913 0.00551  }</press></factory></li6400>
<li6400><user><flow_zero>-42.6</flow_zero><irga_zero><co2>113.5 152.5<at>27.1329</at></co2><h2o>-3.5 -3.5<at>28.1091</at></h2o></irga_zero><irga_span><co2>{ 0.990134 0.992694  }</co2><h2o>{ 0.996743 0.99801  }</h2o></irga_span><irga_match><co2>{ 0.110267 9.98498  }</co2><h2o>{ -0.0816591 -0.00855508  }</h2o></irga_match><co2_mixer><pump_mv>4500</pump_mv><ppm>{ 2352.67 1117.67 439.284 266.3 121.188 70.6751 48.8233 48.8102  }</ppm><mv>{ 5000 3000 1500 1000 500 300 200 100  }</mv></co2_mixer><parin_offset>-0.211894</parin_offset><led_cal><unit>"SI-2503"</unit><mv>{ 10 25 50 100 1000 2000 3000 4000 5000  }</mv><qntm>{ 1.83047 9.20354 23.3042 57.5395 736.221 1467.2 2160.1 2821.48 3447.04  }</qntm></led_cal><lcf_cal><unit>"LCF-0981"</unit><red><mv>{ 50 100 200 400 800 1500  }</mv><qntm>{ 64.6036 145.758 312.409 661.73 1377.94 2641.23  }</qntm></red><blue><mv>{ 100 500 1000 2000 3000 4000 5000  }</mv><qntm>{ 11.107 44.4539 81.9578 145.168 203.372 256.093 300.56  }</qntm></blue></lcf_cal></user></li6400>
"08:39:43 "
$STARTOFDATA$
"Obs"	"HHMMSS"	"YYYYMMDD"	"DOY"	"EBal?"	"Photo"	"Cond"	"Ci"	"Trmmol"	"VpdL"	"CTleaf"	"Area"	"BLC_1"	"StmRat"	"BLCond"	"Tair"	"Tleaf"	"TBlk"	"CO2R"	"CO2S"	"H2OR"	"H2OS"	"RH_R"	"RH_S"	"Flow"	"PARi"	"PARo"	"Press"	"CsMch"	"HsMch"	"StableF"	"BLCslope"	"BLCoffst"	"f_parin"	"f_parout"	"alphaK"	"Status"
"08:45:09 Flow: Fixed -> 200 umol/s"
"08:46:59 Coolers: Tblock -> 0.00 C"
"09:06:53 Coolers: Tblock -> 1.37 C"
"09:07:24 Flow: Fixed -> 200 umol/s"
1	"09:07:41"	20180723	204	0	3.47	0.0797	313	0.591	0.757	7.48	6	1.42	1	2.84	3.52	7.48	1.47	399.76	388.64	1.050	2.820	13.30	35.72	199.8	1701	1	100.1	6.61	0.0513	1.0	-0.22	2.74	1.00	0.00	0.16	111115
2	"09:07:41"	20180723	204	0	3.47	0.0797	313	0.591	0.757	7.48	6	1.42	1	2.84	3.52	7.48	1.47	399.76	388.64	1.050	2.820	13.30	35.72	199.8	1701	1	100.1	6.61	0.0513	1.0	-0.22	2.74	1.00	0.00	0.16	111115
3	"09:07:41"	20180723	204	0	3.46	0.0796	313	0.591	0.758	7.49	6	1.42	1	2.84	3.52	7.49	1.47	399.71	388.63	1.050	2.819	13.31	35.72	199.8	1701	2	100.1	6.61	0.0513	1.0	-0.22	2.74	1.00	0.00	0.16	111115
4	"09:07:42"	20180723	204	0	3.44	0.0793	313	0.59	0.761	7.53	6	1.42	1	2.84	3.52	7.53	1.47	399.66	388.65	1.051	2.819	13.31	35.71	199.8	1701	2	100.1	6.61	0.0513	1.0	-0.22	2.74	1.00	0.00	0.16	111115
5	"09:07:42"	20180723	204	0	3.44	0.0793	313	0.59	0.761	7.53	6	1.42	1	2.84	3.52	7.53	1.47	399.66	388.65	1.051	2.819	13.31	35.71	199.8	1701	2	100.1	6.61	0.0513	1.0	-0.22	2.74	1.00	0.00	0.16	111115
6	"09:07:42"	20180723	204	0	3.42	0.079	313	0.59	0.763	7.56	6	1.42	1	2.84	3.52	7.56	1.47	399.62	388.66	1.051	2.818	13.31	35.70	199.8	1701	2	100.1	6.61	0.0513	1.0	-0.22	2.74	1.00	0.00	0.16	111115
7	"09:07:43"	20180723	204	0	3.4	0.0789	314	0.59	0.765	7.58	6	1.42	1	2.84	3.52	7.58	1.47	399.55	388.65	1.050	2.818	13.30	35.70	199.8	1701	2	100.1	6.61	0.0513	1.0	-0.22	2.74	1.00	0.00	0.16	111115
8	"09:07:43"	20180723	204	0	3.4	0.079	314	0.591	0.764	7.58	6	1.42	1	2.84	3.52	7.58	1.47	399.53	388.65	1.050	2.818	13.30	35.71	199.8	1701	2	100.1	6.61	0.0513	1.0	-0.22	2.74	1.00	0.00	0.16	111115
9	"09:07:44"	20180723	204	0	3.4	0.079	314	0.591	0.764	7.58	6	1.42	1	2.84	3.52	7.58	1.47	399.53	388.65	1.050	2.818	13.30	35.71	199.8	1701	2	100.1	6.61	0.0513	1.0	-0.22	2.74	1.00	0.00	0.16	111115
10	"09:07:44"	20180723	204	0	3.39	0.0792	314	0.59	0.762	7.54	6	1.42	1	2.84	3.52	7.54	1.47	399.55	388.69	1.051	2.819	13.31	35.71	199.8	1701	2	100.1	6.61	0.0513	1.0	-0.22	2.74	1.00	0.00	0.16	111115
11	"09:07:44"	20180723	204	0	3.38	0.0792	315	0.59	0.761	7.53	6	1.42	1	2.84	3.52	7.53	1.47	399.51	388.69	1.050	2.817	13.31	35.69	199.8	1701	1	100.1	6.61	0.0513	1.0	-0.22	2.74	1.00	0.00	0.16	111115
12	"09:07:45"	20180723	204	0	3.39	0.0792	314	0.59	0.76	7.52	6	1.42	1	2.84	3.52	7.52	1.47	399.52	388.66	1.050	2.816	13.31	35.67	199.8	1701	1	100.1	6.61	0.0513	1.0	-0.22	2.74	1.00	0.00	0.16	111115
13	"09:07:45"	20180723	204	0	3.39	0.0792	314	0.59	0.76	7.52	6	1.42	1	2.84	3.52	7.52	1.47	399.52	388.66	1.050	2.816	13.31	35.67	199.8	1701	1	100.1	6.61	0.0513	1.0	-0.22	2.74	1.00	0.00	0.16	111115
14	"09:07:46"	20180723	204	0	3.39	0.0794	315	0.59	0.759	7.50	6	1.42	1	2.84	3.52	7.50	1.47	399.54	388.69	1.051	2.817	13.31	35.68	199.8	1701	1	100.1	6.61	0.0513	1.0	-0.22	2.74	1.00	0.00	0.16	111115
15	"09:07:46"	20180723	204	0	3.4	0.0797	314	0.59	0.757	7.47	6	1.42	1	2.84	3.52	7.47	1.47	399.55	388.65	1.050	2.817	13.31	35.69	199.8	1701	1	100.1	6.61	0.0513	1.0	-0.22	2.74	1.00	0.00	0.16	111115
16	"09:07:46"	20180723	204	0	3.41	0.0799	314	0.59	0.755	7.44	6	1.42	1	2.84	3.52	7.44	1.47	399.56	388.62	1.050	2.817	13.31	35.69	199.8	1701	1	100.1	6.61	0.0513	1.0	-0.22	2.74	1.00	0.00	0.16	111115
17	"09:07:47"	20180723	204	0	3.42	0.0799	314	0.59	0.754	7.43	6	1.42	1	2.84	3.52	7.43	1.47	399.58	388.62	1.051	2.817	13.31	35.69	199.8	1701	1	100.1	6.61	0.0513	1.0	-0.22	2.74	1.00	0.00	0.16	111115
"09:08:02 Coolers: Tblock -> 5.00 C"
"09:09:29 Flow: Fixed -> 200 umol/s"
18	"09:09:38"	20180723	204	0	3.79	0.0761	302	0.631	0.846	8.86	6	1.42	1	2.84	6.15	8.86	5.11	399.92	387.80	1.064	2.955	11.22	31.17	199.6	1700	2	100.1	6.4	0.0439	1.0	-0.22	2.74	1.00	0.00	0.16	111115
19	"09:09:39"	20180723	204	0	3.79	0.0761	302	0.631	0.846	8.86	6	1.42	1	2.84	6.15	8.86	5.11	399.92	387.80	1.064	2.955	11.22	31.17	199.6	1700	2	100.1	6.4	0.0439	1.0	-0.22	2.74	1.00	0.00	0.16	111115
20	"09:09:39"	20180723	204	0	3.78	0.076	302	0.631	0.847	8.87	6	1.42	1	2.84	6.15	8.87	5.11	399.89	387.78	1.062	2.954	11.21	31.16	199.6	1700	2	100.1	6.4	0.0439	1.0	-0.22	2.74	1.00	0.00	0.16	111115
21	"09:09:40"	20180723	204	0	3.79	0.076	301	0.632	0.848	8.88	6	1.42	1	2.84	6.15	8.88	5.11	399.84	387.72	1.061	2.954	11.19	31.15	199.6	1700	2	100.1	6.4	0.0439	1.0	-0.22	2.74	1.00	0.00	0.16	111115
22	"09:09:40"	20180723	204	0	3.79	0.076	301	0.632	0.848	8.88	6	1.42	1	2.84	6.15	8.88	5.11	399.84	387.72	1.061	2.954	11.19	31.15	199.6	1700	2	100.1	6.4	0.0439	1.0	-0.22	2.74	1.00	0.00	0.16	111115
23	"09:09:40"	20180723	204	0	3.78	0.076	302	0.632	0.849	8.90	6	1.42	1	2.84	6.15	8.90	5.11	399.79	387.69	1.060	2.954	11.18	31.16	199.6	1700	2	100.1	6.4	0.0439	1.0	-0.22	2.74	1.00	0.00	0.16	111115
24	"09:09:41"	20180723	204	0	3.76	0.076	302	0.632	0.849	8.90	6	1.42	1	2.84	6.15	8.90	5.11	399.76	387.71	1.060	2.955	11.18	31.16	199.6	1700	2	100.1	6.4	0.0439	1.0	-0.22	2.74	1.00	0.00	0.16	111115
25	"09:09:41"	20180723	204	0	3.77	0.0761	302	0.633	0.849	8.90	6	1.42	1	2.84	6.16	8.90	5.11	399.77	387.71	1.060	2.956	11.18	31.17	199.7	1700	2	100.1	6.4	0.0439	1.0	-0.22	2.74	1.00	0.00	0.16	111115
26	"09:09:42"	20180723	204	0	3.77	0.0761	302	0.633	0.849	8.90	6	1.42	1	2.84	6.16	8.90	5.11	399.77	387.71	1.060	2.956	11.18	31.17	199.7	1700	2	100.1	6.4	0.0439	1.0	-0.22	2.74	1.00	0.00	0.16	111115
27	"09:09:42"	20180723	204	0	3.78	0.0761	302	0.633	0.848	8.89	6	1.42	1	2.84	6.16	8.89	5.10	399.77	387.68	1.060	2.956	11.17	31.16	199.7	1700	2	100.1	6.4	0.0439	1.0	-0.22	2.74	1.00	0.00	0.16	111115
28	"09:09:42"	20180723	204	0	3.79	0.0762	302	0.633	0.847	8.87	6	1.42	1	2.84	6.16	8.87	5.10	399.79	387.68	1.060	2.955	11.17	31.15	199.7	1700	2	100.1	6.4	0.0439	1.0	-0.22	2.74	1.00	0.00	0.16	111115
29	"09:09:43"	20180723	204	0	3.8	0.0765	302	0.633	0.844	8.84	6	1.42	1	2.84	6.16	8.84	5.10	399.84	387.68	1.060	2.956	11.17	31.16	199.8	1700	2	100.1	6.4	0.0439	1.0	-0.22	2.74	1.00	0.00	0.16	111115
30	"09:09:43"	20180723	204	0	3.83	0.0768	301	0.633	0.841	8.80	6	1.42	1	2.84	6.16	8.80	5.10	399.87	387.64	1.060	2.955	11.17	31.14	199.8	1700	2	100.1	6.4	0.0439	1.0	-0.22	2.74	1.00	0.00	0.16	111115
31	"09:09:44"	20180723	204	0	3.83	0.0767	301	0.633	0.842	8.80	6	1.42	1	2.84	6.16	8.80	5.10	399.87	387.65	1.060	2.955	11.17	31.14	199.8	1700	2	100.1	6.4	0.0439	1.0	-0.22	2.74	1.00	0.00	0.16	111115
32	"09:09:44"	20180723	204	0	3.83	0.0767	301	0.633	0.842	8.81	6	1.42	1	2.84	6.17	8.81	5.10	399.86	387.63	1.060	2.955	11.17	31.14	199.8	1700	2	100.1	6.4	0.0439	1.0	-0.22	2.74	1.00	0.00	0.16	111115
"09:09:55 Coolers: Tblock -> 10.00 C"
"09:11:10 Flow: Fixed -> 200 umol/s"
33	"09:11:20"	20180723	204	0	4.03	0.0748	293	0.704	0.959	10.52	6	1.42	1	2.84	9.82	10.52	10.12	399.79	386.86	1.068	3.174	8.78	26.08	199.8	1699	2	100.1	6.35	0.0383	1.0	-0.22	2.74	1.00	0.00	0.16	111115
34	"09:11:20"	20180723	204	0	4.03	0.0748	293	0.704	0.959	10.52	6	1.42	1	2.84	9.82	10.52	10.12	399.79	386.86	1.068	3.174	8.78	26.08	199.8	1699	2	100.1	6.35	0.0383	1.0	-0.22	2.74	1.00	0.00	0.16	111115
35	"09:11:21"	20180723	204	0	4.03	0.0746	293	0.704	0.961	10.55	6	1.42	1	2.84	9.82	10.55	10.12	399.79	386.85	1.068	3.175	8.78	26.08	199.8	1699	2	100.1	6.35	0.0383	1.0	-0.22	2.74	1.00	0.00	0.16	111115
36	"09:11:21"	20180723	204	0	4.03	0.0746	293	0.704	0.961	10.55	6	1.42	1	2.84	9.82	10.55	10.12	399.79	386.85	1.068	3.175	8.78	26.08	199.8	1699	2	100.1	6.35	0.0383	1.0	-0.22	2.74	1.00	0.00	0.16	111115
37	"09:11:21"	20180723	204	0	4.04	0.0745	293	0.704	0.963	10.57	6	1.42	1	2.84	9.83	10.57	10.12	399.78	386.82	1.068	3.175	8.77	26.07	199.8	1699	2	100.1	6.35	0.0383	1.0	-0.22	2.74	1.00	0.00	0.16	111115
38	"09:11:22"	20180723	204	0	4.05	0.0745	293	0.704	0.963	10.57	6	1.42	1	2.84	9.83	10.57	10.12	399.78	386.80	1.069	3.176	8.77	26.07	199.8	1699	2	100.1	6.35	0.0383	1.0	-0.22	2.74	1.00	0.00	0.16	111115
39	"09:11:22"	20180723	204	0	4.06	0.0745	293	0.704	0.962	10.57	6	1.42	1	2.84	9.84	10.57	10.12	399.80	386.80	1.068	3.176	8.77	26.06	199.8	1699	2	100.1	6.35	0.0383	1.0	-0.22	2.74	1.00	0.00	0.16	111115
40	"09:11:23"	20180723	204	0	4.06	0.0746	293	0.705	0.962	10.56	6	1.42	1	2.84	9.84	10.56	10.12	399.82	386.81	1.069	3.178	8.77	26.07	199.8	1699	2	100.1	6.35	0.0383	1.0	-0.22	2.74	1.00	0.00	0.16	111115
41	"09:11:23"	20180723	204	0	4.06	0.0746	293	0.705	0.962	10.56	6	1.42	1	2.84	9.84	10.56	10.12	399.82	386.81	1.069	3.178	8.77	26.07	199.8	1699	2	100.1	6.35	0.0383	1.0	-0.22	2.74	1.00	0.00	0.16	111115
42	"09:11:23"	20180723	204	0	4.06	0.0746	292	0.705	0.963	10.57	6	1.42	1	2.84	9.85	10.57	10.11	399.81	386.80	1.068	3.179	8.76	26.07	199.8	1699	2	100.1	6.35	0.0383	1.0	-0.22	2.74	1.00	0.00	0.16	111115
43	"09:11:24"	20180723	204	0	4.07	0.0744	292	0.705	0.965	10.60	6	1.42	1	2.84	9.85	10.60	10.11	399.84	386.79	1.068	3.179	8.76	26.06	199.8	1699	1	100.1	6.35	0.0383	1.0	-0.22	2.74	1.00	0.00	0.16	111115
44	"09:11:24"	20180723	204	0	4.08	0.0743	292	0.705	0.967	10.62	6	1.42	1	2.84	9.86	10.62	10.11	399.87	386.81	1.068	3.180	8.75	26.06	199.8	1699	1	100.1	6.35	0.0383	1.0	-0.22	2.74	1.00	0.00	0.16	111115
45	"09:11:25"	20180723	204	0	4.1	0.0743	291	0.706	0.968	10.64	6	1.42	1	2.84	9.86	10.64	10.11	399.94	386.80	1.068	3.180	8.75	26.06	199.8	1699	2	100.1	6.35	0.0383	1.0	-0.22	2.74	1.00	0.00	0.16	111115
46	"09:11:25"	20180723	204	0	4.1	0.0743	291	0.706	0.968	10.64	6	1.42	1	2.84	9.86	10.64	10.11	399.94	386.80	1.068	3.180	8.75	26.06	199.8	1699	2	100.1	6.35	0.0383	1.0	-0.22	2.74	1.00	0.00	0.16	111115
47	"09:11:26"	20180723	204	0	4.21	0.0743	289	0.706	0.967	10.63	6	1.42	1	2.84	9.88	10.63	10.10	400.23	386.76	1.069	3.182	8.75	26.04	199.8	1699	1	100.1	6.35	0.0383	1.0	-0.22	2.74	1.00	0.00	0.16	111115
"09:11:45 Flow: Fixed -> 200 umol/s"
"09:11:51 Coolers: Tblock -> 15.00 C"
"09:14:22 Flow: Fixed -> 200 umol/s"
48	"09:14:24"	20180723	204	0	4.24	0.0667	276	0.796	1.21	13.67	6	1.42	1	2.84	14.27	13.67	15.09	399.46	385.80	1.216	3.597	7.45	22.04	199.9	1699	2	100.1	6.34	0.038	1.0	-0.22	2.74	1.00	0.00	0.16	111115
49	"09:14:24"	20180723	204	0	4.24	0.0667	276	0.796	1.21	13.67	6	1.42	1	2.84	14.27	13.67	15.09	399.46	385.80	1.216	3.597	7.45	22.04	199.9	1699	2	100.1	6.34	0.038	1.0	-0.22	2.74	1.00	0.00	0.16	111115
50	"09:14:25"	20180723	204	0	4.27	0.0675	276	0.807	1.21	13.68	6	1.42	1	2.84	14.28	13.68	15.09	399.57	385.81	1.182	3.595	7.24	22.02	199.9	1699	2	100.1	6.34	0.038	1.0	-0.22	2.74	1.00	0.00	0.16	111115
51	"09:14:25"	20180723	204	0	4.27	0.0675	276	0.807	1.21	13.68	6	1.42	1	2.84	14.28	13.68	15.09	399.57	385.81	1.182	3.595	7.24	22.02	199.9	1699	2	100.1	6.34	0.038	1.0	-0.22	2.74	1.00	0.00	0.16	111115
52	"09:14:26"	20180723	204	0	4.3	0.068	276	0.813	1.21	13.69	6	1.42	1	2.84	14.28	13.69	15.09	399.66	385.82	1.162	3.594	7.12	22.01	199.8	1699	2	100.1	6.34	0.038	1.0	-0.22	2.74	1.00	0.00	0.16	111115
53	"09:14:26"	20180723	204	0	4.31	0.0683	276	0.817	1.21	13.70	6	1.42	1	2.84	14.28	13.70	15.09	399.71	385.81	1.148	3.593	7.03	22.01	199.8	1699	2	100.1	6.34	0.038	1.0	-0.22	2.74	1.00	0.00	0.16	111115
54	"09:14:26"	20180723	204	0	4.32	0.0686	276	0.821	1.21	13.71	6	1.42	1	2.84	14.28	13.71	15.09	399.75	385.81	1.139	3.594	6.97	22.01	199.8	1699	2	100.1	6.34	0.038	1.0	-0.22	2.74	1.00	0.00	0.16	111115
55	"09:14:27"	20180723	204	0	4.32	0.0686	276	0.821	1.21	13.71	6	1.42	1	2.84	14.28	13.71	15.09	399.75	385.81	1.139	3.594	6.97	22.01	199.8	1699	2	100.1	6.34	0.038	1.0	-0.22	2.74	1.00	0.00	0.16	111115
56	"09:14:27"	20180723	204	0	4.35	0.0687	276	0.823	1.22	13.72	6	1.42	1	2.84	14.28	13.72	15.10	399.81	385.81	1.132	3.595	6.93	22.01	199.8	1699	2	100.1	6.34	0.038	1.0	-0.22	2.74	1.00	0.00	0.16	111115
57	"09:14:27"	20180723	204	0	4.4	0.07	277	0.839	1.22	13.74	6	1.42	1	2.84	14.29	13.74	15.10	400.03	385.85	1.084	3.595	6.64	22.01	199.8	1699	1	100.1	6.34	0.038	1.0	-0.22	2.74	1.00	0.00	0.16	111115
58	"09:14:28"	20180723	204	0	4.41	0.07	276	0.84	1.22	13.75	6	1.42	1	2.84	14.29	13.75	15.10	400.04	385.83	1.082	3.595	6.62	22.01	199.8	1699	1	100.1	6.34	0.038	1.0	-0.22	2.74	1.00	0.00	0.16	111115
59	"09:14:28"	20180723	204	0	4.41	0.07	276	0.84	1.22	13.75	6	1.42	1	2.84	14.29	13.75	15.10	400.04	385.83	1.082	3.595	6.62	22.01	199.8	1699	1	100.1	6.34	0.038	1.0	-0.22	2.74	1.00	0.00	0.16	111115
60	"09:14:29"	20180723	204	0	4.41	0.0699	276	0.84	1.22	13.76	6	1.42	1	2.84	14.29	13.76	15.10	400.05	385.83	1.081	3.596	6.62	22.00	199.8	1699	1	100.1	6.34	0.038	1.0	-0.22	2.74	1.00	0.00	0.16	111115
61	"09:14:29"	20180723	204	0	4.42	0.07	276	0.841	1.22	13.77	6	1.42	1	2.84	14.29	13.77	15.10	400.08	385.81	1.081	3.598	6.61	22.02	199.8	1699	1	100.1	6.34	0.038	1.0	-0.22	2.74	1.00	0.00	0.16	111115
62	"09:14:29"	20180723	204	0	4.41	0.07	276	0.842	1.22	13.77	6	1.42	1	2.84	14.30	13.77	15.10	400.07	385.84	1.081	3.599	6.61	22.02	199.8	1699	1	100.1	6.34	0.038	1.0	-0.22	2.74	1.00	0.00	0.16	111115
63	"09:14:30"	20180723	204	0	4.41	0.07	276	0.842	1.22	13.77	6	1.42	1	2.84	14.30	13.77	15.10	400.07	385.84	1.081	3.599	6.61	22.02	199.8	1699	1	100.1	6.34	0.038	1.0	-0.22	2.74	1.00	0.00	0.16	111115
64	"09:14:30"	20180723	204	0	4.43	0.07	276	0.842	1.22	13.78	6	1.42	1	2.84	14.30	13.78	15.09	400.09	385.82	1.081	3.601	6.61	22.02	199.8	1698	1	100.1	6.34	0.038	1.0	-0.22	2.74	1.00	0.00	0.16	111115
"09:14:46 Coolers: Tblock -> 20.00 C"
"09:17:47 Flow: Fixed -> 200 umol/s"
65	"09:17:49"	20180723	204	0	4.59	0.0654	262	0.981	1.52	16.90	6	1.42	1	2.84	18.69	16.90	20.10	399.57	384.66	1.208	4.140	5.58	19.14	199.9	1699	1	100.1	6.53	0.0396	1.0	-0.22	2.74	1.00	0.00	0.16	111115
66	"09:17:50"	20180723	204	0	4.59	0.0654	262	0.981	1.52	16.90	6	1.42	1	2.84	18.69	16.90	20.10	399.57	384.66	1.208	4.140	5.58	19.14	199.9	1699	1	100.1	6.53	0.0396	1.0	-0.22	2.74	1.00	0.00	0.16	111115
67	"09:17:50"	20180723	204	0	4.59	0.0654	262	0.981	1.52	16.90	6	1.42	1	2.84	18.69	16.90	20.10	399.57	384.66	1.208	4.140	5.58	19.14	199.9	1699	1	100.1	6.53	0.0396	1.0	-0.22	2.74	1.00	0.00	0.16	111115
68	"09:17:50"	20180723	204	0	4.63	0.0658	262	0.988	1.52	16.90	6	1.42	1	2.84	18.70	16.90	20.10	399.69	384.65	1.185	4.138	5.48	19.14	199.8	1699	1	100.1	6.53	0.0396	1.0	-0.22	2.74	1.00	0.00	0.16	111115
69	"09:17:51"	20180723	204	0	4.66	0.0662	262	0.993	1.52	16.90	6	1.42	1	2.84	18.70	16.90	20.10	399.75	384.61	1.170	4.140	5.41	19.14	199.8	1699	1	100.1	6.53	0.0396	1.0	-0.22	2.74	1.00	0.00	0.16	111115
70	"09:17:51"	20180723	204	0	4.68	0.0665	262	0.997	1.52	16.90	6	1.42	1	2.84	18.70	16.90	20.10	399.81	384.60	1.158	4.141	5.36	19.15	199.8	1699	1	100.1	6.53	0.0396	1.0	-0.22	2.74	1.00	0.00	0.16	111115
71	"09:17:51"	20180723	204	0	4.69	0.0666	262	1	1.52	16.91	6	1.42	1	2.84	18.70	16.91	20.10	399.84	384.62	1.150	4.141	5.32	19.14	199.8	1699	1	100.1	6.53	0.0396	1.0	-0.22	2.74	1.00	0.00	0.16	111115
72	"09:17:52"	20180723	204	0	4.69	0.0666	262	1	1.52	16.91	6	1.42	1	2.84	18.70	16.91	20.10	399.84	384.62	1.150	4.141	5.32	19.14	199.8	1699	1	100.1	6.53	0.0396	1.0	-0.22	2.74	1.00	0.00	0.16	111115
73	"09:17:52"	20180723	204	0	4.75	0.0678	262	1.02	1.52	16.91	6	1.42	1	2.84	18.70	16.91	20.10	400.07	384.64	1.096	4.141	5.07	19.14	199.8	1699	1	100.1	6.53	0.0396	1.0	-0.22	2.74	1.00	0.00	0.16	111115
74	"09:17:53"	20180723	204	0	4.75	0.0679	262	1.02	1.52	16.92	6	1.42	1	2.84	18.71	16.92	20.10	400.08	384.63	1.093	4.141	5.05	19.13	199.8	1699	1	100.1	6.53	0.0396	1.0	-0.22	2.74	1.00	0.00	0.16	111115
75	"09:17:53"	20180723	204	0	4.76	0.0679	262	1.02	1.52	16.93	6	1.42	1	2.84	18.71	16.93	20.10	400.11	384.63	1.092	4.141	5.05	19.13	199.8	1699	1	100.1	6.53	0.0396	1.0	-0.22	2.74	1.00	0.00	0.16	111115
76	"09:17:53"	20180723	204	0	4.76	0.0679	262	1.02	1.52	16.93	6	1.42	1	2.84	18.71	16.93	20.10	400.11	384.63	1.092	4.141	5.05	19.13	199.8	1699	1	100.1	6.53	0.0396	1.0	-0.22	2.74	1.00	0.00	0.16	111115
77	"09:17:54"	20180723	204	0	4.77	0.0679	262	1.02	1.52	16.93	6	1.42	1	2.84	18.71	16.93	20.10	400.12	384.61	1.091	4.143	5.04	19.14	199.8	1699	1	100.1	6.53	0.0396	1.0	-0.22	2.74	1.00	0.00	0.16	111115
78	"09:17:54"	20180723	204	0	4.78	0.0679	262	1.02	1.52	16.94	6	1.42	1	2.84	18.72	16.94	20.10	400.12	384.60	1.091	4.144	5.04	19.14	199.8	1699	1	100.1	6.53	0.0396	1.0	-0.22	2.74	1.00	0.00	0.16	111115
79	"09:17:54"	20180723	204	0	4.78	0.0679	262	1.02	1.52	16.94	6	1.42	1	2.84	18.72	16.94	20.10	400.12	384.60	1.091	4.144	5.04	19.14	199.8	1699	1	100.1	6.53	0.0396	1.0	-0.22	2.74	1.00	0.00	0.16	111115
80	"09:17:55"	20180723	204	0	4.77	0.0678	262	1.02	1.52	16.95	6	1.42	1	2.84	18.72	16.95	20.10	400.11	384.61	1.090	4.144	5.04	19.14	199.8	1699	1	100.1	6.53	0.0396	1.0	-0.22	2.74	1.00	0.00	0.16	111115
81	"09:17:55"	20180723	204	0	4.76	0.0678	262	1.02	1.52	16.96	6	1.42	1	2.84	18.72	16.96	20.10	400.10	384.62	1.090	4.144	5.03	19.13	199.8	1699	1	100.1	6.53	0.0396	1.0	-0.22	2.74	1.00	0.00	0.16	111115
82	"09:17:56"	20180723	204	0	4.77	0.0678	262	1.02	1.53	16.97	6	1.42	1	2.84	18.73	16.97	20.10	400.09	384.60	1.090	4.146	5.03	19.13	199.8	1699	1	100.1	6.53	0.0396	1.0	-0.22	2.74	1.00	0.00	0.16	111115
83	"09:17:56"	20180723	204	0	4.78	0.0678	261	1.02	1.53	16.98	6	1.42	1	2.84	18.73	16.98	20.09	400.09	384.55	1.090	4.149	5.03	19.14	199.8	1699	1	100.1	6.53	0.0396	1.0	-0.22	2.74	1.00	0.00	0.16	111115
84	"09:17:57"	20180723	204	0	4.78	0.0678	261	1.02	1.53	16.98	6	1.42	1	2.84	18.73	16.98	20.09	400.09	384.55	1.090	4.149	5.03	19.14	199.8	1699	1	100.1	6.53	0.0396	1.0	-0.22	2.74	1.00	0.00	0.16	111115
85	"09:17:59"	20180723	204	0	4.74	0.0677	262	1.02	1.53	17.02	6	1.42	1	2.84	18.75	17.02	20.08	400.03	384.63	1.091	4.152	5.03	19.14	199.8	1699	1	100	6.53	0.0396	1.0	-0.22	2.74	1.00	0.00	0.16	111115
"09:18:30 Coolers: Tblock -> 25.00 C"
"09:20:16 Flow: Fixed -> 200 umol/s"
86	"09:20:18"	20180723	204	0	4.75	0.0618	249	1.15	1.87	19.96	6	1.42	1	2.84	22.87	19.96	25.07	399.16	383.60	1.279	4.703	4.57	16.82	199.9	1699	1	100.1	6.7	0.0286	1.0	-0.22	2.74	1.00	0.00	0.16	111115
87	"09:20:18"	20180723	204	0	4.75	0.0618	249	1.15	1.87	19.96	6	1.42	1	2.84	22.87	19.96	25.07	399.16	383.60	1.279	4.703	4.57	16.82	199.9	1699	1	100.1	6.7	0.0286	1.0	-0.22	2.74	1.00	0.00	0.16	111115
88	"09:20:19"	20180723	204	0	4.79	0.0625	249	1.16	1.87	19.97	6	1.42	1	2.84	22.87	19.97	25.07	399.34	383.63	1.236	4.703	4.42	16.82	199.8	1699	1	100.1	6.7	0.0286	1.0	-0.22	2.74	1.00	0.00	0.16	111115
89	"09:20:19"	20180723	204	0	4.83	0.063	249	1.17	1.87	19.98	6	1.42	1	2.84	22.88	19.98	25.07	399.46	383.61	1.209	4.704	4.32	16.82	199.8	1699	1	100.1	6.7	0.0286	1.0	-0.22	2.74	1.00	0.00	0.16	111115
90	"09:20:19"	20180723	204	0	4.83	0.063	249	1.17	1.87	19.98	6	1.42	1	2.84	22.88	19.98	25.07	399.46	383.61	1.209	4.704	4.32	16.82	199.8	1699	1	100.1	6.7	0.0286	1.0	-0.22	2.74	1.00	0.00	0.16	111115
91	"09:20:20"	20180723	204	0	4.84	0.0633	250	1.18	1.87	19.98	6	1.42	1	2.84	22.88	19.98	25.07	399.52	383.65	1.191	4.707	4.26	16.82	199.8	1699	1	100.1	6.7	0.0286	1.0	-0.22	2.74	1.00	0.00	0.16	111115
92	"09:20:20"	20180723	204	0	4.86	0.0637	250	1.18	1.87	19.97	6	1.42	1	2.84	22.88	19.97	25.07	399.60	383.65	1.179	4.709	4.21	16.83	199.8	1699	1	100.1	6.7	0.0286	1.0	-0.22	2.74	1.00	0.00	0.16	111115
93	"09:20:21"	20180723	204	0	4.86	0.0639	250	1.18	1.87	19.97	6	1.42	1	2.84	22.88	19.97	25.07	399.64	383.67	1.169	4.710	4.18	16.83	199.8	1699	1	100.1	6.7	0.0286	1.0	-0.22	2.74	1.00	0.00	0.16	111115
94	"09:20:21"	20180723	204	0	4.86	0.0639	250	1.18	1.87	19.97	6	1.42	1	2.84	22.88	19.97	25.07	399.64	383.67	1.169	4.710	4.18	16.83	199.8	1699	1	100.1	6.7	0.0286	1.0	-0.22	2.74	1.00	0.00	0.16	111115
95	"09:20:22"	20180723	204	0	4.95	0.0651	250	1.21	1.87	19.97	6	1.42	1	2.84	22.88	19.97	25.07	399.90	383.65	1.107	4.712	3.95	16.84	199.8	1699	1	100.1	6.7	0.0286	1.0	-0.22	2.74	1.00	0.00	0.16	111115
96	"09:20:22"	20180723	204	0	4.97	0.0652	250	1.21	1.87	19.96	6	1.42	1	2.84	22.89	19.96	25.06	399.93	383.63	1.104	4.713	3.94	16.84	199.8	1699	1	100.1	6.7	0.0286	1.0	-0.22	2.74	1.00	0.00	0.16	111115
97	"09:20:23"	20180723	204	0	4.97	0.0652	250	1.21	1.87	19.96	6	1.42	1	2.84	22.89	19.96	25.06	399.94	383.63	1.104	4.715	3.94	16.84	199.8	1699	1	100.1	6.7	0.0286	1.0	-0.22	2.74	1.00	0.00	0.16	111115
98	"09:20:23"	20180723	204	0	5	0.0653	249	1.21	1.87	19.96	6	1.42	1	2.84	22.90	19.96	25.06	399.99	383.59	1.103	4.716	3.94	16.84	199.8	1699	1	100	6.7	0.0286	1.0	-0.22	2.74	1.00	0.00	0.16	111115
99	"09:20:24"	20180723	204	0	5	0.0653	249	1.21	1.87	19.96	6	1.42	1	2.84	22.90	19.96	25.06	399.99	383.59	1.103	4.716	3.94	16.84	199.8	1699	1	100	6.7	0.0286	1.0	-0.22	2.74	1.00	0.00	0.16	111115
100	"09:20:24"	20180723	204	0	5.02	0.0654	249	1.21	1.87	19.96	6	1.42	1	2.84	22.90	19.96	25.07	400.03	383.57	1.102	4.719	3.93	16.84	199.8	1699	1	100	6.7	0.0286	1.0	-0.22	2.74	1.00	0.00	0.16	111115
101	"09:20:25"	20180723	204	0	5.03	0.0653	248	1.21	1.87	19.96	6	1.42	1	2.84	22.91	19.96	25.07	400.04	383.55	1.102	4.719	3.93	16.84	199.8	1699	2	100	6.7	0.0286	1.0	-0.22	2.74	1.00	0.00	0.16	111115
102	"09:20:25"	20180723	204	0	5.03	0.0653	248	1.21	1.87	19.97	6	1.42	1	2.84	22.91	19.97	25.07	400.04	383.53	1.102	4.720	3.93	16.84	199.8	1699	1	100	6.7	0.0286	1.0	-0.22	2.74	1.00	0.00	0.16	111115
"09:20:51 Coolers: Tblock -> 30.00 C"
"09:24:42 Flow: Fixed -> 200 umol/s"
103	"09:24:55"	20180723	204	0	5.05	0.0601	234	1.5	2.51	24.41	6	1.42	1	2.84	27.73	24.41	30.03	400.04	383.14	1.109	5.602	2.97	15.00	199.8	1700	2	100	7.42	0.0318	1.0	-0.22	2.74	1.00	0.00	0.16	111115
104	"09:24:55"	20180723	204	0	5.05	0.0601	234	1.5	2.51	24.41	6	1.42	1	2.84	27.73	24.41	30.03	400.04	383.14	1.109	5.602	2.97	15.00	199.8	1700	2	100	7.42	0.0318	1.0	-0.22	2.74	1.00	0.00	0.16	111115
105	"09:24:55"	20180723	204	0	5.06	0.0601	233	1.5	2.51	24.42	6	1.42	1	2.84	27.73	24.42	30.03	400.04	383.11	1.109	5.601	2.97	15.00	199.8	1700	2	100	7.42	0.0318	1.0	-0.22	2.74	1.00	0.00	0.16	111115
106	"09:24:56"	20180723	204	0	5.06	0.0601	233	1.5	2.51	24.42	6	1.42	1	2.84	27.73	24.42	30.03	400.01	383.09	1.108	5.602	2.97	15.00	199.8	1700	2	100	7.42	0.0318	1.0	-0.22	2.74	1.00	0.00	0.16	111115
107	"09:24:56"	20180723	204	0	5.06	0.0601	233	1.5	2.51	24.42	6	1.42	1	2.84	27.73	24.42	30.03	400.01	383.09	1.108	5.602	2.97	15.00	199.8	1700	2	100	7.42	0.0318	1.0	-0.22	2.74	1.00	0.00	0.16	111115
108	"09:24:56"	20180723	204	0	5.08	0.0602	233	1.51	2.51	24.41	6	1.42	1	2.84	27.74	24.41	30.03	400.02	383.05	1.108	5.603	2.97	15.00	199.8	1700	2	100	7.42	0.0318	1.0	-0.22	2.74	1.00	0.00	0.16	111115
109	"09:24:57"	20180723	204	0	5.1	0.0602	232	1.51	2.51	24.41	6	1.42	1	2.84	27.74	24.41	30.03	400.03	382.98	1.108	5.604	2.97	15.00	199.8	1700	2	100	7.42	0.0318	1.0	-0.22	2.74	1.00	0.00	0.16	111115
110	"09:24:57"	20180723	204	0	5.09	0.0602	233	1.5	2.51	24.41	6	1.42	1	2.84	27.74	24.41	30.03	400.00	382.99	1.108	5.602	2.97	15.00	199.8	1700	2	100	7.42	0.0318	1.0	-0.22	2.74	1.00	0.00	0.16	111115
111	"09:24:58"	20180723	204	0	5.09	0.0602	233	1.5	2.51	24.41	6	1.42	1	2.84	27.74	24.41	30.03	400.00	382.99	1.108	5.602	2.97	15.00	199.8	1700	2	100	7.42	0.0318	1.0	-0.22	2.74	1.00	0.00	0.16	111115
112	"09:24:58"	20180723	204	0	5.07	0.0602	233	1.5	2.51	24.40	6	1.42	1	2.84	27.74	24.40	30.03	399.96	382.99	1.108	5.601	2.97	14.99	199.8	1700	2	100	7.42	0.0318	1.0	-0.22	2.74	1.00	0.00	0.16	111115
113	"09:24:58"	20180723	204	0	5.05	0.0602	234	1.5	2.51	24.39	6	1.42	1	2.84	27.74	24.39	30.03	399.89	382.98	1.109	5.600	2.97	14.99	199.8	1700	2	100	7.42	0.0318	1.0	-0.22	2.74	1.00	0.00	0.16	111115
114	"09:24:59"	20180723	204	0	5.02	0.0601	234	1.5	2.51	24.40	6	1.42	1	2.84	27.74	24.40	30.03	399.82	383.01	1.109	5.600	2.97	14.99	199.8	1700	2	100	7.42	0.0318	1.0	-0.22	2.74	1.00	0.00	0.16	111115
115	"09:24:59"	20180723	204	0	5.02	0.0601	234	1.5	2.51	24.40	6	1.42	1	2.84	27.74	24.40	30.03	399.82	383.01	1.109	5.600	2.97	14.99	199.8	1700	2	100	7.42	0.0318	1.0	-0.22	2.74	1.00	0.00	0.16	111115
116	"09:24:59"	20180723	204	0	4.98	0.0602	236	1.5	2.51	24.41	6	1.42	1	2.84	27.74	24.41	30.03	399.73	383.04	1.109	5.602	2.97	14.99	199.8	1700	2	100	7.42	0.0318	1.0	-0.22	2.74	1.00	0.00	0.16	111115
117	"09:25:00"	20180723	204	0	4.95	0.0602	236	1.5	2.51	24.41	6	1.42	1	2.84	27.74	24.41	30.03	399.65	383.06	1.109	5.603	2.97	14.99	199.8	1700	2	100	7.42	0.0318	1.0	-0.22	2.74	1.00	0.00	0.16	111115
118	"09:25:00"	20180723	204	0	4.94	0.0601	237	1.51	2.51	24.43	6	1.42	1	2.84	27.75	24.43	30.03	399.61	383.05	1.110	5.605	2.97	15.00	199.8	1700	2	100	7.42	0.0318	1.0	-0.22	2.74	1.00	0.00	0.16	111115
119	"09:25:01"	20180723	204	0	4.9	0.06	238	1.51	2.51	24.44	6	1.42	1	2.84	27.75	24.44	30.03	399.55	383.10	1.110	5.605	2.97	15.00	199.8	1700	2	100	7.42	0.0318	1.0	-0.22	2.74	1.00	0.00	0.16	111115
120	"09:25:01"	20180723	204	0	4.9	0.06	238	1.51	2.51	24.44	6	1.42	1	2.84	27.75	24.44	30.03	399.55	383.10	1.110	5.605	2.97	15.00	199.8	1700	2	100	7.42	0.0318	1.0	-0.22	2.74	1.00	0.00	0.16	111115
"09:25:18 Coolers: Tblock -> 35.00 C"
"09:28:28 Flow: Fixed -> 200 umol/s"
121	"09:28:32"	20180723	204	0	4.74	0.0528	223	1.61	3.04	27.27	6	1.42	1	2.84	32.00	27.27	35.10	399.79	383.71	1.207	6.002	2.53	12.58	199.8	1698	2	100	7.79	0.0265	1.0	-0.22	2.74	1.00	0.00	0.16	111115
122	"09:28:32"	20180723	204	0	4.74	0.0528	223	1.61	3.04	27.27	6	1.42	1	2.84	32.00	27.27	35.10	399.79	383.71	1.207	6.002	2.53	12.58	199.8	1698	2	100	7.79	0.0265	1.0	-0.22	2.74	1.00	0.00	0.16	111115
123	"09:28:33"	20180723	204	0	4.83	0.0536	222	1.63	3.04	27.29	6	1.42	1	2.84	32.00	27.29	35.10	400.07	383.68	1.128	6.003	2.36	12.58	199.8	1698	2	100	7.79	0.0265	1.0	-0.22	2.74	1.00	0.00	0.16	111115
124	"09:28:33"	20180723	204	0	4.83	0.0536	222	1.63	3.04	27.29	6	1.42	1	2.84	32.00	27.29	35.10	400.07	383.68	1.128	6.003	2.36	12.58	199.8	1698	2	100	7.79	0.0265	1.0	-0.22	2.74	1.00	0.00	0.16	111115
125	"09:28:33"	20180723	204	0	4.85	0.0536	221	1.63	3.04	27.30	6	1.42	1	2.84	32.00	27.30	35.10	400.12	383.66	1.124	6.004	2.35	12.58	199.8	1699	2	100	7.79	0.0265	1.0	-0.22	2.74	1.00	0.00	0.16	111115
126	"09:28:34"	20180723	204	0	4.86	0.0535	221	1.63	3.05	27.33	6	1.42	1	2.84	32.00	27.33	35.10	400.14	383.66	1.123	6.003	2.35	12.57	199.8	1699	2	100	7.79	0.0265	1.0	-0.22	2.74	1.00	0.00	0.16	111115
127	"09:28:34"	20180723	204	0	4.86	0.0534	221	1.63	3.05	27.35	6	1.42	1	2.84	32.01	27.35	35.10	400.17	383.68	1.122	6.003	2.35	12.57	199.8	1700	2	100	7.79	0.0265	1.0	-0.22	2.74	1.00	0.00	0.16	111115
128	"09:28:35"	20180723	204	0	4.87	0.0535	221	1.64	3.05	27.34	6	1.42	1	2.84	32.01	27.34	35.10	400.17	383.65	1.122	6.004	2.35	12.57	199.8	1700	2	100	7.79	0.0265	1.0	-0.22	2.74	1.00	0.00	0.16	111115
129	"09:28:35"	20180723	204	0	4.87	0.0535	221	1.64	3.05	27.34	6	1.42	1	2.84	32.01	27.34	35.10	400.17	383.65	1.122	6.004	2.35	12.57	199.8	1700	2	100	7.79	0.0265	1.0	-0.22	2.74	1.00	0.00	0.16	111115
130	"09:28:35"	20180723	204	0	4.87	0.0536	221	1.64	3.05	27.32	6	1.42	1	2.84	32.01	27.32	35.10	400.17	383.66	1.122	6.005	2.35	12.57	199.8	1700	2	100	7.79	0.0265	1.0	-0.22	2.74	1.00	0.00	0.16	111115
131	"09:28:36"	20180723	204	0	4.87	0.0536	221	1.64	3.05	27.33	6	1.42	1	2.84	32.01	27.33	35.09	400.17	383.66	1.121	6.007	2.35	12.58	199.8	1700	2	100	7.79	0.0265	1.0	-0.22	2.74	1.00	0.00	0.16	111115
132	"09:28:36"	20180723	204	0	4.85	0.0534	221	1.64	3.06	27.36	6	1.42	1	2.84	32.02	27.36	35.09	400.14	383.68	1.121	6.008	2.35	12.58	199.8	1700	2	100	7.79	0.0265	1.0	-0.22	2.74	1.00	0.00	0.16	111115
133	"09:28:37"	20180723	204	0	4.85	0.0534	221	1.64	3.06	27.36	6	1.42	1	2.84	32.02	27.36	35.09	400.14	383.68	1.121	6.008	2.35	12.58	199.8	1700	2	100	7.79	0.0265	1.0	-0.22	2.74	1.00	0.00	0.16	111115
134	"09:28:37"	20180723	204	0	4.82	0.0534	222	1.64	3.06	27.39	6	1.42	1	2.84	32.02	27.39	35.09	400.11	383.74	1.121	6.008	2.35	12.58	199.8	1700	2	100	7.79	0.0265	1.0	-0.22	2.74	1.00	0.00	0.16	111115
135	"09:28:38"	20180723	204	0	4.8	0.0535	223	1.64	3.05	27.36	6	1.42	1	2.84	32.03	27.36	35.09	400.05	383.73	1.120	6.014	2.34	12.58	199.8	1700	2	100	7.79	0.0265	1.0	-0.22	2.74	1.00	0.00	0.16	111115
"09:28:54 Coolers: Tblock -> 40.00 C"
"09:30:00 Flow: Fixed -> 200 umol/s"
136	"09:30:14"	20180723	204	0	4.73	0.0503	214	1.79	3.53	29.65	6	1.42	1	2.84	35.99	29.65	40.09	400.33	384.07	1.131	6.463	1.90	10.84	199.8	1700	2	100	8.15	0.0132	1.0	-0.22	2.74	1.00	0.00	0.16	111115
137	"09:30:14"	20180723	204	0	4.73	0.0503	214	1.79	3.53	29.65	6	1.42	1	2.84	35.99	29.65	40.09	400.33	384.07	1.131	6.463	1.90	10.84	199.8	1700	2	100	8.15	0.0132	1.0	-0.22	2.74	1.00	0.00	0.16	111115
138	"09:30:15"	20180723	204	0	4.73	0.0503	214	1.79	3.53	29.65	6	1.42	1	2.84	35.99	29.65	40.09	400.33	384.07	1.131	6.463	1.90	10.84	199.8	1700	2	100	8.15	0.0132	1.0	-0.22	2.74	1.00	0.00	0.16	111115
139	"09:30:15"	20180723	204	0	4.71	0.05	214	1.79	3.55	29.73	6	1.42	1	2.84	35.99	29.73	40.09	400.32	384.11	1.131	6.464	1.90	10.84	199.8	1700	2	100	8.15	0.0132	1.0	-0.22	2.74	1.00	0.00	0.16	111115
140	"09:30:16"	20180723	204	0	4.7	0.0499	214	1.79	3.56	29.77	6	1.42	1	2.84	35.99	29.77	40.09	400.31	384.11	1.132	6.465	1.90	10.84	199.7	1700	2	100	8.15	0.0132	1.0	-0.22	2.74	1.00	0.00	0.16	111115
141	"09:30:16"	20180723	204	0	4.69	0.0498	214	1.79	3.57	29.80	6	1.42	1	2.84	36.00	29.80	40.08	400.29	384.13	1.131	6.466	1.90	10.84	199.7	1700	2	100	8.15	0.0132	1.0	-0.22	2.74	1.00	0.00	0.16	111115
142	"09:30:16"	20180723	204	0	4.69	0.0498	214	1.79	3.57	29.80	6	1.42	1	2.84	36.00	29.80	40.08	400.29	384.13	1.131	6.466	1.90	10.84	199.7	1700	2	100	8.15	0.0132	1.0	-0.22	2.74	1.00	0.00	0.16	111115
143	"09:30:17"	20180723	204	0	4.69	0.0497	214	1.79	3.57	29.82	6	1.42	1	2.84	36.00	29.82	40.08	400.29	384.15	1.131	6.466	1.90	10.84	199.7	1700	2	100	8.15	0.0132	1.0	-0.22	2.74	1.00	0.00	0.16	111115
144	"09:30:17"	20180723	204	0	4.69	0.0496	213	1.79	3.58	29.87	6	1.42	1	2.84	36.01	29.87	40.08	400.31	384.16	1.131	6.467	1.90	10.83	199.7	1700	2	100	8.15	0.0132	1.0	-0.22	2.74	1.00	0.00	0.16	111115
145	"09:30:17"	20180723	204	0	4.69	0.0496	213	1.79	3.58	29.87	6	1.42	1	2.84	36.01	29.87	40.07	400.32	384.18	1.131	6.468	1.89	10.83	199.7	1700	2	100	8.15	0.0132	1.0	-0.22	2.74	1.00	0.00	0.16	111115
146	"09:30:18"	20180723	204	0	4.7	0.0497	213	1.79	3.57	29.83	6	1.42	1	2.84	36.02	29.83	40.07	400.35	384.17	1.132	6.469	1.89	10.83	199.7	1700	2	100	8.15	0.0132	1.0	-0.22	2.74	1.00	0.00	0.16	111115
147	"09:30:18"	20180723	204	0	4.7	0.0497	213	1.79	3.57	29.83	6	1.42	1	2.84	36.02	29.83	40.07	400.35	384.17	1.132	6.469	1.89	10.83	199.7	1700	2	100	8.15	0.0132	1.0	-0.22	2.74	1.00	0.00	0.16	111115
148	"09:30:19"	20180723	204	0	4.7	0.0499	214	1.79	3.56	29.80	6	1.42	1	2.84	36.02	29.80	40.06	400.36	384.17	1.132	6.471	1.89	10.83	199.7	1700	1	100	8.15	0.0132	1.0	-0.22	2.74	1.00	0.00	0.16	111115
149	"09:30:19"	20180723	204	0	4.72	0.05	213	1.79	3.56	29.76	6	1.42	1	2.84	36.03	29.76	40.05	400.38	384.13	1.132	6.473	1.89	10.83	199.8	1700	2	100	8.15	0.0132	1.0	-0.22	2.74	1.00	0.00	0.16	111115
150	"09:30:20"	20180723	204	0	4.74	0.05	213	1.79	3.56	29.78	6	1.42	1	2.84	36.03	29.78	40.04	400.41	384.11	1.132	6.472	1.89	10.83	199.8	1700	2	100	8.15	0.0132	1.0	-0.22	2.74	1.00	0.00	0.16	111115
151	"09:30:20"	20180723	204	0	4.75	0.0499	212	1.79	3.56	29.80	6	1.42	1	2.84	36.03	29.80	40.03	400.44	384.10	1.131	6.474	1.89	10.83	199.8	1700	1	100	8.15	0.0132	1.0	-0.22	2.74	1.00	0.00	0.16	111115
152	"09:30:20"	20180723	204	0	4.75	0.0499	212	1.79	3.56	29.80	6	1.42	1	2.84	36.03	29.80	40.03	400.44	384.10	1.131	6.474	1.89	10.83	199.8	1700	1	100	8.15	0.0132	1.0	-0.22	2.74	1.00	0.00	0.16	111115
153	"09:30:21"	20180723	204	0	4.76	0.0499	212	1.79	3.57	29.81	6	1.42	1	2.84	36.04	29.81	40.02	400.45	384.07	1.132	6.476	1.89	10.83	199.8	1699	1	100	8.15	0.0132	1.0	-0.22	2.74	1.00	0.00	0.16	111115
"09:30:35 Coolers: Tblock -> 45.00 C"
"09:39:34 Flow: Fixed -> 200 umol/s"
154	"09:39:50"	20180723	204	0	3.92	0.0355	189	1.48	4.08	34.79	6	1.42	1	2.84	41.27	34.79	45.07	400.01	386.52	10.610	15.002	13.38	18.92	199.7	1700	2	100	9.7	-0.112	1.0	-0.22	2.74	1.00	0.00	0.16	111115
155	"09:39:50"	20180723	204	0	3.92	0.0355	189	1.48	4.08	34.79	6	1.42	1	2.84	41.27	34.79	45.07	400.01	386.52	10.610	15.002	13.38	18.92	199.7	1700	2	100	9.7	-0.112	1.0	-0.22	2.74	1.00	0.00	0.16	111115
156	"09:39:51"	20180723	204	0	3.88	0.0357	191	1.48	4.06	34.72	6	1.42	1	2.84	41.27	34.72	45.07	399.93	386.54	10.610	15.004	13.38	18.92	199.7	1699	2	100	9.7	-0.112	1.0	-0.22	2.74	1.00	0.00	0.16	111115
157	"09:39:51"	20180723	204	0	3.87	0.0359	193	1.49	4.05	34.69	6	1.42	1	2.84	41.28	34.69	45.07	399.87	386.53	10.611	15.007	13.38	18.92	199.7	1699	2	100	9.7	-0.112	1.0	-0.22	2.74	1.00	0.00	0.16	111115
158	"09:39:51"	20180723	204	0	3.87	0.0359	193	1.49	4.05	34.69	6	1.42	1	2.84	41.28	34.69	45.07	399.87	386.53	10.611	15.007	13.38	18.92	199.7	1699	2	100	9.7	-0.112	1.0	-0.22	2.74	1.00	0.00	0.16	111115
159	"09:39:52"	20180723	204	0	3.84	0.0358	194	1.49	4.05	34.69	6	1.42	1	2.84	41.28	34.69	45.07	399.82	386.57	10.611	15.007	13.38	18.92	199.7	1700	2	100	9.7	-0.112	1.0	-0.22	2.74	1.00	0.00	0.16	111115
160	"09:39:52"	20180723	204	0	3.83	0.0359	195	1.49	4.04	34.66	6	1.42	1	2.84	41.28	34.66	45.07	399.78	386.55	10.611	15.009	13.38	18.92	199.7	1699	1	100	9.7	-0.112	1.0	-0.22	2.74	1.00	0.00	0.16	111115
161	"09:39:52"	20180723	204	0	3.81	0.036	196	1.49	4.03	34.64	6	1.42	1	2.84	41.28	34.64	45.07	399.74	386.57	10.611	15.009	13.37	18.92	199.7	1700	1	100	9.7	-0.112	1.0	-0.22	2.74	1.00	0.00	0.16	111115
162	"09:39:53"	20180723	204	0	3.81	0.036	196	1.49	4.03	34.64	6	1.42	1	2.84	41.28	34.64	45.07	399.74	386.57	10.611	15.009	13.37	18.92	199.7	1700	1	100	9.7	-0.112	1.0	-0.22	2.74	1.00	0.00	0.16	111115
163	"09:39:53"	20180723	204	0	3.79	0.036	197	1.49	4.03	34.64	6	1.42	1	2.84	41.28	34.64	45.07	399.71	386.60	10.612	15.010	13.37	18.92	199.7	1700	1	100	9.7	-0.112	1.0	-0.22	2.74	1.00	0.00	0.16	111115
164	"09:39:54"	20180723	204	0	3.79	0.0359	196	1.49	4.05	34.68	6	1.42	1	2.84	41.28	34.68	45.07	399.68	386.58	10.612	15.010	13.37	18.92	199.7	1699	1	100	9.7	-0.112	1.0	-0.22	2.74	1.00	0.00	0.16	111115
165	"09:39:54"	20180723	204	0	3.78	0.0357	196	1.49	4.07	34.74	6	1.42	1	2.84	41.29	34.74	45.07	399.65	386.56	10.613	15.010	13.37	18.91	199.7	1699	1	100	9.7	-0.112	1.0	-0.22	2.74	1.00	0.00	0.16	111115
166	"09:39:54"	20180723	204	0	3.77	0.0356	196	1.49	4.08	34.78	6	1.42	1	2.84	41.29	34.78	45.07	399.63	386.58	10.612	15.013	13.37	18.92	199.7	1699	1	100	9.7	-0.112	1.0	-0.22	2.74	1.00	0.00	0.16	111115
167	"09:39:55"	20180723	204	0	3.77	0.0356	196	1.49	4.08	34.78	6	1.42	1	2.84	41.29	34.78	45.07	399.63	386.58	10.612	15.013	13.37	18.92	199.7	1699	1	100	9.7	-0.112	1.0	-0.22	2.74	1.00	0.00	0.16	111115
168	"09:39:55"	20180723	204	0	3.76	0.0355	196	1.49	4.09	34.82	6	1.42	1	2.84	41.29	34.82	45.07	399.61	386.58	10.613	15.013	13.37	18.92	199.7	1699	1	100	9.7	-0.112	1.0	-0.22	2.74	1.00	0.00	0.16	111115
169	"09:39:56"	20180723	204	0	3.78	0.0354	194	1.49	4.1	34.87	6	1.42	1	2.84	41.29	34.87	45.07	399.59	386.51	10.613	15.016	13.37	18.92	199.7	1699	1	100	9.7	-0.112	1.0	-0.22	2.74	1.00	0.00	0.16	111115
170	"09:39:56"	20180723	204	0	3.78	0.0352	193	1.49	4.13	34.94	6	1.42	1	2.84	41.29	34.94	45.07	399.57	386.49	10.614	15.018	13.37	18.92	199.7	1699	1	100	9.7	-0.112	1.0	-0.22	2.74	1.00	0.00	0.16	111115
171	"09:39:57"	20180723	204	0	3.8	0.0352	192	1.49	4.14	34.97	6	1.42	1	2.84	41.29	34.97	45.07	399.58	386.42	10.614	15.022	13.37	18.92	199.7	1699	1	100	9.7	-0.112	1.0	-0.22	2.74	1.00	0.00	0.16	111115
172	"09:39:57"	20180723	204	0	3.8	0.0352	192	1.49	4.14	34.97	6	1.42	1	2.84	41.29	34.97	45.07	399.58	386.42	10.614	15.022	13.37	18.92	199.7	1699	1	100	9.7	-0.112	1.0	-0.22	2.74	1.00	0.00	0.16	111115
173	"09:39:58"	20180723	204	0	3.81	0.0351	191	1.49	4.14	34.99	6	1.42	1	2.84	41.29	34.99	45.07	399.60	386.41	10.614	15.025	13.37	18.93	199.7	1699	1	100	9.7	-0.112	1.0	-0.22	2.74	1.00	0.00	0.16	111115
174	"09:39:58"	20180723	204	0	3.82	0.0351	191	1.49	4.15	35.01	6	1.42	1	2.84	41.29	35.01	45.08	399.58	386.38	10.613	15.027	13.37	18.93	199.7	1699	1	100	9.7	-0.112	1.0	-0.22	2.74	1.00	0.00	0.16	111115
175	"09:39:59"	20180723	204	0	3.84	0.0351	190	1.49	4.15	35.01	6	1.42	1	2.84	41.29	35.01	45.08	399.55	386.28	10.614	15.031	13.37	18.93	199.7	1699	1	100	9.7	-0.112	1.0	-0.22	2.74	1.00	0.00	0.16	111115
"09:40:13 Coolers: Tblock -> 50.00 C"
"09:42:09 Flow: Fixed -> 200 umol/s"
176	"09:42:10"	20180723	204	0	3.64	0.0335	189	1.61	4.68	36.84	6	1.42	1	2.84	45.07	36.84	49.77	399.27	386.47	10.928	15.694	11.30	16.23	199.8	1698	2	100	10.1	-0.152	1.0	-0.22	2.74	1.00	0.00	0.16	111115
177	"09:42:10"	20180723	204	0	3.64	0.0335	189	1.61	4.68	36.84	6	1.42	1	2.84	45.07	36.84	49.77	399.27	386.47	10.928	15.694	11.30	16.23	199.8	1698	2	100	10.1	-0.152	1.0	-0.22	2.74	1.00	0.00	0.16	111115
178	"09:42:11"	20180723	204	0	3.64	0.0335	189	1.61	4.68	36.84	6	1.42	1	2.84	45.07	36.84	49.77	399.27	386.47	10.928	15.694	11.30	16.23	199.8	1698	2	100	10.1	-0.152	1.0	-0.22	2.74	1.00	0.00	0.16	111115
179	"09:42:11"	20180723	204	0	3.68	0.0341	190	1.64	4.68	36.83	6	1.42	1	2.84	45.07	36.83	49.77	399.48	386.53	10.840	15.693	11.21	16.23	199.8	1698	2	100	10.1	-0.152	1.0	-0.22	2.74	1.00	0.00	0.16	111115
180	"09:42:12"	20180723	204	0	3.7	0.0344	191	1.65	4.67	36.81	6	1.42	1	2.84	45.07	36.81	49.77	399.53	386.51	10.798	15.685	11.16	16.22	199.8	1698	2	100	10.1	-0.152	1.0	-0.22	2.74	1.00	0.00	0.16	111115
181	"09:42:12"	20180723	204	0	3.71	0.0347	191	1.66	4.67	36.80	6	1.42	1	2.84	45.07	36.80	49.77	399.59	386.52	10.770	15.687	11.13	16.22	199.7	1698	2	100	10.1	-0.152	1.0	-0.22	2.74	1.00	0.00	0.16	111115
182	"09:42:12"	20180723	204	0	3.71	0.0347	191	1.66	4.67	36.80	6	1.42	1	2.84	45.07	36.80	49.77	399.59	386.52	10.770	15.687	11.13	16.22	199.7	1698	2	100	10.1	-0.152	1.0	-0.22	2.74	1.00	0.00	0.16	111115
183	"09:42:13"	20180723	204	0	3.72	0.0348	192	1.67	4.66	36.79	6	1.42	1	2.84	45.08	36.79	49.77	399.65	386.55	10.753	15.689	11.12	16.22	199.7	1698	2	100	10.1	-0.152	1.0	-0.22	2.74	1.00	0.00	0.16	111115
184	"09:42:13"	20180723	204	0	3.73	0.0349	191	1.67	4.66	36.78	6	1.42	1	2.84	45.08	36.78	49.77	399.70	386.55	10.741	15.686	11.10	16.21	199.7	1698	2	100	10.1	-0.152	1.0	-0.22	2.74	1.00	0.00	0.16	111115
185	"09:42:14"	20180723	204	0	3.73	0.035	192	1.68	4.66	36.77	6	1.42	1	2.84	45.08	36.77	49.77	399.71	386.56	10.732	15.686	11.09	16.21	199.7	1698	2	100	10.1	-0.152	1.0	-0.22	2.74	1.00	0.00	0.16	111115
186	"09:42:14"	20180723	204	0	3.75	0.0355	193	1.7	4.65	36.76	6	1.42	1	2.84	45.08	36.76	49.76	399.81	386.57	10.667	15.688	11.02	16.21	199.7	1699	2	100	10.1	-0.152	1.0	-0.22	2.74	1.00	0.00	0.16	111115
187	"09:42:14"	20180723	204	0	3.75	0.0355	193	1.7	4.65	36.76	6	1.42	1	2.84	45.08	36.76	49.76	399.81	386.57	10.667	15.688	11.02	16.21	199.7	1699	2	100	10.1	-0.152	1.0	-0.22	2.74	1.00	0.00	0.16	111115
188	"09:42:15"	20180723	204	0	3.74	0.0355	194	1.7	4.65	36.75	6	1.42	1	2.84	45.08	36.75	49.76	399.77	386.57	10.666	15.687	11.02	16.21	199.7	1699	2	100	10.1	-0.152	1.0	-0.22	2.74	1.00	0.00	0.16	111115
189	"09:42:15"	20180723	204	0	3.74	0.0355	193	1.7	4.66	36.77	6	1.42	1	2.84	45.09	36.77	49.76	399.77	386.56	10.667	15.687	11.02	16.21	199.7	1699	2	100	10.1	-0.152	1.0	-0.22	2.74	1.00	0.00	0.16	111115
190	"09:42:15"	20180723	204	0	3.74	0.0355	194	1.7	4.66	36.78	6	1.42	1	2.84	45.09	36.78	49.76	399.78	386.58	10.667	15.691	11.02	16.21	199.7	1699	2	100	10.1	-0.152	1.0	-0.22	2.74	1.00	0.00	0.16	111115
191	"09:42:16"	20180723	204	0	3.74	0.0355	194	1.7	4.66	36.78	6	1.42	1	2.84	45.09	36.78	49.76	399.78	386.58	10.667	15.691	11.02	16.21	199.7	1699	2	100	10.1	-0.152	1.0	-0.22	2.74	1.00	0.00	0.16	111115
192	"09:42:16"	20180723	204	0	3.73	0.0356	195	1.7	4.65	36.74	6	1.42	1	2.84	45.09	36.74	49.76	399.75	386.58	10.667	15.691	11.02	16.21	199.7	1699	2	100	10.1	-0.152	1.0	-0.22	2.74	1.00	0.00	0.16	111115
193	"09:42:17"	20180723	204	0	3.73	0.0358	196	1.7	4.62	36.67	6	1.42	1	2.84	45.09	36.67	49.76	399.74	386.56	10.666	15.693	11.02	16.21	199.7	1699	2	100	10.1	-0.152	1.0	-0.22	2.74	1.00	0.00	0.16	111115
"09:42:44 Coolers: Tblock -> 14.00 C"
"10:00:15 Flow: Fixed -> 200 umol/s"
"10:03:21 Coolers: Tblock -> 0.00 C"
"10:26:03 Coolers: Tblock -> 0.45 C"
"10:26:38 Flow: Fixed -> 200 umol/s"
