"OPEN 6.3.4"
"Mon Jul 23 2018 05:46:58"
<open><version>"6.3.4"</version></open>
<open><configfile>"/User/Configs/UserPrefs/LED2x3.xml"</configfile></open>
<open><light><source>"6400-02 or -02B LED Source"</source><par_in>1<sensor>"SI-2503"<cal>-0.86<actinity>1.00</actinity><transm>1.00</transm></cal></sensor><transm>1</transm></par_in><par_out>1<sensor>"Q40491"<cal>6.5</cal></sensor></par_out></light></open>
<open><comps><file>"/User/Configs/Comps/StdComps_6.1"<header>""</header><extras></extras></file><energybal>no<f_parIn>1</f_parIn><f_parOut>0</f_parOut><alphaK>0.16</alphaK></energybal><bc_total>2.840<stomatal_ratio>1</stomatal_ratio><bc_oneside>1.420<type>2</type><table>"/Sys/Lib/StdBLCTable"</table><area>6</area><slope>-0.219565</slope><offset>2.73739</offset><fan>5</fan></bc_oneside></bc_total></comps></open>
<open><prompts><onlog>off</onlog><items>"Default (none)"</items></prompts></open>
<open><constants><oxygen>21 %</oxygen><bb_vapor>1.5</bb_vapor><bb_oxy>0.9</bb_oxy></constants></open>
<open><stability><items>"Std Stability"<items[1]><id>-2</id><size>15</size><pcv><onoff>0</onoff><value>1</value></pcv><std><onoff>0</onoff><value>1</value></std><slp><onoff>1</onoff><value>1</value></slp></items[1]><items[2]><id>-5</id><size>15</size><pcv><onoff>0</onoff><value>1</value></pcv><std><onoff>0</onoff><value>1</value></std><slp><onoff>1</onoff><value>1</value></slp></items[2]><items[3]><id>-7</id><size>15</size><pcv><onoff>0</onoff><value>1</value></pcv><std><onoff>0</onoff><value>1</value></std><slp><onoff>1</onoff><value>1</value></slp></items[3]></items></stability></open>
<open><log><format>"StdLogFmt_6.0"<items>{ -35 -21 -70 -69 -76 30 23 36 21 25 221 -33 111 -34 11 -9 -10 -8 -1 -2 -4 -5 -14 -15 -7 -12 -13 -11 -65 -66 -72 -18 -19 -77 -78 -79 -23  }<hdr>{  }</hdr></items></format><options><beep>on</beep><match>"never"<time>30</time><co2>100</co2><delta>10</delta></match><hdr>normal</hdr><rem>normal</rem><stab>no</stab><stats>no<mean>no</mean><file>no</file><period>15</period></stats><excel>yes</excel><controls>yes</controls><comm>no</comm></options><datafile>"/User/0000-AAK1559-23072018"</datafile><button><action>"Normal Log"<code>" LogOneObsManual "</code></action></button><autoprog>"/User/Configs/AutoProgs/AutoLog2"<active>no</active></autoprog></log></open>
<open><a2d><avgtime>4.0 secs</avgtime><userchans><ch20>"Off"</ch20><ch21>"Off"</ch21><ch22>"Off"</ch22><ch23>"Off"</ch23></userchans></a2d></open>
<open><matching><type>0</type><disp>'a'</disp><settings>><CO2Limit>10.0</CO2Limit><H2OLimit>1.0</H2OLimit><MaxAutoTime>60</MaxAutoTime><AverageTime>10</AverageTime></settings></matching></open>
<li6400><factory><unit>"PSC-2470"</unit><serviced>"5 Feb 2018"</serviced><fuseaware>0</fuseaware><co2mixer>yes</co2mixer><co2><coeffs>{ 0 0.214772 2.55802e-05 1.93228e-08 -3.02262e-12 2.75724e-16  }</coeffs><dvdt>-4</dvdt><xs>{ 9.11e-05 0.00178  }</xs></co2><h2o><coeffs>{ 0 0.00581526 2.16703e-06 7.69607e-12  }</coeffs><dvdt>-2.9</dvdt><xs>{ -0.000111 -0.00256  }</xs></h2o><flow>{ 0 0.3696  }</flow><press>{ 86.913 0.00551  }</press></factory></li6400>
<li6400><user><flow_zero>-42.6</flow_zero><irga_zero><co2>113.5 152.5<at>27.1329</at></co2><h2o>-3.5 -3.5<at>28.1091</at></h2o></irga_zero><irga_span><co2>{ 0.990134 0.992694  }</co2><h2o>{ 0.996743 0.99801  }</h2o></irga_span><irga_match><co2>{ 0.110267 3.61077  }</co2><h2o>{ -0.0816591 0.051011  }</h2o></irga_match><co2_mixer><pump_mv>4500</pump_mv><ppm>{ 2352.67 1117.67 439.284 266.3 121.188 70.6751 48.8233 48.8102  }</ppm><mv>{ 5000 3000 1500 1000 500 300 200 100  }</mv></co2_mixer><parin_offset>-0.211894</parin_offset><led_cal><unit>"SI-2503"</unit><mv>{ 10 25 50 100 1000 2000 3000 4000 5000  }</mv><qntm>{ 1.83047 9.20354 23.3042 57.5395 736.221 1467.2 2160.1 2821.48 3447.04  }</qntm></led_cal><lcf_cal><unit>"LCF-0981"</unit><red><mv>{ 50 100 200 400 800 1500  }</mv><qntm>{ 64.6036 145.758 312.409 661.73 1377.94 2641.23  }</qntm></red><blue><mv>{ 100 500 1000 2000 3000 4000 5000  }</mv><qntm>{ 11.107 44.4539 81.9578 145.168 203.372 256.093 300.56  }</qntm></blue></lcf_cal></user></li6400>
"05:47:00 "
$STARTOFDATA$
"Obs"	"HHMMSS"	"YYYYMMDD"	"DOY"	"EBal?"	"Photo"	"Cond"	"Ci"	"Trmmol"	"VpdL"	"CTleaf"	"Area"	"BLC_1"	"StmRat"	"BLCond"	"Tair"	"Tleaf"	"TBlk"	"CO2R"	"CO2S"	"H2OR"	"H2OS"	"RH_R"	"RH_S"	"Flow"	"PARi"	"PARo"	"Press"	"CsMch"	"HsMch"	"StableF"	"BLCslope"	"BLCoffst"	"f_parin"	"f_parout"	"alphaK"	"Status"
"05:47:17 Flow: Fixed -> 500 umol/s"
"05:47:25 CO2 Mixer: CO2R -> 400 uml"
"05:50:01 Coolers: Tblock -> 12.00 C"
"06:02:58 Coolers: Tblock -> 0.00 C"
"06:09:42 Flow: Fixed -> 400 umol/s"
"06:17:47 Coolers: Tblock -> 0.54 C"
1	"06:18:20"	20180723	204	0	6.48	0.148	312	1.05	0.743	6.90	6	1.42	1	2.84	2.65	6.90	0.65	400.05	389.71	0.989	2.559	13.33	34.50	399.6	1701	3	100.1	3.61	0.051	1.0	-0.22	2.74	1.00	0.00	0.16	111115
2	"06:18:21"	20180723	204	0	6.48	0.148	312	1.05	0.743	6.90	6	1.42	1	2.84	2.65	6.90	0.65	400.05	389.71	0.989	2.559	13.33	34.50	399.6	1701	3	100.1	3.61	0.051	1.0	-0.22	2.74	1.00	0.00	0.16	111115
3	"06:18:21"	20180723	204	0	6.47	0.147	312	1.05	0.744	6.91	6	1.42	1	2.84	2.66	6.91	0.65	400.05	389.72	0.989	2.557	13.33	34.48	399.5	1701	3	100.1	3.61	0.051	1.0	-0.22	2.74	1.00	0.00	0.16	111115
4	"06:18:22"	20180723	204	0	6.46	0.147	312	1.05	0.744	6.92	6	1.42	1	2.84	2.66	6.92	0.65	400.05	389.73	0.989	2.556	13.34	34.46	399.5	1701	3	100.1	3.61	0.051	1.0	-0.22	2.74	1.00	0.00	0.16	111115
5	"06:18:22"	20180723	204	0	6.45	0.147	312	1.05	0.745	6.93	6	1.42	1	2.84	2.66	6.93	0.65	400.05	389.76	0.989	2.556	13.33	34.47	399.5	1701	3	100.1	3.61	0.051	1.0	-0.22	2.74	1.00	0.00	0.16	111115
6	"06:18:23"	20180723	204	0	6.44	0.147	312	1.05	0.745	6.94	6	1.42	1	2.84	2.66	6.94	0.65	400.04	389.77	0.989	2.555	13.33	34.45	399.5	1701	3	100.1	3.61	0.051	1.0	-0.22	2.74	1.00	0.00	0.16	111115
7	"06:18:24"	20180723	204	0	6.41	0.147	313	1.05	0.746	6.95	6	1.42	1	2.84	2.66	6.95	0.65	400.03	389.80	0.988	2.556	13.33	34.46	399.5	1701	3	100.1	3.61	0.051	1.0	-0.22	2.74	1.00	0.00	0.16	111115
8	"06:18:24"	20180723	204	0	6.4	0.147	313	1.05	0.746	6.95	6	1.42	1	2.84	2.66	6.95	0.65	400.04	389.82	0.988	2.556	13.32	34.46	399.5	1701	3	100.1	3.61	0.051	1.0	-0.22	2.74	1.00	0.00	0.16	111115
9	"06:18:25"	20180723	204	0	6.39	0.147	313	1.05	0.746	6.94	6	1.42	1	2.84	2.66	6.94	0.65	400.04	389.83	0.988	2.556	13.32	34.46	399.5	1701	3	100.1	3.61	0.051	1.0	-0.22	2.74	1.00	0.00	0.16	111115
10	"06:18:25"	20180723	204	0	6.41	0.147	313	1.05	0.746	6.94	6	1.42	1	2.84	2.66	6.94	0.65	400.07	389.82	0.988	2.555	13.32	34.45	399.5	1701	3	100.1	3.61	0.051	1.0	-0.22	2.74	1.00	0.00	0.16	111115
11	"06:18:26"	20180723	204	0	6.43	0.147	313	1.05	0.745	6.93	6	1.42	1	2.84	2.66	6.93	0.65	400.09	389.82	0.988	2.556	13.32	34.46	399.5	1701	3	100.1	3.61	0.051	1.0	-0.22	2.74	1.00	0.00	0.16	111115
12	"06:18:26"	20180723	204	0	6.44	0.147	312	1.05	0.745	6.93	6	1.42	1	2.84	2.66	6.93	0.65	400.09	389.80	0.988	2.556	13.32	34.46	399.5	1701	3	100.1	3.61	0.051	1.0	-0.22	2.74	1.00	0.00	0.16	111115
13	"06:18:27"	20180723	204	0	6.45	0.147	312	1.05	0.745	6.93	6	1.42	1	2.84	2.66	6.93	0.65	400.07	389.77	0.989	2.556	13.33	34.46	399.5	1701	3	100.1	3.61	0.051	1.0	-0.22	2.74	1.00	0.00	0.16	111115
14	"06:18:27"	20180723	204	0	6.41	0.147	313	1.05	0.745	6.92	6	1.42	1	2.84	2.66	6.92	0.65	400.02	389.78	0.989	2.556	13.33	34.45	399.5	1701	3	100.1	3.61	0.051	1.0	-0.22	2.74	1.00	0.00	0.16	111115
15	"06:18:28"	20180723	204	0	6.42	0.147	313	1.05	0.744	6.91	6	1.42	1	2.84	2.66	6.91	0.64	400.02	389.78	0.989	2.555	13.33	34.45	399.6	1701	3	100.1	3.61	0.051	1.0	-0.22	2.74	1.00	0.00	0.16	111115
16	"06:18:28"	20180723	204	0	6.41	0.147	313	1.05	0.743	6.91	6	1.42	1	2.84	2.66	6.91	0.64	400.01	389.78	0.989	2.555	13.34	34.45	399.6	1701	3	100.1	3.61	0.051	1.0	-0.22	2.74	1.00	0.00	0.16	111115
17	"06:18:29"	20180723	204	0	6.38	0.147	313	1.04	0.744	6.91	6	1.42	1	2.84	2.66	6.91	0.64	400.00	389.80	0.989	2.554	13.34	34.43	399.6	1701	3	100.1	3.61	0.051	1.0	-0.22	2.74	1.00	0.00	0.16	111115
18	"06:18:29"	20180723	204	0	6.36	0.147	313	1.04	0.744	6.91	6	1.42	1	2.84	2.66	6.91	0.64	399.98	389.82	0.989	2.554	13.34	34.43	399.6	1701	3	100.1	3.61	0.051	1.0	-0.22	2.74	1.00	0.00	0.16	111115
19	"06:18:30"	20180723	204	0	6.37	0.147	313	1.04	0.743	6.90	6	1.42	1	2.84	2.66	6.90	0.64	399.99	389.81	0.989	2.553	13.34	34.41	399.6	1701	3	100.1	3.61	0.051	1.0	-0.22	2.74	1.00	0.00	0.16	111115
20	"06:18:31"	20180723	204	0	6.36	0.147	313	1.04	0.743	6.90	6	1.42	1	2.84	2.66	6.90	0.64	400.00	389.84	0.988	2.552	13.32	34.41	399.6	1701	3	100.1	3.61	0.051	1.0	-0.22	2.74	1.00	0.00	0.16	111115
21	"06:18:31"	20180723	204	0	6.41	0.147	313	1.04	0.743	6.90	6	1.42	1	2.84	2.66	6.90	0.64	400.04	389.81	0.988	2.553	13.32	34.42	399.6	1701	3	100.1	3.61	0.051	1.0	-0.22	2.74	1.00	0.00	0.16	111115
22	"06:18:32"	20180723	204	0	6.42	0.147	313	1.04	0.743	6.90	6	1.42	1	2.84	2.66	6.90	0.64	400.05	389.79	0.988	2.553	13.32	34.41	399.6	1701	3	100.1	3.61	0.051	1.0	-0.22	2.74	1.00	0.00	0.16	111115
23	"06:18:32"	20180723	204	0	6.46	0.147	312	1.04	0.743	6.89	6	1.42	1	2.84	2.66	6.89	0.64	400.08	389.77	0.988	2.552	13.32	34.41	399.5	1701	3	100.1	3.61	0.051	1.0	-0.22	2.74	1.00	0.00	0.16	111115
24	"06:18:33"	20180723	204	0	6.49	0.147	312	1.04	0.742	6.88	6	1.42	1	2.84	2.66	6.88	0.64	400.09	389.73	0.988	2.551	13.32	34.39	399.5	1701	3	100.1	3.61	0.051	1.0	-0.22	2.74	1.00	0.00	0.16	111115
25	"06:18:33"	20180723	204	0	6.5	0.147	312	1.04	0.741	6.87	6	1.42	1	2.84	2.66	6.87	0.64	400.09	389.72	0.988	2.551	13.32	34.39	399.5	1701	3	100.1	3.61	0.051	1.0	-0.22	2.74	1.00	0.00	0.16	111115
"06:18:41 Coolers: Tblock -> 5.00 C"
26	"06:21:00"	20180723	204	0	7.23	0.136	295	1.05	0.807	8.56	6	1.42	1	2.84	5.98	8.56	5.10	400.16	388.69	1.538	3.111	16.42	33.22	399.5	1700	3	100.1	3.61	0.051	0.7	-0.22	2.74	1.00	0.00	0.16	111115
27	"06:21:01"	20180723	204	0	7.23	0.136	295	1.05	0.807	8.56	6	1.42	1	2.84	5.98	8.56	5.10	400.16	388.69	1.538	3.111	16.42	33.22	399.5	1700	3	100.1	3.61	0.051	0.7	-0.22	2.74	1.00	0.00	0.16	111115
28	"06:21:01"	20180723	204	0	7.23	0.136	295	1.05	0.807	8.57	6	1.42	1	2.84	5.98	8.57	5.10	400.18	388.72	1.540	3.113	16.45	33.24	399.6	1700	3	100.1	3.61	0.051	0.7	-0.22	2.74	1.00	0.00	0.16	111115
29	"06:21:02"	20180723	204	0	7.23	0.136	295	1.05	0.807	8.57	6	1.42	1	2.84	5.98	8.57	5.10	400.19	388.73	1.542	3.115	16.47	33.26	399.6	1700	3	100.1	3.61	0.051	0.7	-0.22	2.74	1.00	0.00	0.16	111115
30	"06:21:02"	20180723	204	0	7.22	0.136	296	1.05	0.807	8.57	6	1.42	1	2.84	5.99	8.57	5.10	400.22	388.76	1.544	3.117	16.48	33.28	399.6	1700	3	100.1	3.61	0.051	0.7	-0.22	2.74	1.00	0.00	0.16	111115
31	"06:21:03"	20180723	204	0	7.25	0.136	295	1.05	0.807	8.57	6	1.42	1	2.84	5.99	8.57	5.09	400.25	388.76	1.546	3.120	16.50	33.31	399.6	1700	3	100.1	3.61	0.051	0.7	-0.22	2.74	1.00	0.00	0.16	111115
32	"06:21:04"	20180723	204	0	7.25	0.136	295	1.05	0.807	8.57	6	1.42	1	2.84	5.99	8.57	5.09	400.25	388.76	1.547	3.121	16.52	33.31	399.6	1700	3	100.1	3.61	0.051	0.7	-0.22	2.74	1.00	0.00	0.16	111115
33	"06:21:04"	20180723	204	0	7.24	0.136	296	1.05	0.807	8.57	6	1.42	1	2.84	5.99	8.57	5.09	400.24	388.76	1.549	3.123	16.53	33.34	399.6	1700	3	100.1	3.61	0.051	0.7	-0.22	2.74	1.00	0.00	0.16	111115
34	"06:21:05"	20180723	204	0	7.24	0.136	296	1.05	0.806	8.57	6	1.42	1	2.84	5.99	8.57	5.09	400.22	388.74	1.549	3.125	16.53	33.35	399.6	1700	3	100.1	3.61	0.051	0.7	-0.22	2.74	1.00	0.00	0.16	111115
35	"06:21:05"	20180723	204	0	7.21	0.136	296	1.05	0.806	8.56	6	1.42	1	2.84	5.99	8.56	5.09	400.23	388.78	1.550	3.127	16.54	33.37	399.6	1700	3	100.1	3.61	0.051	0.7	-0.22	2.74	1.00	0.00	0.16	111115
36	"06:21:06"	20180723	204	0	7.2	0.136	296	1.05	0.805	8.56	6	1.42	1	2.84	5.99	8.56	5.09	400.22	388.79	1.551	3.129	16.55	33.39	399.6	1700	3	100.1	3.61	0.051	0.7	-0.22	2.74	1.00	0.00	0.16	111115
37	"06:21:06"	20180723	204	0	7.16	0.137	297	1.05	0.805	8.55	6	1.42	1	2.84	5.99	8.55	5.09	400.22	388.85	1.551	3.130	16.55	33.39	399.6	1700	3	100.1	3.61	0.051	0.7	-0.22	2.74	1.00	0.00	0.16	111115
38	"06:21:07"	20180723	204	0	7.11	0.137	298	1.06	0.805	8.56	6	1.42	1	2.84	6.00	8.56	5.09	400.18	388.89	1.552	3.135	16.56	33.44	399.6	1700	3	100.1	3.61	0.051	0.7	-0.22	2.74	1.00	0.00	0.16	111115
39	"06:21:08"	20180723	204	0	7.08	0.137	298	1.06	0.804	8.56	6	1.42	1	2.84	6.00	8.56	5.09	400.15	388.90	1.553	3.137	16.57	33.47	399.6	1700	3	100.1	3.61	0.051	1.0	-0.22	2.74	1.00	0.00	0.16	111115
40	"06:21:08"	20180723	204	0	7.06	0.137	299	1.06	0.804	8.56	6	1.42	1	2.84	6.00	8.56	5.09	400.14	388.92	1.553	3.139	16.57	33.48	399.6	1700	3	100.1	3.61	0.051	1.0	-0.22	2.74	1.00	0.00	0.16	111115
41	"06:21:09"	20180723	204	0	7.03	0.137	299	1.06	0.804	8.56	6	1.42	1	2.84	6.00	8.56	5.09	400.13	388.95	1.554	3.141	16.58	33.50	399.6	1700	3	100.1	3.61	0.051	1.0	-0.22	2.74	1.00	0.00	0.16	111115
42	"06:21:09"	20180723	204	0	7.03	0.138	299	1.06	0.804	8.57	6	1.42	1	2.84	6.00	8.57	5.09	400.12	388.95	1.554	3.143	16.58	33.52	399.6	1700	3	100.1	3.61	0.051	1.0	-0.22	2.74	1.00	0.00	0.16	111115
43	"06:21:10"	20180723	204	0	7.01	0.138	300	1.06	0.805	8.57	6	1.42	1	2.84	6.00	8.57	5.09	400.11	388.96	1.555	3.145	16.58	33.54	399.6	1700	4	100.1	3.61	0.051	1.0	-0.22	2.74	1.00	0.00	0.16	111115
44	"06:21:10"	20180723	204	0	7.03	0.138	299	1.06	0.805	8.58	6	1.42	1	2.84	6.00	8.58	5.09	400.11	388.93	1.555	3.148	16.58	33.57	399.6	1700	4	100.1	3.61	0.051	0.7	-0.22	2.74	1.00	0.00	0.16	111115
45	"06:21:17"	20180723	204	0	7.06	0.139	299	1.07	0.807	8.63	6	1.42	1	2.84	6.02	8.63	5.09	400.11	388.88	1.559	3.165	16.61	33.71	399.5	1700	3	100.1	3.61	0.051	1.0	-0.22	2.74	1.00	0.00	0.16	111115
46	"06:21:18"	20180723	204	0	7.04	0.138	300	1.07	0.807	8.63	6	1.42	1	2.84	6.02	8.63	5.09	400.10	388.90	1.560	3.164	16.61	33.70	399.5	1700	3	100.1	3.61	0.051	1.0	-0.22	2.74	1.00	0.00	0.16	111115
47	"06:21:18"	20180723	204	0	7.04	0.138	300	1.07	0.807	8.63	6	1.42	1	2.84	6.02	8.63	5.09	400.10	388.90	1.560	3.164	16.61	33.70	399.5	1700	3	100.1	3.61	0.051	1.0	-0.22	2.74	1.00	0.00	0.16	111115
48	"06:21:19"	20180723	204	0	7.05	0.139	300	1.07	0.807	8.63	6	1.42	1	2.84	6.02	8.63	5.09	400.10	388.89	1.560	3.165	16.61	33.71	399.5	1700	3	100.1	3.61	0.051	1.0	-0.22	2.74	1.00	0.00	0.16	111115
49	"06:21:19"	20180723	204	0	7.04	0.139	300	1.07	0.807	8.62	6	1.42	1	2.84	6.02	8.62	5.09	400.10	388.89	1.560	3.166	16.61	33.71	399.5	1700	3	100.1	3.61	0.051	1.0	-0.22	2.74	1.00	0.00	0.16	111115
50	"06:21:20"	20180723	204	0	7.03	0.139	300	1.07	0.806	8.62	6	1.42	1	2.84	6.02	8.62	5.09	400.09	388.90	1.560	3.167	16.61	33.72	399.5	1700	3	100.1	3.61	0.051	1.0	-0.22	2.74	1.00	0.00	0.16	111115
51	"06:21:20"	20180723	204	0	7.03	0.139	300	1.07	0.806	8.62	6	1.42	1	2.84	6.02	8.62	5.09	400.08	388.90	1.561	3.168	16.62	33.73	399.5	1700	3	100.1	3.61	0.051	1.0	-0.22	2.74	1.00	0.00	0.16	111115
52	"06:21:21"	20180723	204	0	7.04	0.139	300	1.07	0.806	8.63	6	1.42	1	2.84	6.03	8.63	5.09	400.09	388.89	1.561	3.169	16.62	33.74	399.5	1700	3	100.1	3.61	0.051	1.0	-0.22	2.74	1.00	0.00	0.16	111115
53	"06:21:21"	20180723	204	0	7.06	0.139	300	1.08	0.807	8.64	6	1.42	1	2.84	6.03	8.64	5.09	400.11	388.89	1.561	3.171	16.62	33.75	399.5	1700	3	100.1	3.61	0.051	1.0	-0.22	2.74	1.00	0.00	0.16	111115
54	"06:21:22"	20180723	204	0	7.1	0.139	299	1.08	0.807	8.64	6	1.42	1	2.84	6.03	8.64	5.09	400.15	388.86	1.562	3.174	16.62	33.78	399.5	1700	3	100.1	3.61	0.051	1.0	-0.22	2.74	1.00	0.00	0.16	111115
55	"06:21:23"	20180723	204	0	7.1	0.139	299	1.08	0.807	8.64	6	1.42	1	2.84	6.03	8.64	5.09	400.16	388.87	1.562	3.174	16.63	33.78	399.5	1700	3	100.1	3.61	0.051	1.0	-0.22	2.74	1.00	0.00	0.16	111115
56	"06:21:23"	20180723	204	0	7.09	0.139	299	1.08	0.808	8.65	6	1.42	1	2.84	6.03	8.65	5.09	400.17	388.89	1.563	3.175	16.63	33.79	399.6	1700	3	100.1	3.61	0.051	1.0	-0.22	2.74	1.00	0.00	0.16	111115
57	"06:21:24"	20180723	204	0	7.1	0.139	299	1.08	0.808	8.66	6	1.42	1	2.84	6.03	8.66	5.09	400.17	388.88	1.564	3.176	16.64	33.80	399.6	1700	3	100.1	3.61	0.051	1.0	-0.22	2.74	1.00	0.00	0.16	111115
58	"06:21:24"	20180723	204	0	7.1	0.139	299	1.08	0.807	8.65	6	1.42	1	2.84	6.03	8.65	5.09	400.18	388.90	1.564	3.177	16.64	33.81	399.5	1700	3	100.1	3.61	0.051	1.0	-0.22	2.74	1.00	0.00	0.16	111115
59	"06:21:25"	20180723	204	0	7.08	0.139	300	1.08	0.808	8.65	6	1.42	1	2.84	6.03	8.65	5.09	400.16	388.90	1.564	3.177	16.64	33.80	399.5	1700	3	100.1	3.61	0.051	1.0	-0.22	2.74	1.00	0.00	0.16	111115
60	"06:21:25"	20180723	204	0	7.06	0.139	300	1.08	0.808	8.65	6	1.42	1	2.84	6.04	8.65	5.09	400.12	388.89	1.564	3.178	16.64	33.81	399.6	1700	3	100.1	3.61	0.051	1.0	-0.22	2.74	1.00	0.00	0.16	111115
61	"06:21:26"	20180723	204	0	7.04	0.139	300	1.08	0.808	8.66	6	1.42	1	2.84	6.04	8.66	5.09	400.09	388.90	1.564	3.178	16.64	33.80	399.5	1700	3	100.1	3.61	0.051	1.0	-0.22	2.74	1.00	0.00	0.16	111115
62	"06:21:27"	20180723	204	0	7.01	0.139	300	1.08	0.809	8.67	6	1.42	1	2.84	6.04	8.67	5.09	400.06	388.90	1.564	3.178	16.64	33.81	399.5	1700	3	100.1	3.61	0.051	1.0	-0.22	2.74	1.00	0.00	0.16	111115
63	"06:21:27"	20180723	204	0	7	0.139	300	1.08	0.809	8.67	6	1.42	1	2.84	6.04	8.67	5.09	400.04	388.89	1.564	3.179	16.63	33.81	399.5	1700	3	100.1	3.61	0.051	1.0	-0.22	2.74	1.00	0.00	0.16	111115
64	"06:21:28"	20180723	204	0	6.99	0.139	301	1.08	0.809	8.68	6	1.42	1	2.84	6.04	8.68	5.09	400.04	388.91	1.564	3.178	16.63	33.80	399.5	1700	3	100.1	3.61	0.051	1.0	-0.22	2.74	1.00	0.00	0.16	111115
65	"06:21:28"	20180723	204	0	6.97	0.139	301	1.08	0.81	8.69	6	1.42	1	2.84	6.04	8.69	5.09	400.01	388.91	1.564	3.179	16.63	33.81	399.5	1700	3	100.1	3.61	0.051	1.0	-0.22	2.74	1.00	0.00	0.16	111115
66	"06:21:29"	20180723	204	0	6.98	0.139	301	1.08	0.81	8.69	6	1.42	1	2.84	6.04	8.69	5.09	400.01	388.89	1.564	3.181	16.63	33.82	399.5	1700	3	100.1	3.61	0.051	1.0	-0.22	2.74	1.00	0.00	0.16	111115
67	"06:21:30"	20180723	204	0	6.99	0.139	301	1.08	0.81	8.69	6	1.42	1	2.84	6.04	8.69	5.09	400.02	388.90	1.565	3.182	16.64	33.83	399.5	1700	3	100.1	3.61	0.051	1.0	-0.22	2.74	1.00	0.00	0.16	111115
68	"06:21:30"	20180723	204	0	6.97	0.139	301	1.08	0.809	8.68	6	1.42	1	2.84	6.05	8.68	5.09	400.02	388.93	1.565	3.182	16.64	33.84	399.5	1700	3	100.1	3.61	0.051	1.0	-0.22	2.74	1.00	0.00	0.16	111115
"06:21:38 Coolers: Tblock -> 10.00 C"
69	"06:23:31"	20180723	204	0	7.39	0.137	294	1.16	0.879	10.62	6	1.42	1	2.84	9.82	10.62	10.09	400.06	388.29	2.317	4.047	19.06	33.29	399.5	1700	3	100.1	3.61	0.051	1.0	-0.22	2.74	1.00	0.00	0.16	111115
70	"06:23:31"	20180723	204	0	7.39	0.137	294	1.16	0.879	10.62	6	1.42	1	2.84	9.82	10.62	10.09	400.06	388.29	2.317	4.047	19.06	33.29	399.5	1700	3	100.1	3.61	0.051	1.0	-0.22	2.74	1.00	0.00	0.16	111115
71	"06:23:32"	20180723	204	0	7.42	0.137	293	1.16	0.879	10.62	6	1.42	1	2.84	9.82	10.62	10.09	400.05	388.23	2.317	4.048	19.06	33.29	399.5	1700	3	100.1	3.61	0.051	0.7	-0.22	2.74	1.00	0.00	0.16	111115
72	"06:23:32"	20180723	204	0	7.43	0.137	293	1.16	0.879	10.62	6	1.42	1	2.84	9.82	10.62	10.09	400.05	388.21	2.317	4.049	19.05	33.29	399.5	1700	3	100.1	3.61	0.051	0.7	-0.22	2.74	1.00	0.00	0.16	111115
73	"06:23:33"	20180723	204	0	7.44	0.137	293	1.16	0.879	10.62	6	1.42	1	2.84	9.82	10.62	10.09	400.04	388.19	2.317	4.051	19.05	33.30	399.5	1700	3	100.1	3.61	0.051	0.7	-0.22	2.74	1.00	0.00	0.16	111115
74	"06:23:33"	20180723	204	0	7.46	0.137	293	1.16	0.879	10.62	6	1.42	1	2.84	9.83	10.62	10.09	400.04	388.16	2.317	4.053	19.05	33.31	399.5	1700	3	100.1	3.61	0.051	0.7	-0.22	2.74	1.00	0.00	0.16	111115
75	"06:23:34"	20180723	204	0	7.51	0.138	292	1.16	0.879	10.62	6	1.42	1	2.84	9.83	10.62	10.09	400.04	388.09	2.317	4.056	19.04	33.33	399.5	1700	3	100.1	3.61	0.051	0.7	-0.22	2.74	1.00	0.00	0.16	111115
76	"06:23:34"	20180723	204	0	7.53	0.138	292	1.16	0.879	10.62	6	1.42	1	2.84	9.83	10.62	10.09	400.04	388.06	2.318	4.056	19.04	33.32	399.5	1700	3	100.1	3.61	0.051	0.7	-0.22	2.74	1.00	0.00	0.16	111115
77	"06:23:35"	20180723	204	0	7.54	0.138	292	1.16	0.879	10.63	6	1.42	1	2.84	9.84	10.63	10.09	400.03	388.03	2.318	4.057	19.04	33.33	399.5	1700	3	100.1	3.61	0.051	0.7	-0.22	2.74	1.00	0.00	0.16	111115
78	"06:23:51"	20180723	204	0	7.83	0.137	288	1.18	0.894	10.83	6	1.42	1	2.84	9.93	10.83	10.10	400.09	387.65	2.321	4.086	18.95	33.36	399.5	1699	3	100.1	3.61	0.051	1.0	-0.22	2.74	1.00	0.00	0.16	111115
79	"06:23:51"	20180723	204	0	7.83	0.137	288	1.18	0.894	10.83	6	1.42	1	2.84	9.93	10.83	10.10	400.09	387.65	2.321	4.086	18.95	33.36	399.5	1699	3	100.1	3.61	0.051	1.0	-0.22	2.74	1.00	0.00	0.16	111115
80	"06:23:52"	20180723	204	0	7.86	0.137	287	1.18	0.894	10.84	6	1.42	1	2.84	9.93	10.84	10.10	400.10	387.60	2.321	4.086	18.95	33.35	399.5	1699	3	100.1	3.61	0.051	1.0	-0.22	2.74	1.00	0.00	0.16	111115
81	"06:23:52"	20180723	204	0	7.85	0.137	288	1.18	0.894	10.84	6	1.42	1	2.84	9.93	10.84	10.10	400.10	387.62	2.321	4.087	18.95	33.36	399.5	1699	3	100.1	3.61	0.051	1.0	-0.22	2.74	1.00	0.00	0.16	111115
82	"06:23:53"	20180723	204	0	7.87	0.137	287	1.18	0.895	10.84	6	1.42	1	2.84	9.94	10.84	10.10	400.12	387.61	2.322	4.087	18.95	33.35	399.5	1699	3	100.1	3.61	0.051	1.0	-0.22	2.74	1.00	0.00	0.16	111115
83	"06:23:54"	20180723	204	0	7.88	0.137	287	1.18	0.895	10.85	6	1.42	1	2.84	9.94	10.85	10.10	400.12	387.60	2.322	4.088	18.94	33.36	399.5	1699	3	100.1	3.61	0.051	1.0	-0.22	2.74	1.00	0.00	0.16	111115
84	"06:23:54"	20180723	204	0	7.86	0.137	287	1.18	0.895	10.86	6	1.42	1	2.84	9.94	10.86	10.10	400.09	387.61	2.322	4.089	18.94	33.35	399.5	1699	3	100.1	3.61	0.051	1.0	-0.22	2.74	1.00	0.00	0.16	111115
85	"06:23:55"	20180723	204	0	7.85	0.137	287	1.18	0.896	10.86	6	1.42	1	2.84	9.94	10.86	10.10	400.09	387.61	2.322	4.089	18.93	33.35	399.5	1699	3	100.1	3.61	0.051	1.0	-0.22	2.74	1.00	0.00	0.16	111115
86	"06:23:55"	20180723	204	0	7.83	0.137	288	1.18	0.896	10.86	6	1.42	1	2.84	9.94	10.86	10.10	400.08	387.63	2.322	4.090	18.93	33.35	399.5	1699	3	100.1	3.61	0.051	0.7	-0.22	2.74	1.00	0.00	0.16	111115
87	"06:23:56"	20180723	204	0	7.82	0.137	288	1.18	0.896	10.86	6	1.42	1	2.84	9.95	10.86	10.10	400.10	387.67	2.322	4.090	18.93	33.35	399.5	1699	3	100.1	3.61	0.051	0.7	-0.22	2.74	1.00	0.00	0.16	111115
88	"06:23:56"	20180723	204	0	7.82	0.137	288	1.18	0.897	10.88	6	1.42	1	2.84	9.95	10.88	10.10	400.15	387.71	2.322	4.092	18.93	33.35	399.5	1699	3	100.1	3.61	0.051	0.7	-0.22	2.74	1.00	0.00	0.16	111115
89	"06:23:57"	20180723	204	0	7.8	0.137	288	1.18	0.898	10.89	6	1.42	1	2.84	9.95	10.89	10.10	400.13	387.72	2.322	4.094	18.92	33.36	399.5	1699	3	100.1	3.61	0.051	0.7	-0.22	2.74	1.00	0.00	0.16	111115
90	"06:23:57"	20180723	204	0	7.82	0.137	288	1.19	0.899	10.90	6	1.42	1	2.84	9.96	10.90	10.10	400.13	387.70	2.321	4.095	18.91	33.36	399.5	1699	3	100.1	3.61	0.051	1.0	-0.22	2.74	1.00	0.00	0.16	111115
91	"06:23:58"	20180723	204	0	7.83	0.137	288	1.19	0.899	10.91	6	1.42	1	2.84	9.96	10.91	10.10	400.13	387.68	2.322	4.096	18.92	33.37	399.5	1699	3	100.1	3.61	0.051	1.0	-0.22	2.74	1.00	0.00	0.16	111115
92	"06:23:59"	20180723	204	0	7.83	0.137	288	1.19	0.9	10.91	6	1.42	1	2.84	9.96	10.91	10.10	400.14	387.68	2.323	4.097	18.92	33.37	399.5	1699	3	100.1	3.61	0.051	1.0	-0.22	2.74	1.00	0.00	0.16	111115
93	"06:23:59"	20180723	204	0	7.84	0.137	287	1.19	0.901	10.93	6	1.42	1	2.84	9.96	10.93	10.10	400.14	387.67	2.323	4.097	18.92	33.36	399.5	1699	3	100.1	3.61	0.051	1.0	-0.22	2.74	1.00	0.00	0.16	111115
94	"06:24:00"	20180723	204	0	7.85	0.137	287	1.19	0.901	10.93	6	1.42	1	2.84	9.97	10.93	10.10	400.11	387.63	2.322	4.100	18.91	33.38	399.5	1699	3	100.1	3.61	0.051	1.0	-0.22	2.74	1.00	0.00	0.16	111115
95	"06:24:00"	20180723	204	0	7.85	0.137	287	1.19	0.901	10.93	6	1.42	1	2.84	9.97	10.93	10.10	400.11	387.63	2.322	4.100	18.91	33.38	399.5	1699	3	100.1	3.61	0.051	1.0	-0.22	2.74	1.00	0.00	0.16	111115
96	"06:24:01"	20180723	204	0	7.9	0.137	287	1.19	0.902	10.94	6	1.42	1	2.84	9.97	10.94	10.10	400.12	387.57	2.323	4.100	18.91	33.37	399.5	1699	3	100.1	3.61	0.051	1.0	-0.22	2.74	1.00	0.00	0.16	111115
97	"06:24:02"	20180723	204	0	7.9	0.137	287	1.19	0.902	10.95	6	1.42	1	2.84	9.98	10.95	10.10	400.13	387.58	2.324	4.102	18.91	33.38	399.5	1699	3	100.1	3.61	0.051	1.0	-0.22	2.74	1.00	0.00	0.16	111115
98	"06:24:02"	20180723	204	0	7.91	0.137	287	1.19	0.903	10.95	6	1.42	1	2.84	9.98	10.95	10.10	400.15	387.58	2.324	4.101	18.91	33.37	399.5	1699	3	100.1	3.61	0.051	1.0	-0.22	2.74	1.00	0.00	0.16	111115
99	"06:24:03"	20180723	204	0	7.91	0.137	287	1.19	0.903	10.96	6	1.42	1	2.84	9.98	10.96	10.10	400.14	387.57	2.323	4.101	18.90	33.36	399.5	1699	3	100.1	3.61	0.051	1.0	-0.22	2.74	1.00	0.00	0.16	111115
100	"06:24:03"	20180723	204	0	7.94	0.137	286	1.19	0.903	10.96	6	1.42	1	2.84	9.98	10.96	10.10	400.16	387.55	2.323	4.101	18.89	33.36	399.5	1699	3	100.1	3.61	0.051	1.0	-0.22	2.74	1.00	0.00	0.16	111115
101	"06:24:04"	20180723	204	0	7.97	0.137	286	1.19	0.905	10.98	6	1.42	1	2.84	9.99	10.98	10.09	400.20	387.54	2.323	4.102	18.89	33.35	399.5	1699	3	100.1	3.61	0.051	1.0	-0.22	2.74	1.00	0.00	0.16	111115
102	"06:24:04"	20180723	204	0	7.95	0.137	286	1.19	0.905	10.98	6	1.42	1	2.84	9.99	10.98	10.09	400.19	387.56	2.323	4.102	18.89	33.35	399.5	1699	3	100.1	3.61	0.051	1.0	-0.22	2.74	1.00	0.00	0.16	111115
103	"06:24:05"	20180723	204	0	7.9	0.137	286	1.19	0.906	10.99	6	1.42	1	2.84	9.99	10.99	10.09	400.15	387.59	2.323	4.102	18.88	33.35	399.5	1699	3	100.1	3.61	0.051	1.0	-0.22	2.74	1.00	0.00	0.16	111115
104	"06:24:06"	20180723	204	0	7.9	0.137	287	1.19	0.905	10.98	6	1.42	1	2.84	9.99	10.98	10.08	400.15	387.60	2.323	4.103	18.88	33.35	399.5	1699	3	100.1	3.61	0.051	1.0	-0.22	2.74	1.00	0.00	0.16	111115
105	"06:24:06"	20180723	204	0	7.88	0.137	287	1.19	0.905	10.98	6	1.42	1	2.84	9.99	10.98	10.08	400.14	387.62	2.322	4.104	18.87	33.36	399.5	1699	3	100.1	3.61	0.051	1.0	-0.22	2.74	1.00	0.00	0.16	111115
106	"06:24:07"	20180723	204	0	7.87	0.137	287	1.19	0.905	10.98	6	1.42	1	2.84	10.00	10.98	10.08	400.14	387.62	2.322	4.105	18.87	33.36	399.5	1699	3	100.1	3.61	0.051	1.0	-0.22	2.74	1.00	0.00	0.16	111115
107	"06:24:08"	20180723	204	0	7.86	0.137	287	1.19	0.905	10.98	6	1.42	1	2.84	10.00	10.98	10.08	400.13	387.62	2.322	4.105	18.87	33.35	399.5	1699	3	100.1	3.61	0.051	1.0	-0.22	2.74	1.00	0.00	0.16	111115
108	"06:24:08"	20180723	204	0	7.86	0.137	287	1.19	0.905	10.98	6	1.42	1	2.84	10.00	10.98	10.08	400.11	387.60	2.322	4.106	18.87	33.36	399.5	1699	3	100.1	3.61	0.051	1.0	-0.22	2.74	1.00	0.00	0.16	111115
109	"06:24:09"	20180723	204	0	7.88	0.137	287	1.19	0.905	10.99	6	1.42	1	2.84	10.00	10.99	10.08	400.10	387.57	2.323	4.107	18.87	33.36	399.5	1699	3	100.1	3.61	0.051	1.0	-0.22	2.74	1.00	0.00	0.16	111115
110	"06:24:09"	20180723	204	0	7.87	0.137	287	1.19	0.906	11.00	6	1.42	1	2.84	10.00	11.00	10.08	400.07	387.56	2.322	4.106	18.86	33.35	399.5	1699	3	100.1	3.61	0.051	1.0	-0.22	2.74	1.00	0.00	0.16	111115
111	"06:24:10"	20180723	204	0	7.91	0.137	286	1.19	0.907	11.01	6	1.42	1	2.84	10.01	11.01	10.08	400.10	387.53	2.323	4.106	18.86	33.34	399.5	1699	3	100.1	3.61	0.051	1.0	-0.22	2.74	1.00	0.00	0.16	111115
112	"06:24:11"	20180723	204	0	7.9	0.137	286	1.19	0.908	11.02	6	1.42	1	2.84	10.01	11.02	10.08	400.09	387.52	2.323	4.107	18.86	33.35	399.5	1699	3	100.1	3.61	0.051	1.0	-0.22	2.74	1.00	0.00	0.16	111115
113	"06:24:11"	20180723	204	0	7.88	0.137	287	1.19	0.908	11.02	6	1.42	1	2.84	10.01	11.02	10.08	400.07	387.54	2.323	4.109	18.86	33.36	399.5	1699	3	100.1	3.61	0.051	1.0	-0.22	2.74	1.00	0.00	0.16	111115
114	"06:24:12"	20180723	204	0	7.88	0.137	287	1.2	0.909	11.03	6	1.42	1	2.84	10.01	11.03	10.08	400.08	387.55	2.323	4.110	18.85	33.37	399.5	1699	3	100.1	3.61	0.051	1.0	-0.22	2.74	1.00	0.00	0.16	111115
115	"06:24:12"	20180723	204	0	7.91	0.137	286	1.2	0.909	11.03	6	1.42	1	2.84	10.02	11.03	10.08	400.11	387.53	2.324	4.111	18.86	33.37	399.5	1699	3	100.1	3.61	0.051	1.0	-0.22	2.74	1.00	0.00	0.16	111115
116	"06:24:13"	20180723	204	0	7.91	0.137	286	1.2	0.909	11.04	6	1.42	1	2.84	10.02	11.04	10.09	400.11	387.54	2.324	4.113	18.86	33.38	399.5	1699	3	100.1	3.61	0.051	1.0	-0.22	2.74	1.00	0.00	0.16	111115
117	"06:24:14"	20180723	204	0	7.93	0.137	286	1.2	0.909	11.04	6	1.42	1	2.84	10.02	11.04	10.09	400.12	387.52	2.325	4.113	18.86	33.37	399.5	1699	3	100.1	3.61	0.051	1.0	-0.22	2.74	1.00	0.00	0.16	111115
118	"06:24:14"	20180723	204	0	7.91	0.137	286	1.2	0.909	11.05	6	1.42	1	2.84	10.02	11.05	10.09	400.09	387.51	2.325	4.115	18.86	33.38	399.5	1699	3	100.1	3.61	0.051	1.0	-0.22	2.74	1.00	0.00	0.16	111115
119	"06:24:15"	20180723	204	0	7.91	0.137	286	1.2	0.909	11.04	6	1.42	1	2.84	10.02	11.04	10.09	400.09	387.51	2.326	4.115	18.87	33.38	399.5	1699	3	100.1	3.61	0.051	1.0	-0.22	2.74	1.00	0.00	0.16	111115
"06:24:48 Coolers: Tblock -> 15.00 C"
120	"06:27:39"	20180723	204	0	8.73	0.132	270	1.33	1.05	13.80	6	1.42	1	2.84	14.20	13.80	15.09	400.02	386.14	3.399	5.383	20.93	33.15	399.5	1700	2	100.1	3.61	0.051	1.0	-0.22	2.74	1.00	0.00	0.16	111115
121	"06:27:39"	20180723	204	0	8.72	0.132	271	1.33	1.05	13.81	6	1.42	1	2.84	14.21	13.81	15.09	400.00	386.13	3.399	5.385	20.93	33.16	399.5	1700	2	100.1	3.61	0.051	1.0	-0.22	2.74	1.00	0.00	0.16	111115
122	"06:27:40"	20180723	204	0	8.73	0.132	270	1.33	1.05	13.81	6	1.42	1	2.84	14.21	13.81	15.09	399.99	386.10	3.399	5.386	20.93	33.16	399.5	1700	2	100.1	3.61	0.051	1.0	-0.22	2.74	1.00	0.00	0.16	111115
123	"06:27:40"	20180723	204	0	8.73	0.132	270	1.33	1.05	13.81	6	1.42	1	2.84	14.21	13.81	15.09	399.99	386.10	3.399	5.386	20.93	33.16	399.5	1700	2	100.1	3.61	0.051	1.0	-0.22	2.74	1.00	0.00	0.16	111115
124	"06:27:41"	20180723	204	0	8.73	0.132	270	1.33	1.05	13.82	6	1.42	1	2.84	14.21	13.82	15.09	399.99	386.11	3.399	5.387	20.92	33.16	399.5	1700	2	100.1	3.61	0.051	1.0	-0.22	2.74	1.00	0.00	0.16	111115
125	"06:27:41"	20180723	204	0	8.76	0.132	270	1.33	1.05	13.83	6	1.42	1	2.84	14.22	13.83	15.09	400.00	386.08	3.399	5.389	20.92	33.16	399.5	1700	2	100.1	3.61	0.051	1.0	-0.22	2.74	1.00	0.00	0.16	111115
126	"06:27:42"	20180723	204	0	8.77	0.132	270	1.33	1.05	13.83	6	1.42	1	2.84	14.22	13.83	15.09	400.01	386.06	3.400	5.390	20.92	33.16	399.5	1700	2	100.1	3.61	0.051	1.0	-0.22	2.74	1.00	0.00	0.16	111115
127	"06:27:43"	20180723	204	0	8.76	0.132	270	1.33	1.05	13.83	6	1.42	1	2.84	14.22	13.83	15.09	399.98	386.06	3.400	5.390	20.92	33.16	399.5	1700	2	100.1	3.61	0.051	1.0	-0.22	2.74	1.00	0.00	0.16	111115
128	"06:27:43"	20180723	204	0	8.82	0.132	269	1.33	1.05	13.84	6	1.42	1	2.84	14.23	13.84	15.09	400.00	385.99	3.400	5.390	20.91	33.15	399.5	1700	2	100.1	3.61	0.051	1.0	-0.22	2.74	1.00	0.00	0.16	111115
129	"06:27:44"	20180723	204	0	8.82	0.132	269	1.33	1.05	13.84	6	1.42	1	2.84	14.23	13.84	15.09	400.00	385.99	3.401	5.391	20.91	33.15	399.5	1700	3	100.1	3.61	0.051	1.0	-0.22	2.74	1.00	0.00	0.16	111115
130	"06:27:44"	20180723	204	0	8.82	0.132	269	1.33	1.05	13.85	6	1.42	1	2.84	14.23	13.85	15.09	400.00	385.98	3.401	5.391	20.91	33.15	399.5	1700	3	100.1	3.61	0.051	1.0	-0.22	2.74	1.00	0.00	0.16	111115
131	"06:27:45"	20180723	204	0	8.82	0.132	269	1.33	1.05	13.85	6	1.42	1	2.84	14.23	13.85	15.10	399.98	385.96	3.400	5.392	20.90	33.15	399.5	1700	2	100.1	3.61	0.051	0.7	-0.22	2.74	1.00	0.00	0.16	111115
132	"06:27:45"	20180723	204	0	8.79	0.132	269	1.33	1.05	13.86	6	1.42	1	2.84	14.24	13.86	15.10	399.96	385.98	3.400	5.393	20.90	33.15	399.5	1700	2	100.1	3.61	0.051	0.7	-0.22	2.74	1.00	0.00	0.16	111115
133	"06:27:59"	20180723	204	0	8.98	0.131	266	1.35	1.06	14.02	6	1.42	1	2.84	14.30	14.02	15.09	399.97	385.70	3.405	5.419	20.83	33.16	399.5	1700	3	100.1	3.61	0.051	1.0	-0.22	2.74	1.00	0.00	0.16	111115
134	"06:28:00"	20180723	204	0	8.98	0.131	266	1.35	1.06	14.02	6	1.42	1	2.84	14.31	14.02	15.09	399.97	385.70	3.404	5.419	20.83	33.16	399.5	1700	3	100.1	3.61	0.051	1.0	-0.22	2.74	1.00	0.00	0.16	111115
135	"06:28:00"	20180723	204	0	9.01	0.131	266	1.35	1.06	14.02	6	1.42	1	2.84	14.31	14.02	15.09	400.00	385.69	3.404	5.418	20.83	33.15	399.5	1700	2	100.1	3.61	0.051	1.0	-0.22	2.74	1.00	0.00	0.16	111115
136	"06:28:01"	20180723	204	0	9.01	0.131	266	1.35	1.06	14.02	6	1.42	1	2.84	14.31	14.02	15.09	400.00	385.69	3.404	5.418	20.83	33.15	399.5	1700	2	100.1	3.61	0.051	1.0	-0.22	2.74	1.00	0.00	0.16	111115
137	"06:28:01"	20180723	204	0	9.01	0.131	266	1.35	1.06	14.02	6	1.42	1	2.84	14.31	14.02	15.09	400.00	385.68	3.404	5.419	20.82	33.15	399.5	1700	2	100.1	3.61	0.051	1.0	-0.22	2.74	1.00	0.00	0.16	111115
138	"06:28:02"	20180723	204	0	9.02	0.131	266	1.35	1.06	14.03	6	1.42	1	2.84	14.31	14.03	15.09	400.00	385.68	3.405	5.420	20.82	33.15	399.5	1700	2	100.1	3.61	0.051	1.0	-0.22	2.74	1.00	0.00	0.16	111115
139	"06:28:02"	20180723	204	0	8.99	0.131	266	1.35	1.06	14.03	6	1.42	1	2.84	14.31	14.03	15.09	400.00	385.71	3.405	5.422	20.82	33.15	399.5	1700	3	100.1	3.61	0.051	1.0	-0.22	2.74	1.00	0.00	0.16	111115
140	"06:28:03"	20180723	204	0	9	0.131	266	1.35	1.07	14.04	6	1.42	1	2.84	14.32	14.04	15.09	400.01	385.70	3.404	5.421	20.81	33.15	399.5	1700	2	100.1	3.61	0.051	1.0	-0.22	2.74	1.00	0.00	0.16	111115
141	"06:28:03"	20180723	204	0	9.02	0.131	266	1.35	1.07	14.04	6	1.42	1	2.84	14.32	14.04	15.09	400.04	385.72	3.405	5.421	20.81	33.14	399.5	1700	3	100.1	3.61	0.051	1.0	-0.22	2.74	1.00	0.00	0.16	111115
142	"06:28:04"	20180723	204	0	9.01	0.131	266	1.35	1.07	14.05	6	1.42	1	2.84	14.32	14.05	15.09	400.05	385.74	3.405	5.421	20.81	33.14	399.5	1700	3	100.1	3.61	0.051	1.0	-0.22	2.74	1.00	0.00	0.16	111115
143	"06:28:05"	20180723	204	0	9.03	0.131	266	1.35	1.07	14.05	6	1.42	1	2.84	14.32	14.05	15.09	400.06	385.72	3.406	5.422	20.81	33.14	399.5	1700	3	100.1	3.61	0.051	1.0	-0.22	2.74	1.00	0.00	0.16	111115
144	"06:28:05"	20180723	204	0	9.02	0.131	266	1.35	1.07	14.06	6	1.42	1	2.84	14.33	14.06	15.10	400.04	385.72	3.406	5.424	20.81	33.14	399.5	1699	3	100.1	3.61	0.051	1.0	-0.22	2.74	1.00	0.00	0.16	111115
145	"06:28:06"	20180723	204	0	9.04	0.131	265	1.35	1.07	14.06	6	1.42	1	2.84	14.33	14.06	15.10	400.03	385.67	3.407	5.425	20.81	33.14	399.5	1699	3	100.1	3.61	0.051	1.0	-0.22	2.74	1.00	0.00	0.16	111115
146	"06:28:06"	20180723	204	0	9.07	0.131	265	1.35	1.07	14.07	6	1.42	1	2.84	14.33	14.07	15.10	400.03	385.63	3.407	5.427	20.81	33.15	399.5	1699	3	100.1	3.61	0.051	1.0	-0.22	2.74	1.00	0.00	0.16	111115
147	"06:28:07"	20180723	204	0	9.04	0.131	265	1.35	1.07	14.08	6	1.42	1	2.84	14.34	14.08	15.11	400.01	385.66	3.407	5.428	20.80	33.14	399.5	1699	3	100.1	3.61	0.051	1.0	-0.22	2.74	1.00	0.00	0.16	111115
148	"06:28:07"	20180723	204	0	9.03	0.131	266	1.35	1.07	14.08	6	1.42	1	2.84	14.34	14.08	15.11	399.99	385.65	3.407	5.429	20.80	33.15	399.5	1699	3	100.1	3.61	0.051	1.0	-0.22	2.74	1.00	0.00	0.16	111115
"06:28:25 Coolers: Tblock -> 20.00 C"
149	"06:31:44"	20180723	204	0	9.66	0.122	246	1.44	1.22	17.09	6	1.42	1	2.84	18.64	17.09	20.10	399.60	384.26	5.242	7.383	24.33	34.27	399.5	1699	3	100.1	3.61	0.051	1.0	-0.22	2.74	1.00	0.00	0.16	111115
150	"06:31:45"	20180723	204	0	9.67	0.122	246	1.44	1.22	17.10	6	1.42	1	2.84	18.65	17.10	20.10	399.58	384.22	5.241	7.384	24.33	34.27	399.5	1699	3	100.1	3.61	0.051	1.0	-0.22	2.74	1.00	0.00	0.16	111115
151	"06:31:45"	20180723	204	0	9.67	0.122	246	1.44	1.22	17.11	6	1.42	1	2.84	18.65	17.11	20.10	399.55	384.20	5.240	7.384	24.32	34.27	399.5	1699	3	100.1	3.61	0.051	1.0	-0.22	2.74	1.00	0.00	0.16	111115
152	"06:31:46"	20180723	204	0	9.68	0.121	246	1.44	1.22	17.11	6	1.42	1	2.84	18.65	17.11	20.09	399.54	384.18	5.240	7.384	24.31	34.26	399.5	1699	3	100.1	3.61	0.051	1.0	-0.22	2.74	1.00	0.00	0.16	111115
153	"06:31:46"	20180723	204	0	9.67	0.121	246	1.44	1.22	17.12	6	1.42	1	2.84	18.66	17.12	20.09	399.54	384.18	5.239	7.384	24.30	34.25	399.5	1699	3	100.1	3.61	0.051	1.0	-0.22	2.74	1.00	0.00	0.16	111115
154	"06:31:47"	20180723	204	0	9.65	0.121	246	1.44	1.22	17.13	6	1.42	1	2.84	18.66	17.13	20.09	399.53	384.21	5.239	7.385	24.30	34.25	399.5	1699	3	100.1	3.61	0.051	1.0	-0.22	2.74	1.00	0.00	0.16	111115
155	"06:31:47"	20180723	204	0	9.7	0.121	246	1.44	1.22	17.13	6	1.42	1	2.84	18.66	17.13	20.09	399.56	384.16	5.239	7.386	24.29	34.25	399.5	1699	3	100.1	3.61	0.051	0.7	-0.22	2.74	1.00	0.00	0.16	111115
156	"06:31:48"	20180723	204	0	9.73	0.121	245	1.44	1.22	17.14	6	1.42	1	2.84	18.67	17.14	20.09	399.56	384.12	5.239	7.386	24.29	34.24	399.5	1699	3	100.1	3.61	0.051	0.7	-0.22	2.74	1.00	0.00	0.16	111115
157	"06:31:58"	20180723	204	0	10.1	0.121	240	1.45	1.24	17.28	6	1.42	1	2.84	18.73	17.28	20.09	400.19	384.22	5.246	7.409	24.23	34.22	399.5	1699	3	100.1	3.61	0.051	1.0	-0.22	2.74	1.00	0.00	0.16	111115
158	"06:31:58"	20180723	204	0	10.1	0.121	240	1.45	1.24	17.28	6	1.42	1	2.84	18.73	17.28	20.09	400.19	384.22	5.246	7.409	24.23	34.22	399.5	1699	3	100.1	3.61	0.051	1.0	-0.22	2.74	1.00	0.00	0.16	111115
159	"06:31:59"	20180723	204	0	10	0.121	240	1.45	1.24	17.28	6	1.42	1	2.84	18.73	17.28	20.09	400.16	384.24	5.246	7.412	24.22	34.22	399.5	1699	3	100.1	3.61	0.051	1.0	-0.22	2.74	1.00	0.00	0.16	111115
160	"06:31:59"	20180723	204	0	10.1	0.121	240	1.45	1.24	17.29	6	1.42	1	2.84	18.73	17.29	20.09	400.17	384.23	5.246	7.414	24.22	34.23	399.5	1700	3	100.1	3.61	0.051	1.0	-0.22	2.74	1.00	0.00	0.16	111115
161	"06:32:00"	20180723	204	0	10.1	0.121	240	1.46	1.24	17.29	6	1.42	1	2.84	18.74	17.29	20.09	400.16	384.21	5.247	7.417	24.22	34.23	399.5	1700	3	100.1	3.61	0.051	1.0	-0.22	2.74	1.00	0.00	0.16	111115
162	"06:32:00"	20180723	204	0	10.1	0.121	240	1.46	1.24	17.30	6	1.42	1	2.84	18.74	17.30	20.09	400.14	384.19	5.248	7.420	24.22	34.24	399.5	1700	3	100.1	3.61	0.051	1.0	-0.22	2.74	1.00	0.00	0.16	111115
163	"06:32:01"	20180723	204	0	10.1	0.121	240	1.46	1.24	17.30	6	1.42	1	2.84	18.74	17.30	20.09	400.14	384.18	5.248	7.420	24.21	34.23	399.5	1700	3	100.1	3.61	0.051	1.0	-0.22	2.74	1.00	0.00	0.16	111115
164	"06:32:02"	20180723	204	0	10.1	0.121	240	1.46	1.24	17.31	6	1.42	1	2.84	18.75	17.31	20.09	400.14	384.17	5.249	7.422	24.21	34.24	399.5	1700	3	100.1	3.61	0.051	1.0	-0.22	2.74	1.00	0.00	0.16	111115
165	"06:32:02"	20180723	204	0	10.1	0.121	240	1.46	1.24	17.31	6	1.42	1	2.84	18.75	17.31	20.09	400.15	384.16	5.248	7.425	24.20	34.24	399.5	1700	3	100.1	3.61	0.051	1.0	-0.22	2.74	1.00	0.00	0.16	111115
166	"06:32:03"	20180723	204	0	10.1	0.121	240	1.46	1.24	17.31	6	1.42	1	2.84	18.75	17.31	20.09	400.16	384.15	5.249	7.426	24.20	34.24	399.5	1700	3	100.1	3.61	0.051	1.0	-0.22	2.74	1.00	0.00	0.16	111115
167	"06:32:03"	20180723	204	0	10.1	0.121	240	1.46	1.24	17.32	6	1.42	1	2.84	18.75	17.32	20.09	400.17	384.18	5.249	7.428	24.20	34.25	399.5	1700	3	100.1	3.61	0.051	1.0	-0.22	2.74	1.00	0.00	0.16	111115
168	"06:32:04"	20180723	204	0	10.1	0.121	240	1.46	1.24	17.32	6	1.42	1	2.84	18.76	17.32	20.09	400.14	384.19	5.249	7.429	24.20	34.25	399.5	1700	3	100.1	3.61	0.051	1.0	-0.22	2.74	1.00	0.00	0.16	111115
169	"06:32:04"	20180723	204	0	10.1	0.121	240	1.46	1.24	17.33	6	1.42	1	2.84	18.76	17.33	20.09	400.14	384.19	5.249	7.428	24.19	34.24	399.5	1700	3	100.1	3.61	0.051	1.0	-0.22	2.74	1.00	0.00	0.16	111115
170	"06:32:05"	20180723	204	0	10	0.121	241	1.46	1.24	17.34	6	1.42	1	2.84	18.76	17.34	20.09	400.14	384.22	5.249	7.429	24.19	34.24	399.5	1700	3	100.1	3.61	0.051	1.0	-0.22	2.74	1.00	0.00	0.16	111115
171	"06:32:06"	20180723	204	0	10	0.121	241	1.46	1.24	17.35	6	1.42	1	2.84	18.77	17.35	20.09	400.15	384.22	5.249	7.433	24.18	34.24	399.5	1700	3	100.1	3.61	0.051	1.0	-0.22	2.74	1.00	0.00	0.16	111115
172	"06:32:06"	20180723	204	0	10.1	0.121	240	1.47	1.24	17.36	6	1.42	1	2.84	18.77	17.36	20.09	400.17	384.21	5.250	7.434	24.18	34.25	399.5	1700	3	100.1	3.61	0.051	1.0	-0.22	2.74	1.00	0.00	0.16	111115
"06:32:21 Coolers: Tblock -> 25.00 C"
173	"06:35:35"	20180723	204	0	11.6	0.115	208	1.67	1.48	20.80	6	1.42	1	2.84	23.24	20.80	25.06	400.38	382.00	7.350	9.831	25.73	34.41	399.5	1699	3	100.1	3.61	0.051	1.0	-0.22	2.74	1.00	0.00	0.16	111115
174	"06:35:35"	20180723	204	0	11.6	0.115	209	1.67	1.48	20.81	6	1.42	1	2.84	23.24	20.81	25.06	400.42	382.09	7.348	9.828	25.71	34.40	399.5	1699	3	100.1	3.61	0.051	0.7	-0.22	2.74	1.00	0.00	0.16	111115
175	"06:35:36"	20180723	204	0	11.5	0.115	210	1.67	1.48	20.81	6	1.42	1	2.84	23.24	20.81	25.06	400.45	382.20	7.345	9.827	25.70	34.39	399.5	1699	3	100.1	3.61	0.051	0.7	-0.22	2.74	1.00	0.00	0.16	111115
176	"06:35:58"	20180723	204	0	10.6	0.113	220	1.67	1.51	21.00	6	1.42	1	2.84	23.32	21.00	25.06	399.92	382.97	7.341	9.829	25.58	34.24	399.5	1699	4	100.1	3.61	0.051	1.0	-0.22	2.74	1.00	0.00	0.16	111115
177	"06:35:58"	20180723	204	0	10.6	0.113	220	1.67	1.51	21.00	6	1.42	1	2.84	23.32	21.00	25.06	399.91	382.98	7.342	9.829	25.57	34.24	399.4	1699	4	100.1	3.61	0.051	1.0	-0.22	2.74	1.00	0.00	0.16	111115
178	"06:35:59"	20180723	204	0	10.7	0.113	219	1.67	1.51	21.00	6	1.42	1	2.84	23.32	21.00	25.05	399.95	382.96	7.342	9.828	25.57	34.23	399.5	1699	4	100.1	3.61	0.051	1.0	-0.22	2.74	1.00	0.00	0.16	111115
179	"06:35:59"	20180723	204	0	10.7	0.113	219	1.67	1.51	21.00	6	1.42	1	2.84	23.32	21.00	25.05	399.99	382.94	7.341	9.829	25.57	34.23	399.5	1699	4	100.1	3.61	0.051	1.0	-0.22	2.74	1.00	0.00	0.16	111115
180	"06:36:00"	20180723	204	0	10.7	0.113	219	1.67	1.51	21.00	6	1.42	1	2.84	23.32	21.00	25.05	399.99	382.94	7.341	9.829	25.57	34.23	399.5	1699	4	100.1	3.61	0.051	1.0	-0.22	2.74	1.00	0.00	0.16	111115
181	"06:36:00"	20180723	204	0	10.8	0.113	218	1.67	1.51	21.01	6	1.42	1	2.84	23.32	21.01	25.06	400.09	382.94	7.342	9.828	25.57	34.23	399.5	1699	4	100.1	3.61	0.051	1.0	-0.22	2.74	1.00	0.00	0.16	111115
182	"06:36:01"	20180723	204	0	10.8	0.113	217	1.67	1.51	21.01	6	1.42	1	2.84	23.32	21.01	25.05	400.19	382.97	7.343	9.830	25.57	34.23	399.5	1699	4	100.1	3.61	0.051	1.0	-0.22	2.74	1.00	0.00	0.16	111115
183	"06:36:01"	20180723	204	0	10.9	0.113	216	1.67	1.51	21.01	6	1.42	1	2.84	23.32	21.01	25.05	400.27	382.95	7.343	9.830	25.57	34.23	399.5	1699	3	100.1	3.61	0.051	1.0	-0.22	2.74	1.00	0.00	0.16	111115
184	"06:36:02"	20180723	204	0	10.9	0.113	216	1.67	1.51	21.01	6	1.42	1	2.84	23.33	21.01	25.05	400.35	382.95	7.344	9.833	25.57	34.23	399.5	1699	3	100.1	3.61	0.051	0.7	-0.22	2.74	1.00	0.00	0.16	111115
185	"06:36:02"	20180723	204	0	11	0.113	215	1.67	1.51	21.02	6	1.42	1	2.84	23.33	21.02	25.06	400.43	382.96	7.347	9.835	25.58	34.24	399.5	1699	3	100.1	3.61	0.051	0.7	-0.22	2.74	1.00	0.00	0.16	111115
186	"06:36:05"	20180723	204	0	10.7	0.112	217	1.66	1.52	21.06	6	1.42	1	2.84	23.34	21.06	25.06	400.15	383.14	7.373	9.843	25.65	34.24	399.4	1699	3	100.1	3.61	0.051	1.0	-0.22	2.74	1.00	0.00	0.16	111115
187	"06:36:06"	20180723	204	0	10.6	0.112	218	1.66	1.52	21.06	6	1.42	1	2.84	23.34	21.06	25.06	400.05	383.15	7.376	9.843	25.66	34.24	399.4	1699	3	100.1	3.61	0.051	1.0	-0.22	2.74	1.00	0.00	0.16	111115
188	"06:36:06"	20180723	204	0	10.6	0.112	218	1.66	1.52	21.06	6	1.42	1	2.84	23.34	21.06	25.06	400.05	383.15	7.376	9.843	25.66	34.24	399.4	1699	3	100.1	3.61	0.051	1.0	-0.22	2.74	1.00	0.00	0.16	111115
189	"06:36:07"	20180723	204	0	10.6	0.111	218	1.66	1.52	21.07	6	1.42	1	2.84	23.34	21.07	25.06	400.00	383.13	7.380	9.844	25.67	34.24	399.4	1699	3	100.1	3.61	0.051	1.0	-0.22	2.74	1.00	0.00	0.16	111115
190	"06:36:07"	20180723	204	0	10.6	0.111	219	1.66	1.52	21.07	6	1.42	1	2.84	23.34	21.07	25.06	399.95	383.14	7.384	9.846	25.68	34.25	399.4	1699	3	100.1	3.61	0.051	1.0	-0.22	2.74	1.00	0.00	0.16	111115
191	"06:36:08"	20180723	204	0	10.5	0.111	220	1.65	1.52	21.08	6	1.42	1	2.84	23.34	21.08	25.06	399.85	383.13	7.388	9.848	25.69	34.25	399.4	1699	3	100.1	3.61	0.051	1.0	-0.22	2.74	1.00	0.00	0.16	111115
192	"06:36:09"	20180723	204	0	10.5	0.111	220	1.65	1.52	21.08	6	1.42	1	2.84	23.35	21.08	25.06	399.76	383.10	7.391	9.851	25.70	34.26	399.4	1699	3	100.1	3.61	0.051	1.0	-0.22	2.74	1.00	0.00	0.16	111115
193	"06:36:09"	20180723	204	0	10.4	0.111	221	1.65	1.52	21.09	6	1.42	1	2.84	23.35	21.09	25.06	399.66	383.07	7.394	9.854	25.71	34.27	399.4	1699	3	100.1	3.61	0.051	1.0	-0.22	2.74	1.00	0.00	0.16	111115
194	"06:36:10"	20180723	204	0	10.4	0.111	221	1.65	1.52	21.09	6	1.42	1	2.84	23.35	21.09	25.06	399.60	383.04	7.396	9.857	25.71	34.27	399.4	1699	3	100.1	3.61	0.051	1.0	-0.22	2.74	1.00	0.00	0.16	111115
195	"06:36:10"	20180723	204	0	10.4	0.111	221	1.65	1.52	21.09	6	1.42	1	2.84	23.35	21.09	25.05	399.55	382.98	7.397	9.857	25.72	34.27	399.5	1699	3	100.1	3.61	0.051	1.0	-0.22	2.74	1.00	0.00	0.16	111115
196	"06:36:11"	20180723	204	0	10.4	0.111	221	1.66	1.52	21.09	6	1.42	1	2.84	23.35	21.09	25.05	399.49	382.94	7.398	9.860	25.72	34.28	399.5	1699	3	100.1	3.61	0.051	1.0	-0.22	2.74	1.00	0.00	0.16	111115
197	"06:36:11"	20180723	204	0	10.4	0.111	220	1.66	1.52	21.10	6	1.42	1	2.84	23.35	21.10	25.05	399.51	382.86	7.400	9.863	25.72	34.28	399.5	1699	3	100.1	3.61	0.051	1.0	-0.22	2.74	1.00	0.00	0.16	111115
198	"06:36:12"	20180723	204	0	10.5	0.111	219	1.66	1.52	21.11	6	1.42	1	2.84	23.36	21.11	25.05	399.53	382.80	7.399	9.865	25.72	34.29	399.5	1699	3	100.1	3.61	0.051	1.0	-0.22	2.74	1.00	0.00	0.16	111115
199	"06:36:12"	20180723	204	0	10.5	0.111	219	1.66	1.53	21.11	6	1.42	1	2.84	23.36	21.11	25.05	399.55	382.78	7.398	9.867	25.71	34.29	399.5	1699	3	100.1	3.61	0.051	1.0	-0.22	2.74	1.00	0.00	0.16	111115
200	"06:36:13"	20180723	204	0	10.6	0.111	219	1.66	1.53	21.12	6	1.42	1	2.84	23.36	21.12	25.05	399.59	382.77	7.398	9.870	25.71	34.30	399.5	1699	3	100.1	3.61	0.051	1.0	-0.22	2.74	1.00	0.00	0.16	111115
201	"06:36:14"	20180723	204	0	10.6	0.111	218	1.66	1.53	21.12	6	1.42	1	2.84	23.36	21.12	25.05	399.61	382.75	7.398	9.872	25.70	34.30	399.5	1699	3	100.1	3.61	0.051	1.0	-0.22	2.74	1.00	0.00	0.16	111115
"06:38:07 Coolers: Tblock -> 30.00 C"
202	"06:39:33"	20180723	204	0	11.4	0.107	198	1.79	1.7	23.22	6	1.42	1	2.84	27.21	23.22	30.09	400.09	381.87	8.939	11.598	24.70	32.04	399.5	1698	4	100.1	3.61	0.051	1.0	-0.22	2.74	1.00	0.00	0.16	111115
203	"06:39:34"	20180723	204	0	11.4	0.108	199	1.79	1.7	23.23	6	1.42	1	2.84	27.22	23.23	30.09	400.09	381.92	8.940	11.601	24.69	32.04	399.5	1699	4	100.1	3.61	0.051	0.7	-0.22	2.74	1.00	0.00	0.16	111115
204	"06:39:54"	20180723	204	0	11.1	0.107	203	1.84	1.74	23.55	6	1.42	1	2.84	27.40	23.55	30.07	400.12	382.35	8.968	11.700	24.50	31.97	399.5	1700	5	100.1	3.61	0.051	1.0	-0.22	2.74	1.00	0.00	0.16	111115
205	"06:39:55"	20180723	204	0	11.1	0.107	203	1.84	1.74	23.55	6	1.42	1	2.84	27.40	23.55	30.07	400.09	382.37	8.968	11.701	24.50	31.97	399.5	1700	4	100.1	3.61	0.051	1.0	-0.22	2.74	1.00	0.00	0.16	111115
206	"06:39:55"	20180723	204	0	11.1	0.107	203	1.84	1.74	23.55	6	1.42	1	2.84	27.40	23.55	30.07	400.09	382.37	8.968	11.701	24.50	31.97	399.5	1700	4	100.1	3.61	0.051	1.0	-0.22	2.74	1.00	0.00	0.16	111115
207	"06:39:56"	20180723	204	0	11.1	0.107	203	1.84	1.74	23.56	6	1.42	1	2.84	27.41	23.56	30.07	400.09	382.35	8.969	11.703	24.50	31.97	399.5	1700	4	100.1	3.61	0.051	1.0	-0.22	2.74	1.00	0.00	0.16	111115
208	"06:39:56"	20180723	204	0	11.1	0.107	204	1.84	1.75	23.56	6	1.42	1	2.84	27.41	23.56	30.07	400.07	382.40	8.970	11.702	24.49	31.96	399.5	1700	4	100.1	3.61	0.051	1.0	-0.22	2.74	1.00	0.00	0.16	111115
209	"06:39:57"	20180723	204	0	11.1	0.107	204	1.84	1.75	23.57	6	1.42	1	2.84	27.41	23.57	30.07	400.06	382.39	8.970	11.707	24.49	31.96	399.5	1700	4	100.1	3.61	0.051	1.0	-0.22	2.74	1.00	0.00	0.16	111115
210	"06:39:57"	20180723	204	0	11	0.108	204	1.85	1.75	23.57	6	1.42	1	2.84	27.42	23.57	30.07	400.03	382.39	8.971	11.710	24.49	31.96	399.5	1700	4	100.1	3.61	0.051	1.0	-0.22	2.74	1.00	0.00	0.16	111115
211	"06:39:58"	20180723	204	0	11	0.108	205	1.85	1.75	23.58	6	1.42	1	2.84	27.42	23.58	30.07	400.02	382.38	8.971	11.711	24.48	31.96	399.5	1699	4	100.1	3.61	0.051	1.0	-0.22	2.74	1.00	0.00	0.16	111115
212	"06:39:58"	20180723	204	0	11	0.107	205	1.85	1.75	23.59	6	1.42	1	2.84	27.42	23.59	30.07	400.01	382.41	8.971	11.712	24.48	31.96	399.5	1699	4	100.1	3.61	0.051	1.0	-0.22	2.74	1.00	0.00	0.16	111115
213	"06:39:59"	20180723	204	0	11	0.107	204	1.85	1.75	23.60	6	1.42	1	2.84	27.43	23.60	30.06	400.01	382.39	8.971	11.714	24.48	31.96	399.5	1699	4	100.1	3.61	0.051	1.0	-0.22	2.74	1.00	0.00	0.16	111115
214	"06:39:59"	20180723	204	0	11	0.107	204	1.85	1.75	23.61	6	1.42	1	2.84	27.43	23.61	30.06	400.01	382.38	8.971	11.713	24.47	31.95	399.5	1699	4	100.1	3.61	0.051	1.0	-0.22	2.74	1.00	0.00	0.16	111115
215	"06:40:00"	20180723	204	0	11	0.107	205	1.85	1.75	23.61	6	1.42	1	2.84	27.43	23.61	30.06	400.01	382.41	8.971	11.715	24.47	31.95	399.5	1699	4	100.1	3.61	0.051	1.0	-0.22	2.74	1.00	0.00	0.16	111115
216	"06:40:01"	20180723	204	0	11.1	0.107	204	1.85	1.75	23.62	6	1.42	1	2.84	27.44	23.62	30.05	400.03	382.37	8.972	11.718	24.46	31.95	399.5	1699	4	100.1	3.61	0.051	1.0	-0.22	2.74	1.00	0.00	0.16	111115
217	"06:40:01"	20180723	204	0	11.1	0.107	203	1.85	1.76	23.63	6	1.42	1	2.84	27.44	23.63	30.05	400.05	382.35	8.972	11.717	24.46	31.94	399.5	1699	4	100.1	3.61	0.051	1.0	-0.22	2.74	1.00	0.00	0.16	111115
218	"06:40:02"	20180723	204	0	11.1	0.107	203	1.85	1.76	23.63	6	1.42	1	2.84	27.44	23.63	30.04	400.09	382.35	8.973	11.718	24.46	31.94	399.5	1700	4	100.1	3.61	0.051	1.0	-0.22	2.74	1.00	0.00	0.16	111115
"06:40:17 Coolers: Tblock -> 35.00 C"
219	"06:42:37"	20180723	204	0	11.5	0.107	194	2.18	2.07	25.63	6	1.42	1	2.84	31.13	25.63	35.09	400.12	381.62	9.022	12.260	19.88	27.01	399.5	1699	4	100.1	3.61	0.051	1.0	-0.22	2.74	1.00	0.00	0.16	111115
220	"06:42:38"	20180723	204	0	11.5	0.107	195	2.18	2.08	25.65	6	1.42	1	2.84	31.15	25.65	35.11	400.12	381.66	9.023	12.263	19.86	26.99	399.5	1699	4	100.1	3.61	0.051	1.0	-0.22	2.74	1.00	0.00	0.16	111115
221	"06:42:38"	20180723	204	0	11.5	0.107	195	2.19	2.08	25.66	6	1.42	1	2.84	31.16	25.66	35.13	400.12	381.67	9.023	12.268	19.84	26.97	399.5	1699	4	100.1	3.61	0.051	1.0	-0.22	2.74	1.00	0.00	0.16	111115
222	"06:42:39"	20180723	204	0	11.4	0.107	195	2.19	2.08	25.68	6	1.42	1	2.84	31.20	25.68	35.16	400.10	381.67	9.023	12.275	19.80	26.93	399.5	1699	3	100.1	3.61	0.051	1.0	-0.22	2.74	1.00	0.00	0.16	111115
223	"06:42:39"	20180723	204	0	11.4	0.107	195	2.19	2.08	25.68	6	1.42	1	2.84	31.20	25.68	35.16	400.10	381.67	9.023	12.275	19.80	26.93	399.5	1699	3	100.1	3.61	0.051	1.0	-0.22	2.74	1.00	0.00	0.16	111115
224	"06:42:40"	20180723	204	0	11.5	0.107	194	2.19	2.09	25.70	6	1.42	1	2.84	31.21	25.70	35.17	400.11	381.64	9.024	12.275	19.78	26.91	399.5	1699	3	100.1	3.61	0.051	1.0	-0.22	2.74	1.00	0.00	0.16	111115
225	"06:42:41"	20180723	204	0	11.4	0.107	195	2.19	2.09	25.71	6	1.42	1	2.84	31.23	25.71	35.18	400.11	381.66	9.023	12.279	19.76	26.89	399.5	1699	3	100.1	3.61	0.051	1.0	-0.22	2.74	1.00	0.00	0.16	111115
226	"06:42:41"	20180723	204	0	11.5	0.107	194	2.2	2.09	25.73	6	1.42	1	2.84	31.25	25.73	35.20	400.11	381.63	9.022	12.282	19.74	26.87	399.5	1699	3	100.1	3.61	0.051	1.0	-0.22	2.74	1.00	0.00	0.16	111115
227	"06:42:42"	20180723	204	0	11.4	0.107	194	2.2	2.09	25.75	6	1.42	1	2.84	31.27	25.75	35.21	400.12	381.67	9.023	12.285	19.72	26.85	399.5	1699	3	100.1	3.61	0.051	1.0	-0.22	2.74	1.00	0.00	0.16	111115
228	"06:42:42"	20180723	204	0	11.5	0.106	194	2.2	2.1	25.77	6	1.42	1	2.84	31.28	25.77	35.22	400.12	381.66	9.023	12.286	19.70	26.83	399.5	1699	3	100.1	3.61	0.051	1.0	-0.22	2.74	1.00	0.00	0.16	111115
229	"06:42:43"	20180723	204	0	11.4	0.106	194	2.2	2.1	25.78	6	1.42	1	2.84	31.30	25.78	35.23	400.11	381.66	9.024	12.285	19.69	26.80	399.5	1699	3	100.1	3.61	0.051	1.0	-0.22	2.74	1.00	0.00	0.16	111115
230	"06:42:43"	20180723	204	0	11.4	0.106	194	2.2	2.11	25.81	6	1.42	1	2.84	31.31	25.81	35.24	400.12	381.67	9.023	12.288	19.67	26.79	399.5	1699	3	100.1	3.61	0.051	1.0	-0.22	2.74	1.00	0.00	0.16	111115
231	"06:42:44"	20180723	204	0	11.4	0.106	194	2.2	2.11	25.83	6	1.42	1	2.84	31.33	25.83	35.24	400.08	381.67	9.024	12.286	19.65	26.76	399.5	1699	3	100.1	3.61	0.051	1.0	-0.22	2.74	1.00	0.00	0.16	111115
232	"06:42:44"	20180723	204	0	11.4	0.106	194	2.2	2.11	25.85	6	1.42	1	2.84	31.34	25.85	35.25	400.06	381.69	9.025	12.288	19.64	26.74	399.5	1699	3	100.1	3.61	0.051	1.0	-0.22	2.74	1.00	0.00	0.16	111115
233	"06:42:45"	20180723	204	0	11.4	0.105	193	2.2	2.12	25.88	6	1.42	1	2.84	31.36	25.88	35.25	400.04	381.66	9.026	12.289	19.63	26.72	399.5	1699	3	100.1	3.61	0.051	1.0	-0.22	2.74	1.00	0.00	0.16	111115
"06:43:09 Coolers: Tblock -> 40.00 C"
234	"06:46:00"	20180723	204	0	11.6	0.0962	171	2.54	2.66	28.67	6	1.42	1	2.84	35.63	28.67	40.14	400.26	381.35	9.063	12.832	15.51	21.96	399.5	1700	4	100.1	3.61	0.051	1.0	-0.22	2.74	1.00	0.00	0.16	111115
235	"06:46:01"	20180723	204	0	11.6	0.0962	170	2.54	2.67	28.69	6	1.42	1	2.84	35.65	28.69	40.16	400.25	381.35	9.063	12.835	15.50	21.95	399.5	1700	4	100.1	3.61	0.051	1.0	-0.22	2.74	1.00	0.00	0.16	111115
236	"06:46:01"	20180723	204	0	11.6	0.096	171	2.54	2.67	28.71	6	1.42	1	2.84	35.67	28.71	40.17	400.23	381.37	9.064	12.834	15.48	21.92	399.5	1700	4	100.1	3.61	0.051	1.0	-0.22	2.74	1.00	0.00	0.16	111115
237	"06:46:02"	20180723	204	0	11.5	0.0957	171	2.54	2.68	28.74	6	1.42	1	2.84	35.69	28.74	40.18	400.20	381.40	9.064	12.834	15.47	21.90	399.5	1700	4	100.1	3.61	0.051	1.0	-0.22	2.74	1.00	0.00	0.16	111115
238	"06:46:02"	20180723	204	0	11.5	0.0957	171	2.54	2.68	28.75	6	1.42	1	2.84	35.70	28.75	40.20	400.18	381.41	9.065	12.837	15.45	21.88	399.5	1700	4	100.1	3.61	0.051	1.0	-0.22	2.74	1.00	0.00	0.16	111115
239	"06:46:02"	20180723	204	0	11.5	0.0957	171	2.54	2.68	28.75	6	1.42	1	2.84	35.70	28.75	40.20	400.18	381.41	9.065	12.837	15.45	21.88	399.5	1700	4	100.1	3.61	0.051	1.0	-0.22	2.74	1.00	0.00	0.16	111115
240	"06:46:03"	20180723	204	0	11.6	0.0955	170	2.54	2.68	28.77	6	1.42	1	2.84	35.72	28.77	40.21	400.20	381.40	9.065	12.836	15.44	21.86	399.5	1700	4	100.1	3.61	0.051	1.0	-0.22	2.74	1.00	0.00	0.16	111115
241	"06:46:04"	20180723	204	0	11.6	0.0953	170	2.54	2.69	28.80	6	1.42	1	2.84	35.74	28.80	40.22	400.20	381.38	9.065	12.837	15.42	21.84	399.5	1700	4	100.1	3.61	0.051	1.0	-0.22	2.74	1.00	0.00	0.16	111115
242	"06:46:04"	20180723	204	0	11.5	0.0952	170	2.55	2.69	28.82	6	1.42	1	2.84	35.76	28.82	40.22	400.20	381.41	9.065	12.840	15.41	21.83	399.5	1700	3	100.1	3.61	0.051	1.0	-0.22	2.74	1.00	0.00	0.16	111115
243	"06:46:05"	20180723	204	0	11.5	0.0952	170	2.55	2.7	28.83	6	1.42	1	2.84	35.77	28.83	40.23	400.19	381.47	9.065	12.842	15.40	21.81	399.5	1700	3	100.1	3.61	0.051	1.0	-0.22	2.74	1.00	0.00	0.16	111115
244	"06:46:05"	20180723	204	0	11.5	0.095	170	2.55	2.7	28.85	6	1.42	1	2.84	35.79	28.85	40.23	400.21	381.45	9.065	12.843	15.38	21.79	399.5	1700	3	100.1	3.61	0.051	1.0	-0.22	2.74	1.00	0.00	0.16	111115
245	"06:46:06"	20180723	204	0	11.6	0.0949	169	2.55	2.71	28.88	6	1.42	1	2.84	35.82	28.88	40.23	400.24	381.43	9.067	12.850	15.36	21.77	399.5	1700	3	100.1	3.61	0.051	1.0	-0.22	2.74	1.00	0.00	0.16	111115
246	"06:46:06"	20180723	204	0	11.6	0.0949	169	2.55	2.71	28.90	6	1.42	1	2.84	35.83	28.90	40.23	400.25	381.42	9.066	12.853	15.34	21.76	399.5	1700	3	100.1	3.61	0.051	1.0	-0.22	2.74	1.00	0.00	0.16	111115
247	"06:46:07"	20180723	204	0	11.5	0.0948	169	2.56	2.72	28.92	6	1.42	1	2.84	35.85	28.92	40.23	400.24	381.47	9.066	12.856	15.33	21.75	399.5	1700	3	100.1	3.61	0.051	1.0	-0.22	2.74	1.00	0.00	0.16	111115
248	"06:46:07"	20180723	204	0	11.5	0.0948	170	2.56	2.72	28.93	6	1.42	1	2.84	35.86	28.93	40.22	400.23	381.49	9.066	12.860	15.32	21.74	399.5	1700	3	100.1	3.61	0.051	1.0	-0.22	2.74	1.00	0.00	0.16	111115
249	"06:46:08"	20180723	204	0	11.5	0.0947	169	2.56	2.72	28.94	6	1.42	1	2.84	35.87	28.94	40.21	400.24	381.48	9.066	12.860	15.31	21.72	399.5	1700	3	100.1	3.61	0.051	1.0	-0.22	2.74	1.00	0.00	0.16	111115
"06:46:35 Coolers: Tblock -> 45.00 C"
250	"06:50:48"	20180723	204	0	10.8	0.0714	120	2.7	3.75	33.06	6	1.42	1	2.84	40.74	33.06	45.06	400.34	382.58	9.152	13.150	11.88	17.07	399.4	1700	3	100.1	3.61	0.051	1.0	-0.22	2.74	1.00	0.00	0.16	111115
251	"06:50:48"	20180723	204	0	10.8	0.0714	120	2.7	3.75	33.06	6	1.42	1	2.84	40.75	33.06	45.06	400.35	382.61	9.152	13.152	11.87	17.06	399.4	1699	3	100.1	3.61	0.051	1.0	-0.22	2.74	1.00	0.00	0.16	111115
252	"06:50:49"	20180723	204	0	10.8	0.0714	121	2.7	3.75	33.06	6	1.42	1	2.84	40.76	33.06	45.07	400.32	382.61	9.153	13.151	11.87	17.05	399.4	1699	3	100.1	3.61	0.051	1.0	-0.22	2.74	1.00	0.00	0.16	111115
253	"06:50:49"	20180723	204	0	10.8	0.0714	120	2.7	3.75	33.07	6	1.42	1	2.84	40.77	33.07	45.08	400.33	382.60	9.153	13.150	11.86	17.04	399.4	1699	3	100.1	3.61	0.051	1.0	-0.22	2.74	1.00	0.00	0.16	111115
254	"06:50:50"	20180723	204	0	10.8	0.0713	120	2.7	3.76	33.07	6	1.42	1	2.84	40.78	33.07	45.09	400.34	382.59	9.153	13.151	11.86	17.04	399.4	1699	3	100.1	3.61	0.051	1.0	-0.22	2.74	1.00	0.00	0.16	111115
255	"06:50:50"	20180723	204	0	10.8	0.0713	120	2.7	3.76	33.07	6	1.42	1	2.84	40.78	33.07	45.09	400.34	382.59	9.153	13.151	11.86	17.04	399.4	1699	3	100.1	3.61	0.051	1.0	-0.22	2.74	1.00	0.00	0.16	111115
256	"06:50:51"	20180723	204	0	10.8	0.0714	121	2.7	3.76	33.07	6	1.42	1	2.84	40.79	33.07	45.10	400.33	382.61	9.153	13.154	11.85	17.03	399.4	1699	3	100.1	3.61	0.051	1.0	-0.22	2.74	1.00	0.00	0.16	111115
257	"06:50:52"	20180723	204	0	10.7	0.0714	121	2.7	3.76	33.08	6	1.42	1	2.84	40.80	33.08	45.11	400.32	382.62	9.153	13.155	11.84	17.02	399.4	1699	3	100.1	3.61	0.051	1.0	-0.22	2.74	1.00	0.00	0.16	111115
258	"06:50:52"	20180723	204	0	10.7	0.0712	121	2.7	3.76	33.10	6	1.42	1	2.84	40.81	33.10	45.12	400.32	382.65	9.153	13.154	11.84	17.01	399.4	1699	3	100.1	3.61	0.051	1.0	-0.22	2.74	1.00	0.00	0.16	111115
259	"06:50:53"	20180723	204	0	10.7	0.0711	121	2.7	3.77	33.12	6	1.42	1	2.84	40.82	33.12	45.13	400.29	382.64	9.153	13.152	11.83	17.00	399.4	1699	3	100.1	3.61	0.051	1.0	-0.22	2.74	1.00	0.00	0.16	111115
260	"06:50:53"	20180723	204	0	10.7	0.071	121	2.7	3.77	33.13	6	1.42	1	2.84	40.83	33.13	45.14	400.23	382.64	9.153	13.152	11.83	16.99	399.4	1699	3	100.1	3.61	0.051	1.0	-0.22	2.74	1.00	0.00	0.16	111115
261	"06:50:54"	20180723	204	0	10.7	0.071	121	2.7	3.78	33.15	6	1.42	1	2.84	40.84	33.15	45.14	400.20	382.63	9.153	13.154	11.82	16.99	399.4	1699	4	100.1	3.61	0.051	1.0	-0.22	2.74	1.00	0.00	0.16	111115
262	"06:50:54"	20180723	204	0	10.6	0.0708	123	2.7	3.79	33.18	6	1.42	1	2.84	40.86	33.18	45.15	400.06	382.65	9.154	13.156	11.81	16.97	399.5	1699	4	100.1	3.61	0.051	1.0	-0.22	2.74	1.00	0.00	0.16	111115
263	"06:50:55"	20180723	204	0	10.5	0.0708	123	2.7	3.79	33.19	6	1.42	1	2.84	40.86	33.19	45.16	400.01	382.63	9.154	13.157	11.80	16.97	399.5	1699	4	100.1	3.61	0.051	1.0	-0.22	2.74	1.00	0.00	0.16	111115
264	"06:50:55"	20180723	204	0	10.5	0.0707	123	2.7	3.79	33.21	6	1.42	1	2.84	40.87	33.21	45.16	399.98	382.61	9.154	13.159	11.80	16.96	399.5	1699	4	100.1	3.61	0.051	1.0	-0.22	2.74	1.00	0.00	0.16	111115
"06:51:06 Coolers: Tblock -> 50.00 C"
"06:51:15 Lamp: ParIn ->  1700 uml"
"06:51:15 CO2 Mixer: CO2R -> 400 uml"
"06:51:15 Coolers: Tblock -> 50.00 C"
"06:51:15 Flow: Fixed -> 400 umol/s"
"07:00:41 Coolers: Tblock -> 49.85 C"
"07:01:00 Flow: Fixed -> 400 umol/s"
265	"07:01:05"	20180723	204	0	9.83	0.0529	62.9	2.71	5.02	37.13	6	1.42	1	2.84	45.60	37.13	49.77	399.91	383.59	9.278	13.290	9.34	13.38	399.4	1699	3	100.1	3.61	0.051	1.0	-0.22	2.74	1.00	0.00	0.16	111115
266	"07:01:05"	20180723	204	0	9.83	0.0529	62.9	2.71	5.02	37.13	6	1.42	1	2.84	45.60	37.13	49.77	399.91	383.59	9.278	13.290	9.34	13.38	399.4	1699	3	100.1	3.61	0.051	1.0	-0.22	2.74	1.00	0.00	0.16	111115
267	"07:01:05"	20180723	204	0	9.83	0.0529	62.9	2.71	5.02	37.13	6	1.42	1	2.84	45.60	37.13	49.77	399.91	383.59	9.278	13.290	9.34	13.38	399.4	1699	3	100.1	3.61	0.051	1.0	-0.22	2.74	1.00	0.00	0.16	111115
268	"07:01:06"	20180723	204	0	9.85	0.0529	62.5	2.71	5.02	37.13	6	1.42	1	2.84	45.61	37.13	49.77	399.96	383.59	9.272	13.290	9.33	13.38	399.4	1699	3	100.1	3.61	0.051	1.0	-0.22	2.74	1.00	0.00	0.16	111115
269	"07:01:06"	20180723	204	0	9.86	0.0529	62.4	2.71	5.02	37.13	6	1.42	1	2.84	45.61	37.13	49.77	399.96	383.59	9.272	13.289	9.33	13.37	399.4	1699	3	100.1	3.61	0.051	1.0	-0.22	2.74	1.00	0.00	0.16	111115
270	"07:01:07"	20180723	204	0	9.8	0.0529	64.1	2.71	5.02	37.13	6	1.42	1	2.84	45.61	37.13	49.77	399.91	383.63	9.271	13.289	9.33	13.37	399.4	1699	3	100.1	3.61	0.051	1.0	-0.22	2.74	1.00	0.00	0.16	111115
271	"07:01:07"	20180723	204	0	9.8	0.0529	64.1	2.71	5.02	37.13	6	1.42	1	2.84	45.61	37.13	49.77	399.91	383.63	9.271	13.289	9.33	13.37	399.4	1699	3	100.1	3.61	0.051	1.0	-0.22	2.74	1.00	0.00	0.16	111115
272	"07:01:07"	20180723	204	0	9.77	0.0529	64.9	2.71	5.02	37.13	6	1.42	1	2.84	45.62	37.13	49.77	399.86	383.62	9.271	13.289	9.33	13.37	399.4	1699	3	100.1	3.61	0.051	1.0	-0.22	2.74	1.00	0.00	0.16	111115
273	"07:01:08"	20180723	204	0	9.75	0.0529	65.5	2.71	5.02	37.13	6	1.42	1	2.84	45.62	37.13	49.77	399.85	383.64	9.271	13.290	9.33	13.37	399.4	1699	3	100.1	3.61	0.051	1.0	-0.22	2.74	1.00	0.00	0.16	111115
274	"07:01:08"	20180723	204	0	9.75	0.0529	65.3	2.71	5.02	37.14	6	1.42	1	2.84	45.62	37.14	49.77	399.87	383.66	9.272	13.291	9.32	13.37	399.4	1699	3	100.1	3.61	0.051	1.0	-0.22	2.74	1.00	0.00	0.16	111115
275	"07:01:08"	20180723	204	0	9.75	0.0529	65.3	2.71	5.02	37.14	6	1.42	1	2.84	45.62	37.14	49.77	399.87	383.66	9.272	13.291	9.32	13.37	399.4	1699	3	100.1	3.61	0.051	1.0	-0.22	2.74	1.00	0.00	0.16	111115
276	"07:01:09"	20180723	204	0	9.78	0.0529	64.7	2.71	5.03	37.15	6	1.42	1	2.84	45.62	37.15	49.76	399.91	383.66	9.272	13.293	9.32	13.37	399.4	1699	3	100.1	3.61	0.051	1.0	-0.22	2.74	1.00	0.00	0.16	111115
277	"07:01:09"	20180723	204	0	9.8	0.0529	63.6	2.71	5.03	37.16	6	1.42	1	2.84	45.63	37.16	49.76	399.93	383.64	9.272	13.293	9.32	13.37	399.4	1699	3	100.1	3.61	0.051	1.0	-0.22	2.74	1.00	0.00	0.16	111115
278	"07:01:10"	20180723	204	0	9.82	0.0529	63.1	2.71	5.03	37.17	6	1.42	1	2.84	45.63	37.17	49.76	399.95	383.63	9.272	13.296	9.32	13.37	399.4	1699	3	100.1	3.61	0.051	1.0	-0.22	2.74	1.00	0.00	0.16	111115
279	"07:01:10"	20180723	204	0	9.83	0.0529	62.7	2.72	5.04	37.18	6	1.42	1	2.84	45.63	37.18	49.76	399.96	383.62	9.272	13.298	9.32	13.37	399.4	1699	3	100.1	3.61	0.051	1.0	-0.22	2.74	1.00	0.00	0.16	111115
280	"07:01:10"	20180723	204	0	9.83	0.0529	62.7	2.72	5.04	37.18	6	1.42	1	2.84	45.63	37.18	49.76	399.96	383.62	9.272	13.298	9.32	13.37	399.4	1699	3	100.1	3.61	0.051	1.0	-0.22	2.74	1.00	0.00	0.16	111115
281	"07:01:11"	20180723	204	0	9.86	0.0528	61.7	2.72	5.04	37.18	6	1.42	1	2.84	45.63	37.18	49.76	400.00	383.62	9.273	13.298	9.32	13.37	399.4	1699	3	100.1	3.61	0.051	1.0	-0.22	2.74	1.00	0.00	0.16	111115
282	"07:01:11"	20180723	204	0	9.89	0.0529	60.8	2.72	5.04	37.19	6	1.42	1	2.84	45.63	37.19	49.76	400.05	383.62	9.273	13.300	9.32	13.37	399.4	1699	3	100.1	3.61	0.051	1.0	-0.22	2.74	1.00	0.00	0.16	111115
283	"07:01:12"	20180723	204	0	9.91	0.0528	60.3	2.72	5.04	37.19	6	1.42	1	2.84	45.64	37.19	49.76	400.07	383.62	9.273	13.300	9.32	13.37	399.4	1699	4	100.1	3.61	0.051	1.0	-0.22	2.74	1.00	0.00	0.16	111115
284	"07:01:12"	20180723	204	0	9.91	0.0528	60.3	2.72	5.04	37.19	6	1.42	1	2.84	45.64	37.19	49.76	400.07	383.62	9.273	13.300	9.32	13.37	399.4	1699	4	100.1	3.61	0.051	1.0	-0.22	2.74	1.00	0.00	0.16	111115
285	"07:01:12"	20180723	204	0	9.93	0.0528	59.6	2.72	5.04	37.19	6	1.42	1	2.84	45.64	37.19	49.76	400.09	383.61	9.273	13.299	9.32	13.36	399.4	1699	4	100.1	3.61	0.051	1.0	-0.22	2.74	1.00	0.00	0.16	111115
286	"07:01:13"	20180723	204	0	9.93	0.0528	59.4	2.72	5.04	37.20	6	1.42	1	2.84	45.64	37.20	49.75	400.10	383.61	9.273	13.299	9.32	13.36	399.4	1699	4	100.1	3.61	0.051	1.0	-0.22	2.74	1.00	0.00	0.16	111115
287	"07:01:13"	20180723	204	0	9.92	0.0528	59.8	2.72	5.04	37.20	6	1.42	1	2.84	45.64	37.20	49.75	400.10	383.63	9.274	13.301	9.32	13.36	399.4	1699	4	100.1	3.61	0.051	1.0	-0.22	2.74	1.00	0.00	0.16	111115
288	"07:01:13"	20180723	204	0	9.9	0.0528	60.4	2.72	5.04	37.19	6	1.42	1	2.84	45.64	37.19	49.75	400.10	383.66	9.273	13.300	9.32	13.36	399.4	1699	4	100.1	3.61	0.051	1.0	-0.22	2.74	1.00	0.00	0.16	111115
289	"07:01:14"	20180723	204	0	9.9	0.0528	60.4	2.72	5.04	37.19	6	1.42	1	2.84	45.64	37.19	49.75	400.10	383.66	9.273	13.300	9.32	13.36	399.4	1699	4	100.1	3.61	0.051	1.0	-0.22	2.74	1.00	0.00	0.16	111115
290	"07:01:14"	20180723	204	0	9.94	0.0528	59.3	2.72	5.04	37.20	6	1.42	1	2.84	45.64	37.20	49.75	400.12	383.63	9.274	13.300	9.32	13.36	399.4	1699	4	100.1	3.61	0.051	1.0	-0.22	2.74	1.00	0.00	0.16	111115
